open_time,open,high,low,close,volume
1579075200000,0.01684,0.01847,0.0167,0.01762,300336826
1579089600000,0.01762,0.0182,0.01688,0.01693,243584647
1579104000000,0.01693,0.01765,0.01674,0.01755,265138686
1579118400000,0.01755,0.0178,0.01706,0.01734,283733684
1579132800000,0.01731,0.01745,0.0159,0.01639,262536833
1579147200000,0.01638,0.01686,0.01631,0.01648,236698573
1579161600000,0.01651,0.01679,0.01621,0.0167,254635279
1579176000000,0.0167,0.01687,0.01638,0.01672,261796783
1579190400000,0.01672,0.01712,0.01651,0.0169,308722562
1579204800000,0.0169,0.01749,0.01684,0.01731,275957934
1579219200000,0.01731,0.01779,0.01708,0.01749,279145497
1579233600000,0.01749,0.01791,0.01732,0.01756,256221655
1579248000000,0.01756,0.0179,0.01747,0.01768,181173967
1579262400000,0.01768,0.01772,0.0169,0.01742,189177216
1579276800000,0.01745,0.0182,0.0172,0.01764,305151468
1579291200000,0.01765,0.01804,0.01752,0.01761,183889330
1579305600000,0.01761,0.018,0.01752,0.01784,156257446
1579320000000,0.01784,0.01785,0.01722,0.01745,163285672
1579334400000,0.01747,0.01766,0.01733,0.01748,112979759
1579348800000,0.01749,0.01828,0.01746,0.0178,219866316
1579363200000,0.0178,0.01804,0.01743,0.01765,186892168
1579377600000,0.01765,0.01793,0.01762,0.0177,97726591
1579392000000,0.0177,0.01816,0.01766,0.01792,86814082
1579406400000,0.01793,0.01819,0.0178,0.01804,71782404
1579420800000,0.01804,0.01812,0.01619,0.01651,264299136
1579435200000,0.01653,0.01654,0.016,0.01646,189121207
1579449600000,0.01648,0.01659,0.01632,0.01637,144513284
1579464000000,0.01637,0.01668,0.01625,0.01666,153724285
1579478400000,0.01665,0.01675,0.01637,0.01644,121618393
1579492800000,0.01644,0.01665,0.01634,0.01656,125097304
1579507200000,0.01657,0.0167,0.01637,0.01645,137836834
1579521600000,0.01644,0.01674,0.01609,0.01668,184383373
1579536000000,0.01668,0.01678,0.01648,0.01663,136597359
1579550400000,0.01662,0.01675,0.01655,0.01663,66783469
1579564800000,0.01661,0.01694,0.01652,0.01688,69423636
1579579200000,0.0169,0.01706,0.01675,0.01681,68789955
1579593600000,0.01683,0.01704,0.01676,0.01692,69925173
1579608000000,0.01693,0.01735,0.01686,0.01712,111011633
1579622400000,0.01712,0.01723,0.01674,0.01684,93046378
1579636800000,0.01686,0.01737,0.01684,0.01733,109964636
1579651200000,0.01733,0.01748,0.01719,0.01729,84725004
1579665600000,0.01729,0.01757,0.01727,0.01741,101782367
1579680000000,0.01741,0.01741,0.01711,0.01727,95408636
1579694400000,0.01726,0.01729,0.01705,0.01719,62394350
1579708800000,0.01719,0.01735,0.01706,0.01727,68152194
1579723200000,0.01727,0.01744,0.01719,0.01742,69071474
1579737600000,0.01742,0.01745,0.0168,0.01702,102861062
1579752000000,0.01702,0.01702,0.01665,0.01688,86813328
1579766400000,0.01688,0.01693,0.01636,0.01647,107645965
1579780800000,0.01648,0.01659,0.01628,0.01648,91913767
1579795200000,0.01649,0.01654,0.01584,0.01612,161134602
1579809600000,0.01613,0.01633,0.01605,0.0163,74204260
1579824000000,0.0163,0.01634,0.0156,0.01594,89353286
1579838400000,0.01594,0.01606,0.01584,0.01601,69837164
1579852800000,0.01601,0.01625,0.01567,0.01618,109089519
1579867200000,0.0162,0.01658,0.01617,0.01653,132324482
1579881600000,0.01653,0.0166,0.01634,0.01652,89273410
1579896000000,0.01651,0.01657,0.01631,0.01638,33875524
1579910400000,0.01638,0.0164,0.01592,0.01599,49792944
1579924800000,0.01599,0.01618,0.01597,0.01606,27396552
1579939200000,0.01606,0.01628,0.01604,0.01607,42099664
1579953600000,0.01607,0.01622,0.01604,0.01613,29190811
1579968000000,0.01614,0.01628,0.01606,0.01623,26653833
1579982400000,0.01624,0.01633,0.01611,0.01612,25131923
1579996800000,0.01612,0.01631,0.01601,0.01628,44112286
1580011200000,0.0163,0.01633,0.01617,0.01627,24156495
1580025600000,0.01627,0.01651,0.01625,0.0165,43296497
1580040000000,0.0165,0.01654,0.01641,0.01645,38446614
1580054400000,0.01645,0.01687,0.01643,0.0168,97642952
1580068800000,0.0168,0.01687,0.01671,0.01683,66253844
1580083200000,0.01683,0.01711,0.01683,0.01696,69215401
1580097600000,0.01695,0.017,0.01673,0.01691,38368449
1580112000000,0.01691,0.01714,0.01674,0.01706,41944839
1580126400000,0.01708,0.0173,0.01701,0.01717,66342531
1580140800000,0.01718,0.01728,0.01701,0.01715,120171003
1580155200000,0.01717,0.01725,0.01701,0.01711,39873938
1580169600000,0.01711,0.01756,0.01711,0.01734,67190475
1580184000000,0.01733,0.01768,0.01716,0.01761,74231181
1580198400000,0.0176,0.01838,0.01714,0.01814,219708228
1580212800000,0.01814,0.019,0.01786,0.01834,482604467
1580227200000,0.01834,0.01854,0.01796,0.01835,173334439
1580241600000,0.01837,0.01886,0.01835,0.01862,206967789
1580256000000,0.01862,0.01888,0.01851,0.01884,108824424
1580270400000,0.01883,0.01982,0.01869,0.01954,254134549
1580284800000,0.01954,0.01963,0.01847,0.01889,305023214
1580299200000,0.01892,0.01903,0.0186,0.01867,214805051
1580313600000,0.01867,0.01903,0.01855,0.01895,154688355
1580328000000,0.01895,0.01929,0.01856,0.01866,153084621
1580342400000,0.01866,0.01867,0.01781,0.01828,146601331
1580356800000,0.01828,0.01881,0.01824,0.01874,104134638
1580371200000,0.01873,0.0189,0.01847,0.01865,82769446
1580385600000,0.01865,0.01895,0.0186,0.01878,136172290
1580400000000,0.01878,0.01926,0.01838,0.01912,293618611
1580414400000,0.01914,0.01985,0.0191,0.01953,176896225
1580428800000,0.01954,0.01984,0.01904,0.01931,229481742
1580443200000,0.01931,0.01934,0.01869,0.01897,214865636
1580457600000,0.01897,0.01912,0.01874,0.01879,172946646
1580472000000,0.01879,0.01879,0.01816,0.01863,238486151
1580486400000,0.01861,0.01872,0.01833,0.01844,132025828
1580500800000,0.01844,0.01923,0.01828,0.0187,400838210
1580515200000,0.0187,0.01914,0.01858,0.01898,125597987
1580529600000,0.01899,0.01911,0.01878,0.01899,97660248
1580544000000,0.01899,0.01902,0.0184,0.01851,133041382
1580558400000,0.01851,0.01873,0.01847,0.01862,99840649
1580572800000,0.01863,0.0189,0.01861,0.01882,95003939
1580587200000,0.01881,0.01915,0.01873,0.0191,88234808
1580601600000,0.0191,0.01911,0.01856,0.01901,171231249
1580616000000,0.01901,0.01951,0.01879,0.01929,239653970
1580630400000,0.01932,0.01969,0.01921,0.01966,199825121
1580644800000,0.01966,0.01998,0.01941,0.01968,217593617
1580659200000,0.01968,0.01979,0.01952,0.01963,124109981
1580673600000,0.01962,0.01968,0.01904,0.0191,140996901
1580688000000,0.01911,0.01974,0.01886,0.01931,263969925
1580702400000,0.01931,0.0194,0.01918,0.01927,61761538
1580716800000,0.01927,0.01937,0.019,0.01919,93618331
1580731200000,0.01918,0.01931,0.01892,0.01892,113770127
1580745600000,0.01893,0.01915,0.01889,0.01907,185975177
1580760000000,0.01907,0.01938,0.01901,0.01921,144575233
1580774400000,0.01923,0.01947,0.01912,0.01915,89772069
1580788800000,0.01916,0.01925,0.01892,0.01906,71135171
1580803200000,0.01906,0.01909,0.01851,0.01869,116606625
1580817600000,0.01868,0.01913,0.01845,0.019,110507303
1580832000000,0.019,0.01954,0.019,0.01923,127755574
1580846400000,0.01923,0.01942,0.01913,0.01929,77265081
1580860800000,0.01929,0.01957,0.01925,0.01955,122157585
1580875200000,0.01955,0.02037,0.01944,0.02001,237683161
1580889600000,0.02002,0.02018,0.01978,0.01999,301018058
1580904000000,0.02,0.02042,0.01985,0.02026,233400655
1580918400000,0.02026,0.02047,0.02014,0.0202,313792319
1580932800000,0.02021,0.02085,0.02019,0.02078,165399046
1580947200000,0.02078,0.02094,0.02041,0.02093,182573543
1580961600000,0.02094,0.02105,0.02075,0.0208,155195383
1580976000000,0.02083,0.02104,0.02051,0.02092,253192958
1580990400000,0.02092,0.02354,0.01973,0.02278,1898279019
1581004800000,0.02278,0.02315,0.02232,0.02249,648826960
1581019200000,0.02249,0.02289,0.02211,0.02273,296815089
1581033600000,0.02275,0.02304,0.02251,0.0226,429647975
1581048000000,0.0226,0.0233,0.02241,0.02318,397235620
1581062400000,0.02319,0.02385,0.02265,0.02266,669418301
1581076800000,0.02266,0.02286,0.02236,0.02252,324076673
1581091200000,0.02251,0.02266,0.02116,0.02196,647804348
1581105600000,0.02197,0.0223,0.02159,0.02209,239939516
1581120000000,0.02208,0.02212,0.02016,0.02127,508948912
1581134400000,0.02127,0.02189,0.02122,0.02179,318050197
1581148800000,0.02179,0.02236,0.02174,0.02198,356841163
1581163200000,0.02199,0.0221,0.02158,0.02189,200571321
1581177600000,0.02187,0.02224,0.02175,0.02219,197875372
1581192000000,0.02219,0.0225,0.02182,0.02185,204367855
1581206400000,0.02184,0.02235,0.02182,0.02223,156465461
1581220800000,0.02223,0.02277,0.02211,0.02255,312763160
1581235200000,0.02255,0.02262,0.02212,0.02227,231870947
1581249600000,0.02225,0.02238,0.02135,0.02192,285693911
1581264000000,0.02192,0.02214,0.02164,0.02201,154632318
1581278400000,0.02201,0.02217,0.02165,0.02211,156747947
1581292800000,0.02211,0.02225,0.02177,0.02193,255599959
1581307200000,0.02193,0.02204,0.02088,0.02176,377235608
1581321600000,0.02176,0.02179,0.02092,0.02122,283385626
1581336000000,0.02122,0.02225,0.02111,0.02217,320153077
1581350400000,0.02216,0.02227,0.02183,0.02193,221763640
1581364800000,0.02195,0.0225,0.02195,0.02216,157207821
1581379200000,0.02217,0.02229,0.02148,0.02158,246818560
1581393600000,0.02158,0.02182,0.02148,0.02162,165143624
1581408000000,0.02161,0.02195,0.02157,0.02195,131955739
1581422400000,0.02194,0.02255,0.02188,0.02249,280961484
1581436800000,0.02249,0.02315,0.02217,0.02281,535289713
1581451200000,0.02281,0.02299,0.02274,0.02278,227421679
1581465600000,0.02279,0.02348,0.02279,0.0234,371739955
1581480000000,0.02338,0.0241,0.02322,0.02378,399270410
1581494400000,0.02378,0.02405,0.02321,0.02391,440467012
1581508800000,0.02389,0.02435,0.02342,0.02357,352946625
1581523200000,0.02357,0.02426,0.0235,0.02403,338756398
1581537600000,0.02403,0.02434,0.0238,0.02399,312539857
1581552000000,0.02399,0.02598,0.02397,0.02522,665292906
1581566400000,0.02522,0.02559,0.02411,0.02435,452524055
1581580800000,0.02435,0.02469,0.02233,0.02372,954474260
1581595200000,0.02371,0.02535,0.02359,0.02417,755393449
1581609600000,0.02416,0.02479,0.02386,0.02408,404683464
1581624000000,0.0241,0.02416,0.02339,0.02397,212642869
1581638400000,0.02396,0.026,0.02372,0.02597,662085446
1581652800000,0.02598,0.02599,0.02464,0.02497,526487033
1581667200000,0.02497,0.0258,0.02487,0.02565,431105237
1581681600000,0.02565,0.02611,0.02536,0.02609,439058964
1581696000000,0.02608,0.02694,0.02584,0.02629,687429742
1581710400000,0.02629,0.02671,0.02616,0.02642,232198520
1581724800000,0.02642,0.02665,0.0255,0.02597,390188695
1581739200000,0.02598,0.02602,0.02529,0.02556,232911510
1581753600000,0.02557,0.02659,0.02553,0.02619,347698128
1581768000000,0.0262,0.02647,0.0245,0.02509,418733216
1581782400000,0.02508,0.02581,0.02258,0.0234,934191197
1581796800000,0.02341,0.02404,0.02317,0.02366,249353662
1581811200000,0.02366,0.02477,0.0231,0.02441,346020996
1581825600000,0.0244,0.02466,0.02401,0.0242,284501870
1581840000000,0.0242,0.0244,0.02334,0.0234,340599653
1581854400000,0.02341,0.02359,0.0212,0.02211,732114330
1581868800000,0.02212,0.02248,0.02008,0.02131,1028694431
1581883200000,0.02132,0.02265,0.02113,0.02227,314226611
1581897600000,0.02225,0.02255,0.02065,0.02103,323158266
1581912000000,0.02102,0.0214,0.02028,0.02104,372076874
1581926400000,0.02105,0.0215,0.02006,0.02086,473042769
1581940800000,0.02085,0.02156,0.0202,0.02142,512302714
1581955200000,0.02143,0.02187,0.02113,0.02154,287417689
1581969600000,0.02153,0.02188,0.02114,0.02181,153018671
1581984000000,0.02182,0.02232,0.02136,0.02214,261703477
1581998400000,0.02213,0.02232,0.02184,0.02212,200337519
1582012800000,0.02212,0.02214,0.02077,0.02124,353191315
1582027200000,0.02123,0.02183,0.02044,0.02177,433499652
1582041600000,0.02174,0.02252,0.0216,0.02252,354668793
1582056000000,0.0225,0.02301,0.02232,0.02265,295192276
1582070400000,0.02266,0.02267,0.02197,0.02228,229297462
1582084800000,0.02228,0.02233,0.02167,0.02184,202705681
1582099200000,0.02184,0.02247,0.02164,0.02244,192177248
1582113600000,0.02243,0.02251,0.022,0.02231,91135031
1582128000000,0.0223,0.02296,0.02198,0.02206,324913988
1582142400000,0.02209,0.02216,0.0194,0.02019,587555167
1582156800000,0.02018,0.02058,0.01991,0.02022,232823610
1582171200000,0.0202,0.02033,0.02001,0.02028,163778554
1582185600000,0.02028,0.02028,0.01944,0.01966,326879811
1582200000000,0.01965,0.01994,0.01919,0.01964,343479666
1582214400000,0.01964,0.01996,0.01879,0.01949,378066790
1582228800000,0.01948,0.02007,0.01947,0.01982,168933623
1582243200000,0.01983,0.02035,0.01963,0.0202,296936446
1582257600000,0.02021,0.02033,0.01987,0.01999,220318335
1582272000000,0.02,0.02026,0.0197,0.02016,180307351
1582286400000,0.02015,0.02048,0.02001,0.02029,218861058
1582300800000,0.02029,0.0206,0.02007,0.02016,218141359
1582315200000,0.02016,0.0204,0.01976,0.02017,230393674
1582329600000,0.02017,0.02031,0.01987,0.02013,177426554
1582344000000,0.02011,0.02014,0.01966,0.0198,183049003
1582358400000,0.0198,0.02005,0.01978,0.02,131203152
1582372800000,0.01998,0.02027,0.01981,0.01988,193107384
1582387200000,0.01988,0.0202,0.0198,0.02005,181537867
1582401600000,0.02003,0.02016,0.01997,0.02003,109937084
1582416000000,0.02004,0.02067,0.02002,0.0206,173403972
1582430400000,0.02061,0.02105,0.0206,0.02082,223070541
1582444800000,0.02083,0.02113,0.02059,0.02063,158740485
1582459200000,0.02064,0.02103,0.02061,0.02082,141447560
1582473600000,0.02081,0.02102,0.02073,0.02094,93901271
1582488000000,0.02094,0.02145,0.02078,0.02138,101623507
1582502400000,0.02138,0.0214,0.02012,0.02058,272218697
1582516800000,0.02058,0.02065,0.0202,0.02047,119914997
1582531200000,0.02047,0.02085,0.02037,0.02081,139055449
1582545600000,0.02081,0.02095,0.02017,0.02034,189842354
1582560000000,0.02035,0.02046,0.01913,0.0196,341714814
1582574400000,0.01961,0.01998,0.01945,0.01992,150573140
1582588800000,0.01989,0.01998,0.01951,0.01969,141467105
1582603200000,0.01969,0.01981,0.01925,0.01937,187640642
1582617600000,0.01936,0.01991,0.01933,0.01981,161900248
1582632000000,0.01982,0.01999,0.01892,0.01913,312982041
1582646400000,0.01913,0.01932,0.0187,0.01902,255445140
1582660800000,0.01901,0.01938,0.01874,0.01894,180822869
1582675200000,0.01895,0.01922,0.01623,0.01736,630939796
1582689600000,0.01736,0.01753,0.01701,0.01709,244805208
1582704000000,0.01708,0.01731,0.01674,0.01707,260967542
1582718400000,0.01708,0.01767,0.01661,0.01674,421996265
1582732800000,0.01672,0.01686,0.01556,0.01652,657457830
1582747200000,0.01652,0.0167,0.01615,0.01636,162400085
1582761600000,0.01635,0.01677,0.01582,0.01659,282733234
1582776000000,0.0166,0.01705,0.01651,0.01702,194613276
1582790400000,0.01701,0.01724,0.01682,0.01699,237204984
1582804800000,0.01696,0.01738,0.01687,0.01718,340696972
1582819200000,0.01718,0.01758,0.01711,0.01732,177247380
1582833600000,0.01733,0.01734,0.01663,0.01701,211294133
1582848000000,0.01701,0.01732,0.01697,0.01707,184049635
1582862400000,0.01707,0.01714,0.01645,0.01662,218834998
1582876800000,0.01664,0.01685,0.0161,0.01653,291011738
1582891200000,0.01653,0.01693,0.01612,0.01691,277714435
1582905600000,0.01689,0.01694,0.01642,0.01663,165854628
1582920000000,0.01664,0.01742,0.01661,0.01713,199235542
1582934400000,0.01711,0.01733,0.01684,0.01707,182416823
1582948800000,0.01706,0.01744,0.01702,0.01713,185124731
1582963200000,0.01713,0.01722,0.01665,0.01705,222047334
1582977600000,0.01705,0.01705,0.01656,0.01681,183443682
1582992000000,0.01681,0.01696,0.01664,0.01689,137486676
1583006400000,0.01689,0.01689,0.01641,0.01648,145761355
1583020800000,0.01647,0.01713,0.01645,0.01682,182661024
1583035200000,0.01683,0.01691,0.01654,0.0166,129025648
1583049600000,0.01661,0.01697,0.01655,0.01692,159024452
1583064000000,0.01692,0.01713,0.01663,0.01667,170872803
1583078400000,0.01667,0.01677,0.01612,0.0164,208015194
1583092800000,0.01639,0.01665,0.01623,0.01644,158122311
1583107200000,0.01645,0.01671,0.01639,0.01655,154421614
1583121600000,0.01655,0.01703,0.01655,0.01674,186661068
1583136000000,0.01676,0.01714,0.01673,0.01714,176857021
1583150400000,0.01714,0.01741,0.01698,0.01733,214032448
1583164800000,0.01735,0.01787,0.0173,0.01771,195284880
1583179200000,0.01771,0.0178,0.01737,0.0176,138114277
1583193600000,0.0176,0.0176,0.01712,0.01746,191899837
1583208000000,0.01746,0.01748,0.0171,0.01716,151973007
1583222400000,0.01716,0.01752,0.01706,0.0175,185025910
1583236800000,0.01751,0.0176,0.01704,0.01725,243076619
1583251200000,0.01724,0.01731,0.01689,0.01727,176737171
1583265600000,0.01728,0.01737,0.01715,0.01724,112422538
1583280000000,0.01722,0.01755,0.01712,0.01739,145173070
1583294400000,0.0174,0.0176,0.01731,0.01745,172589479
1583308800000,0.01745,0.0177,0.01722,0.01736,155061245
1583323200000,0.01736,0.01746,0.01708,0.01714,193481967
1583337600000,0.01714,0.0173,0.017,0.01728,165802720
1583352000000,0.01728,0.01784,0.01717,0.01775,194149526
1583366400000,0.01776,0.01815,0.01775,0.018,239752626
1583380800000,0.01801,0.01835,0.0179,0.01799,262158525
1583395200000,0.01799,0.01832,0.01799,0.01818,202014835
1583409600000,0.01818,0.01828,0.01804,0.01824,146214803
1583424000000,0.01824,0.01836,0.01809,0.01816,163479561
1583438400000,0.01818,0.01819,0.01776,0.01792,169041970
1583452800000,0.01792,0.01819,0.01787,0.01802,199058020
1583467200000,0.01803,0.01837,0.01795,0.01824,159697483
1583481600000,0.01824,0.01838,0.01811,0.01827,149676716
1583496000000,0.01828,0.01828,0.01791,0.01795,169434992
1583510400000,0.01795,0.01817,0.01793,0.01806,92596302
1583524800000,0.01806,0.01838,0.01806,0.01835,115127704
1583539200000,0.01836,0.0184,0.01812,0.01817,80839505
1583553600000,0.01817,0.0182,0.01802,0.01807,78939424
1583568000000,0.01806,0.01818,0.01797,0.01806,77433820
1583582400000,0.01806,0.01819,0.01785,0.01814,97489486
1583596800000,0.01814,0.01827,0.01631,0.01708,471844355
1583611200000,0.01708,0.01714,0.01697,0.01702,105278141
1583625600000,0.01702,0.01702,0.01655,0.01669,144399671
1583640000000,0.0167,0.01677,0.01651,0.01676,131640113
1583654400000,0.01676,0.0168,0.01663,0.01676,101545690
1583668800000,0.01677,0.01678,0.01553,0.01579,313852677
1583683200000,0.01578,0.01602,0.01496,0.01576,340412973
1583697600000,0.01576,0.01579,0.01444,0.01466,196543086
1583712000000,0.01467,0.01507,0.0144,0.01475,267657006
1583726400000,0.01476,0.01489,0.0141,0.01477,295140770
1583740800000,0.01479,0.01534,0.01461,0.01471,255761927
1583755200000,0.01471,0.0149,0.01401,0.01442,378632220
1583769600000,0.01442,0.01479,0.0142,0.0146,258047837
1583784000000,0.0146,0.01511,0.01455,0.01503,154232276
1583798400000,0.01505,0.01514,0.01481,0.01492,145161759
1583812800000,0.01492,0.01502,0.01461,0.01474,124899328
1583827200000,0.01474,0.01526,0.01473,0.01518,158124050
1583841600000,0.01518,0.01539,0.01474,0.01478,212982880
1583856000000,0.01478,0.01518,0.01471,0.01517,163262985
1583870400000,0.01518,0.01526,0.01502,0.01509,143511364
1583884800000,0.0151,0.01529,0.01501,0.01518,119084896
1583899200000,0.01517,0.01523,0.01485,0.01495,131149111
1583913600000,0.01495,0.01511,0.01459,0.01479,139877406
1583928000000,0.01481,0.01498,0.0145,0.01465,152751023
1583942400000,0.01465,0.01476,0.0141,0.01459,212418770
1583956800000,0.0146,0.01496,0.01448,0.0149,142820552
1583971200000,0.01491,0.01496,0.01417,0.01423,190565114
1583985600000,0.01425,0.01426,0.0132,0.01349,239567305
1584000000000,0.01349,0.01354,0.00955,0.01,827183501
1584014400000,0.01,0.01077,0.00973,0.0106,415561461
1584028800000,0.01062,0.01082,0.01023,0.01048,147640068
1584043200000,0.01049,0.01053,0.00798,0.00837,356768418
1584057600000,0.00838,0.01018,0.00648,0.0095,608597952
1584072000000,0.00951,0.00995,0.00821,0.00971,308092231
1584086400000,0.00971,0.01042,0.00925,0.00982,389665051
1584100800000,0.00982,0.01093,0.0089,0.00943,332419856
1584115200000,0.00943,0.01016,0.00882,0.00996,586221004
1584129600000,0.00996,0.01056,0.00965,0.01027,301340514
1584144000000,0.01026,0.01056,0.00987,0.01042,220059279
1584158400000,0.01042,0.01042,0.01008,0.01023,140557306
1584172800000,0.01022,0.01025,0.00974,0.01016,192937074
1584187200000,0.01016,0.01027,0.00992,0.01004,205357180
1584201600000,0.01002,0.01025,0.00996,0.01007,206843715
1584216000000,0.01005,0.0101,0.00953,0.00971,227516258
1584230400000,0.00973,0.00992,0.00958,0.00978,171110233
1584244800000,0.00978,0.0101,0.00977,0.00997,144147715
1584259200000,0.00997,0.0103,0.0098,0.0102,221389929
1584273600000,0.01018,0.01051,0.00985,0.01003,216783854
1584288000000,0.01003,0.01027,0.00993,0.01014,113383485
1584302400000,0.01014,0.0111,0.00991,0.01025,357345555
1584316800000,0.01025,0.01034,0.00995,0.01007,165422653
1584331200000,0.01007,0.01013,0.00907,0.00907,241955225
1584345600000,0.00907,0.0094,0.00846,0.00873,349181384
1584360000000,0.00872,0.00973,0.00852,0.00964,499782158
1584374400000,0.00966,0.00977,0.00925,0.00942,154303951
1584388800000,0.00942,0.00964,0.00926,0.00958,202949395
1584403200000,0.00958,0.01033,0.00945,0.0101,140892609
1584417600000,0.0101,0.01031,0.00993,0.01017,72632744
1584432000000,0.01016,0.01036,0.00993,0.01005,123308692
1584446400000,0.01004,0.01017,0.00963,0.01012,111257519
1584460800000,0.01013,0.01027,0.00999,0.0101,145609015
1584475200000,0.01011,0.0103,0.01001,0.01001,64147015
1584489600000,0.01002,0.01019,0.00997,0.01014,35244941
1584504000000,0.01014,0.01022,0.00971,0.00979,100966832
1584518400000,0.00979,0.00997,0.00961,0.00982,124537289
1584532800000,0.00982,0.01027,0.00961,0.01008,195341405
1584547200000,0.01008,0.0101,0.00978,0.01008,105327928
1584561600000,0.01007,0.01023,0.00996,0.01023,50236197
1584576000000,0.01022,0.01036,0.01006,0.01017,75258488
1584590400000,0.01017,0.01051,0.01016,0.01048,214945616
1584604800000,0.01046,0.0108,0.01037,0.01064,126629319
1584619200000,0.01064,0.01104,0.01064,0.01101,141348142
1584633600000,0.01101,0.01204,0.01082,0.01164,280401019
1584648000000,0.01164,0.0122,0.01158,0.01164,102238657
1584662400000,0.01163,0.01186,0.0114,0.01147,109214598
1584676800000,0.01146,0.01195,0.01142,0.01189,87977327
1584691200000,0.01188,0.01279,0.01188,0.01221,200804875
1584705600000,0.01222,0.01224,0.01175,0.01203,147150559
1584720000000,0.01204,0.01212,0.01103,0.01122,122875367
1584734400000,0.01122,0.01153,0.01018,0.01126,253316276
1584748800000,0.01127,0.01155,0.01103,0.01136,128102949
1584763200000,0.01136,0.01146,0.01091,0.01104,94410795
1584777600000,0.01104,0.01106,0.01066,0.01105,163825006
1584792000000,0.01106,0.01133,0.01096,0.01129,90811359
1584806400000,0.01131,0.01137,0.01096,0.01122,97213633
1584820800000,0.01124,0.01162,0.01107,0.01124,108448120
1584835200000,0.01122,0.01148,0.01112,0.01148,60896469
1584849600000,0.01149,0.01164,0.01141,0.01143,57563568
1584864000000,0.01143,0.01144,0.01109,0.01114,71103288
1584878400000,0.01114,0.01115,0.01045,0.01077,127592244
1584892800000,0.01078,0.01089,0.0104,0.01042,75649862
1584907200000,0.01041,0.01074,0.01014,0.01029,134015295
1584921600000,0.01029,0.01059,0.01004,0.01052,101831029
1584936000000,0.01052,0.01058,0.01038,0.0104,61225399
1584950400000,0.0104,0.01052,0.01019,0.01047,67416216
1584964800000,0.01048,0.01154,0.01047,0.01108,247276306
1584979200000,0.01108,0.01131,0.01105,0.01115,53514279
1584993600000,0.01115,0.01146,0.01115,0.01135,122486974
1585008000000,0.01137,0.01151,0.01128,0.01132,93412947
1585022400000,0.01131,0.01142,0.01123,0.01132,100248657
1585036800000,0.01133,0.01172,0.01133,0.01152,155473702
1585051200000,0.01152,0.01152,0.01111,0.01125,108389927
1585065600000,0.01124,0.01152,0.01113,0.01145,105390463
1585080000000,0.01144,0.0116,0.01132,0.01151,85368861
1585094400000,0.01151,0.01157,0.0112,0.01124,80237691
1585108800000,0.01124,0.01148,0.01121,0.01138,53758134
1585123200000,0.01138,0.0118,0.011,0.01114,209715888
1585137600000,0.01116,0.01151,0.01114,0.01124,114447509
1585152000000,0.01125,0.01139,0.01119,0.01121,80312240
1585166400000,0.01121,0.0114,0.01109,0.01137,51648309
1585180800000,0.01137,0.01149,0.01136,0.01148,82286475
1585195200000,0.01148,0.01156,0.01124,0.01144,123263525
1585209600000,0.01144,0.01167,0.01139,0.01151,114043538
1585224000000,0.0115,0.01153,0.01131,0.01146,145040996
1585238400000,0.01147,0.01175,0.01141,0.01158,122119122
1585252800000,0.01157,0.01204,0.01149,0.01195,79969884
1585267200000,0.01196,0.01212,0.01188,0.01202,74954569
1585281600000,0.01201,0.0121,0.01164,0.0118,115191057
1585296000000,0.01179,0.01181,0.01154,0.01164,77235288
1585310400000,0.01164,0.01172,0.01155,0.01168,32531532
1585324800000,0.01167,0.01171,0.01151,0.01159,77573661
1585339200000,0.0116,0.01173,0.01082,0.01118,81046615
1585353600000,0.01119,0.01122,0.01071,0.01087,111997050
1585368000000,0.01086,0.01103,0.01081,0.011,47001263
1585382400000,0.01099,0.01123,0.01098,0.01107,49711043
1585396800000,0.01106,0.01115,0.01095,0.01107,56919924
1585411200000,0.01107,0.01124,0.01084,0.01121,106735382
1585425600000,0.0112,0.01151,0.0112,0.0114,73310671
1585440000000,0.01139,0.01146,0.01121,0.01124,39322439
1585454400000,0.01125,0.01125,0.01103,0.01111,50537702
1585468800000,0.01113,0.01124,0.011,0.01114,45681860
1585483200000,0.01115,0.01122,0.01104,0.01111,42646519
1585497600000,0.0111,0.01115,0.01074,0.0108,85696079
1585512000000,0.01079,0.01085,0.01064,0.01066,88212460
1585526400000,0.01066,0.0109,0.01062,0.01089,47966949
1585540800000,0.01089,0.01129,0.01086,0.01111,65153705
1585555200000,0.01112,0.01149,0.01112,0.01141,61735585
1585569600000,0.0114,0.01174,0.01125,0.01158,82532020
1585584000000,0.01158,0.0117,0.01155,0.01158,38414332
1585598400000,0.01159,0.01185,0.01143,0.01146,82636934
1585612800000,0.01144,0.01162,0.01142,0.01148,45876636
1585627200000,0.01148,0.01149,0.01135,0.01147,47939306
1585641600000,0.01148,0.01154,0.01142,0.01144,54971491
1585656000000,0.01143,0.01158,0.01135,0.01152,61240760
1585670400000,0.01152,0.01168,0.01142,0.01163,42556329
1585684800000,0.01163,0.01176,0.01159,0.0116,43661595
1585699200000,0.01159,0.01161,0.01143,0.01155,52961299
1585713600000,0.01154,0.01156,0.01144,0.01155,18061451
1585728000000,0.01154,0.01154,0.01135,0.01138,38406027
1585742400000,0.01139,0.01148,0.01119,0.01129,49765116
1585756800000,0.0113,0.01131,0.01112,0.01118,35652339
1585771200000,0.01118,0.01165,0.01115,0.01156,87492770
1585785600000,0.01156,0.0117,0.01152,0.01156,30561575
1585800000000,0.01156,0.01167,0.01149,0.01162,18119814
1585814400000,0.01162,0.01177,0.0116,0.01174,32548454
1585828800000,0.01174,0.01199,0.01168,0.01195,57839987
1585843200000,0.01195,0.01263,0.01191,0.01204,161085952
1585857600000,0.01205,0.01206,0.01177,0.01196,36960288
1585872000000,0.01196,0.01205,0.01186,0.01198,59897241
1585886400000,0.01198,0.01206,0.01184,0.01204,23640360
1585900800000,0.01204,0.0122,0.01195,0.01214,32308062
1585915200000,0.01214,0.01217,0.01176,0.01187,48435114
1585929600000,0.01188,0.01191,0.01173,0.0119,42753199
1585944000000,0.01188,0.01197,0.01179,0.01194,24831158
1585958400000,0.01195,0.01207,0.01172,0.01178,33480816
1585972800000,0.0118,0.01185,0.01176,0.01182,10269216
1585987200000,0.01182,0.01208,0.01176,0.01184,64941735
1586001600000,0.01186,0.01194,0.01182,0.01187,21740998
1586016000000,0.01188,0.01198,0.01186,0.01191,21414078
1586030400000,0.01192,0.01224,0.01182,0.01199,150964075
1586044800000,0.01199,0.01207,0.01194,0.01195,20384620
1586059200000,0.01195,0.01199,0.01184,0.01188,33217157
1586073600000,0.01188,0.01197,0.01185,0.01188,23342837
1586088000000,0.01188,0.01274,0.01187,0.01262,542875514
1586102400000,0.01262,0.01281,0.01219,0.01251,318130276
1586116800000,0.0125,0.01262,0.01237,0.01257,76221578
1586131200000,0.01257,0.01301,0.01257,0.01292,221265396
1586145600000,0.01292,0.01315,0.01282,0.01296,284407322
1586160000000,0.01297,0.01323,0.01294,0.01311,122478921
1586174400000,0.01311,0.01333,0.01306,0.0133,201587850
1586188800000,0.01331,0.01369,0.0133,0.01358,190531287
1586203200000,0.01358,0.01384,0.01343,0.01375,116755303
1586217600000,0.01375,0.01408,0.01346,0.01363,192489465
1586232000000,0.01363,0.01389,0.01347,0.01389,114329983
1586246400000,0.01388,0.0139,0.01372,0.01387,97176476
1586260800000,0.01388,0.01409,0.0136,0.01381,170453700
1586275200000,0.0138,0.01401,0.01373,0.01375,71788852
1586289600000,0.01375,0.01376,0.01309,0.01329,221552025
1586304000000,0.0133,0.01377,0.0132,0.01366,84270097
1586318400000,0.01366,0.01382,0.0135,0.01362,63746219
1586332800000,0.01364,0.01372,0.01326,0.01352,74204027
1586347200000,0.01352,0.0137,0.01338,0.01364,82183893
1586361600000,0.01364,0.01381,0.01354,0.01365,76317895
1586376000000,0.01365,0.0138,0.01362,0.01377,43712093
1586390400000,0.01375,0.01387,0.0135,0.01353,68697952
1586404800000,0.01354,0.01364,0.01341,0.01363,60555709
1586419200000,0.01363,0.01369,0.01329,0.01336,89051451
1586433600000,0.01336,0.01361,0.01317,0.01342,102359779
1586448000000,0.01343,0.01351,0.01325,0.01331,54643989
1586462400000,0.01331,0.01354,0.01327,0.01343,42173505
1586476800000,0.01343,0.01351,0.01291,0.01293,81578863
1586491200000,0.01294,0.01298,0.01242,0.01258,235273639
1586505600000,0.01256,0.0126,0.01231,0.01245,104047028
1586520000000,0.01243,0.01251,0.012,0.01206,107141179
1586534400000,0.01206,0.0125,0.01202,0.01245,120015304
1586548800000,0.01244,0.01249,0.01227,0.01245,61074614
1586563200000,0.01247,0.01277,0.0124,0.01273,116311033
1586577600000,0.01275,0.0128,0.0126,0.01263,62885650
1586592000000,0.01264,0.01274,0.01257,0.01272,79772092
1586606400000,0.01271,0.01273,0.01252,0.01261,65006047
1586620800000,0.0126,0.01267,0.01239,0.0124,83660590
1586635200000,0.0124,0.01252,0.01226,0.01249,98914375
1586649600000,0.01249,0.01257,0.01232,0.01234,57377302
1586664000000,0.01234,0.01245,0.0123,0.01238,32101370
1586678400000,0.01239,0.01263,0.01238,0.01257,51784952
1586692800000,0.01257,0.01292,0.01256,0.01289,110999413
1586707200000,0.01289,0.01321,0.01288,0.01306,133590562
1586721600000,0.01304,0.01325,0.01261,0.01268,125041011
1586736000000,0.01268,0.0127,0.01199,0.01221,163122930
1586750400000,0.01219,0.01235,0.0121,0.0122,79726913
1586764800000,0.01219,0.01261,0.01212,0.01243,109450386
1586779200000,0.01242,0.01242,0.01211,0.01229,94346281
1586793600000,0.01231,0.0125,0.01225,0.01243,34809718
1586808000000,0.01242,0.01268,0.01241,0.01255,56131103
1586822400000,0.01256,0.01267,0.01253,0.01263,47042176
1586836800000,0.01264,0.01268,0.01246,0.01248,46348778
1586851200000,0.01247,0.01261,0.01237,0.01257,36247948
1586865600000,0.01257,0.01279,0.0125,0.0126,84006015
1586880000000,0.01258,0.0127,0.01243,0.01253,65407232
1586894400000,0.01254,0.01256,0.01238,0.01244,32472667
1586908800000,0.01246,0.01255,0.01229,0.01253,46171518
1586923200000,0.01254,0.01259,0.0125,0.01252,48731562
1586937600000,0.01252,0.01256,0.0123,0.01241,73061977
1586952000000,0.01242,0.01242,0.01218,0.01225,91118431
1586966400000,0.01225,0.01252,0.01225,0.0124,38062826
1586980800000,0.0124,0.01252,0.01212,0.01217,53648369
1586995200000,0.01219,0.01219,0.0118,0.01205,137562422
1587009600000,0.01206,0.01284,0.01201,0.01259,155443328
1587024000000,0.0126,0.01313,0.0126,0.01293,170549567
1587038400000,0.01293,0.0131,0.0128,0.01297,99909117
1587052800000,0.01297,0.01304,0.01274,0.01302,66659208
1587067200000,0.01302,0.01327,0.01284,0.01303,138497110
1587081600000,0.01303,0.01311,0.01286,0.01297,42525127
1587096000000,0.01298,0.01298,0.01269,0.01275,74908112
1587110400000,0.01275,0.01294,0.01272,0.01283,74733722
1587124800000,0.01282,0.01295,0.01274,0.01288,54968001
1587139200000,0.01286,0.01296,0.01281,0.01292,28872910
1587153600000,0.01292,0.01311,0.01287,0.01287,68672595
1587168000000,0.01287,0.01308,0.01287,0.01301,58382501
1587182400000,0.01302,0.01307,0.01296,0.013,23179710
1587196800000,0.01301,0.01306,0.01283,0.01303,42607576
1587211200000,0.01301,0.0134,0.01297,0.01334,166850640
1587225600000,0.01334,0.0134,0.01318,0.01337,69869414
1587240000000,0.01336,0.01358,0.01328,0.01337,115260012
1587254400000,0.01338,0.01342,0.01318,0.01338,73698215
1587268800000,0.01338,0.0134,0.0131,0.01318,100237605
1587283200000,0.01319,0.01324,0.01308,0.0132,53084250
1587297600000,0.0132,0.01321,0.01275,0.01289,124039435
1587312000000,0.0129,0.01309,0.01285,0.01304,76315902
1587326400000,0.01303,0.0131,0.01288,0.0129,65700313
1587340800000,0.01289,0.01311,0.01283,0.01309,68802303
1587355200000,0.01309,0.01319,0.01306,0.01313,63087615
1587369600000,0.01312,0.01314,0.01265,0.01268,137994455
1587384000000,0.01268,0.01296,0.01254,0.0129,150997344
1587398400000,0.01291,0.01296,0.01222,0.01226,247618685
1587412800000,0.01225,0.01252,0.01222,0.01238,81047415
1587427200000,0.01239,0.01259,0.01235,0.01245,49612031
1587441600000,0.01245,0.01261,0.01241,0.01253,45823081
1587456000000,0.01253,0.01256,0.01228,0.01237,91478438
1587470400000,0.01236,0.01269,0.01234,0.0126,105924330
1587484800000,0.0126,0.01276,0.01249,0.01259,94908278
1587499200000,0.01259,0.01266,0.01244,0.01249,50813495
1587513600000,0.01248,0.01261,0.01242,0.01259,57493576
1587528000000,0.01259,0.01274,0.01251,0.01269,46745850
1587542400000,0.01269,0.01275,0.01264,0.01268,45008071
1587556800000,0.01269,0.01304,0.01263,0.01302,99042870
1587571200000,0.01301,0.01314,0.01296,0.01298,84511385
1587585600000,0.01297,0.01306,0.01291,0.01298,34594764
1587600000000,0.01299,0.01319,0.01293,0.01299,55092398
1587614400000,0.01297,0.01303,0.01277,0.01288,73728834
1587628800000,0.01288,0.01303,0.01284,0.013,49605738
1587643200000,0.01301,0.01391,0.01297,0.01358,311406987
1587657600000,0.01358,0.0137,0.01339,0.01365,112078022
1587672000000,0.01366,0.01391,0.01348,0.01362,138019922
1587686400000,0.01362,0.01435,0.01359,0.01426,197185948
1587700800000,0.01426,0.0143,0.01408,0.01422,148455429
1587715200000,0.01422,0.01429,0.01398,0.01399,173904887
1587729600000,0.014,0.0141,0.01377,0.01403,164180630
1587744000000,0.01403,0.01418,0.01394,0.01404,72913327
1587758400000,0.01404,0.01409,0.01385,0.01393,51279263
1587772800000,0.01393,0.014,0.01372,0.014,58228315
1587787200000,0.01399,0.01429,0.01398,0.01417,91682793
1587801600000,0.01416,0.01421,0.01342,0.01399,333753757
1587816000000,0.014,0.01427,0.01384,0.01389,175611242
1587830400000,0.01387,0.01408,0.01369,0.01396,119544550
1587844800000,0.01398,0.01402,0.01384,0.01396,56783325
1587859200000,0.01397,0.01411,0.01396,0.01399,44903641
1587873600000,0.014,0.01401,0.01386,0.01393,49483918
1587888000000,0.01395,0.01414,0.01392,0.01413,78789940
1587902400000,0.01413,0.0143,0.01381,0.01396,187555944
1587916800000,0.01397,0.01422,0.01393,0.01419,68713981
1587931200000,0.0142,0.01427,0.01408,0.01425,73954378
1587945600000,0.01427,0.01465,0.01423,0.01456,177208145
1587960000000,0.01455,0.01457,0.01423,0.01449,126076711
1587974400000,0.0145,0.01464,0.01441,0.01461,109937830
1587988800000,0.01461,0.01463,0.01414,0.01433,256614524
1588003200000,0.01432,0.01445,0.01423,0.0144,89107964
1588017600000,0.0144,0.01459,0.01433,0.01453,93519829
1588032000000,0.01452,0.01453,0.01432,0.01446,71203112
1588046400000,0.01445,0.0146,0.01434,0.01459,93440499
1588060800000,0.01457,0.01523,0.01455,0.01514,283623341
1588075200000,0.01514,0.01523,0.01478,0.01494,208073166
1588089600000,0.01494,0.01514,0.01494,0.01507,110219525
1588104000000,0.01507,0.01536,0.01504,0.01527,168042576
1588118400000,0.01527,0.01532,0.01508,0.01509,161938289
1588132800000,0.01509,0.01538,0.01508,0.01529,176712917
1588147200000,0.0153,0.01572,0.01529,0.0156,214222638
1588161600000,0.01561,0.01589,0.01552,0.01579,252998074
1588176000000,0.01579,0.01655,0.01575,0.01628,555065787
1588190400000,0.0163,0.01641,0.01607,0.01625,122110252
1588204800000,0.01626,0.01674,0.01618,0.0167,153274510
1588219200000,0.0167,0.01671,0.01579,0.01613,210003825
1588233600000,0.01613,0.01621,0.01491,0.01545,367022519
1588248000000,0.01545,0.01561,0.01527,0.01537,120546668
1588262400000,0.01537,0.01553,0.01502,0.01528,249062512
1588276800000,0.01528,0.0155,0.01516,0.01519,112073345
1588291200000,0.01519,0.01554,0.01518,0.01546,100957380
1588305600000,0.01546,0.0164,0.01546,0.0161,348944875
1588320000000,0.0161,0.01631,0.01598,0.0161,194968095
1588334400000,0.0161,0.01617,0.01576,0.01578,179173071
1588348800000,0.01579,0.01607,0.01561,0.01574,159871553
1588363200000,0.01575,0.01594,0.01566,0.01582,111485872
1588377600000,0.01582,0.01592,0.0157,0.01586,73223229
1588392000000,0.01586,0.01598,0.01577,0.01581,56978808
1588406400000,0.0158,0.01601,0.01573,0.01593,67755204
1588420800000,0.01593,0.01642,0.01593,0.01623,142624876
1588435200000,0.01624,0.0164,0.01607,0.01623,118285635
1588449600000,0.01623,0.01638,0.01619,0.01635,62510770
1588464000000,0.01637,0.01663,0.01635,0.01647,104894619
1588478400000,0.01647,0.01648,0.0161,0.01622,87257794
1588492800000,0.01623,0.01638,0.0162,0.01622,82977284
1588507200000,0.01623,0.01623,0.01548,0.01578,280334119
1588521600000,0.01578,0.01594,0.01574,0.01591,76675144
1588536000000,0.01591,0.01611,0.01581,0.01599,78913615
1588550400000,0.016,0.01602,0.01525,0.01549,158121212
1588564800000,0.01549,0.01551,0.01509,0.01535,138224001
1588579200000,0.01537,0.01552,0.01526,0.0154,93472539
1588593600000,0.0154,0.01637,0.01539,0.01636,576979051
1588608000000,0.01636,0.0164,0.01608,0.01617,274196757
1588622400000,0.01619,0.01637,0.01614,0.01621,162242385
1588636800000,0.01623,0.01655,0.0162,0.01633,207180501
1588651200000,0.01635,0.01659,0.0163,0.01641,228826054
1588665600000,0.01641,0.01664,0.0158,0.01613,407998404
1588680000000,0.01613,0.01639,0.01565,0.01589,832214917
1588694400000,0.01589,0.016,0.01583,0.01588,136654669
1588708800000,0.01588,0.01602,0.01581,0.01591,108533687
1588723200000,0.0159,0.01597,0.01561,0.01587,94258635
1588737600000,0.01585,0.01611,0.01585,0.01605,117333553
1588752000000,0.01605,0.01628,0.01603,0.01621,125619478
1588766400000,0.01621,0.01625,0.01587,0.01604,151180633
1588780800000,0.01603,0.0161,0.01585,0.01594,87607032
1588795200000,0.01593,0.01603,0.01548,0.01556,121094530
1588809600000,0.01555,0.01619,0.01536,0.01614,197466213
1588824000000,0.01614,0.01615,0.01592,0.01605,91749061
1588838400000,0.01606,0.01615,0.01588,0.0159,97297392
1588852800000,0.01591,0.01623,0.01587,0.01602,246452593
1588867200000,0.01603,0.01625,0.01571,0.01608,320006470
1588881600000,0.01608,0.01618,0.01597,0.01605,169954703
1588896000000,0.01604,0.01646,0.01601,0.0162,227127930
1588910400000,0.0162,0.01621,0.01591,0.01613,122115803
1588924800000,0.01614,0.01622,0.01606,0.01612,66153074
1588939200000,0.01613,0.01617,0.01605,0.01614,88593977
1588953600000,0.01615,0.01656,0.01613,0.01636,254875697
1588968000000,0.01638,0.01652,0.01619,0.01631,176567047
1588982400000,0.01631,0.01658,0.01617,0.0165,172638352
1588996800000,0.01648,0.01664,0.01626,0.0163,200891481
1589011200000,0.01629,0.0165,0.01603,0.0162,206899167
1589025600000,0.0162,0.01649,0.01614,0.01647,136609698
1589040000000,0.01647,0.01659,0.01625,0.01631,178642619
1589054400000,0.0163,0.0164,0.01608,0.0161,124534206
1589068800000,0.0161,0.01612,0.01257,0.01413,730986255
1589083200000,0.01411,0.0145,0.01396,0.01448,110575848
1589097600000,0.01449,0.0146,0.01424,0.01437,79003100
1589112000000,0.01436,0.0144,0.01395,0.01409,130156157
1589126400000,0.0141,0.01419,0.01346,0.01396,237727140
1589140800000,0.01396,0.01442,0.01396,0.01425,165988165
1589155200000,0.01425,0.01447,0.01413,0.01418,75753420
1589169600000,0.01417,0.01424,0.01392,0.01417,92349019
1589184000000,0.01417,0.0144,0.01392,0.01424,235717372
1589198400000,0.01426,0.0145,0.01405,0.01409,141266555
1589212800000,0.0141,0.01416,0.01319,0.01389,351621187
1589227200000,0.01392,0.01413,0.01375,0.01399,121581475
1589241600000,0.01397,0.01426,0.01393,0.01418,59218885
1589256000000,0.01418,0.01432,0.01405,0.01415,64910914
1589270400000,0.01414,0.01503,0.01413,0.01483,253708644
1589284800000,0.01482,0.01487,0.01447,0.01466,192761693
1589299200000,0.01468,0.01473,0.0144,0.01457,131760981
1589313600000,0.01457,0.01464,0.01411,0.01458,178023405
1589328000000,0.01457,0.01539,0.01449,0.01491,225902167
1589342400000,0.01491,0.01497,0.01463,0.0147,127375042
1589356800000,0.01472,0.01493,0.0146,0.0149,120724852
1589371200000,0.01491,0.01516,0.01482,0.01515,99660200
1589385600000,0.01515,0.01528,0.01487,0.01502,72679141
1589400000000,0.01502,0.01525,0.01493,0.01499,93492329
1589414400000,0.01499,0.01512,0.01485,0.01501,74389927
1589428800000,0.015,0.0152,0.01475,0.01505,101186687
1589443200000,0.01506,0.01537,0.01495,0.0152,180867115
1589457600000,0.0152,0.01525,0.01506,0.01522,63315102
1589472000000,0.01522,0.01529,0.01491,0.01526,141466442
1589486400000,0.01526,0.0154,0.01518,0.01529,107142416
1589500800000,0.01527,0.01538,0.01469,0.01504,149239253
1589515200000,0.01504,0.0152,0.01491,0.01517,83235520
1589529600000,0.01518,0.01532,0.01498,0.01518,77729516
1589544000000,0.01519,0.0152,0.01491,0.01502,103816232
1589558400000,0.01503,0.01514,0.01484,0.0149,101784248
1589572800000,0.0149,0.01507,0.01449,0.0149,167667631
1589587200000,0.0149,0.01511,0.01479,0.015,104769794
1589601600000,0.015,0.01515,0.01485,0.01491,106799456
1589616000000,0.0149,0.01505,0.01486,0.015,41406213
1589630400000,0.015,0.01509,0.0149,0.01493,69422166
1589644800000,0.01493,0.01504,0.01483,0.01497,54424835
1589659200000,0.01498,0.01511,0.01494,0.01498,33164111
1589673600000,0.01498,0.01512,0.01493,0.01501,35790750
1589688000000,0.01501,0.01511,0.01495,0.01506,44199125
1589702400000,0.01506,0.01509,0.01494,0.01499,64523779
1589716800000,0.01499,0.0152,0.01498,0.01516,124050525
1589731200000,0.01516,0.01517,0.01496,0.01508,56425456
1589745600000,0.01509,0.0151,0.01493,0.015,69265770
1589760000000,0.01501,0.01551,0.01497,0.01542,133094056
1589774400000,0.01543,0.0156,0.01525,0.01535,103356625
1589788800000,0.01535,0.01539,0.01499,0.01528,93105785
1589803200000,0.01527,0.01538,0.01519,0.01529,88987938
1589817600000,0.01531,0.01545,0.01521,0.01542,80922795
1589832000000,0.01542,0.01546,0.01532,0.01539,58755441
1589846400000,0.01538,0.0154,0.01508,0.01514,91903063
1589860800000,0.01514,0.01534,0.01508,0.01526,87263403
1589875200000,0.01527,0.01547,0.01527,0.01536,99537601
1589889600000,0.01535,0.01537,0.01517,0.01532,93504215
1589904000000,0.01533,0.01545,0.0153,0.01535,62894125
1589918400000,0.01534,0.0156,0.01532,0.01553,126562645
1589932800000,0.01552,0.01553,0.0153,0.01533,180565782
1589947200000,0.01533,0.01542,0.01522,0.01535,84112576
1589961600000,0.01536,0.0154,0.01523,0.01527,39400996
1589976000000,0.01526,0.01538,0.01457,0.01476,208672825
1589990400000,0.01476,0.01497,0.01468,0.01487,107024453
1590004800000,0.01487,0.01511,0.01487,0.015,160458306
1590019200000,0.01501,0.01511,0.01492,0.01495,86318296
1590033600000,0.01494,0.01499,0.01476,0.01482,54787054
1590048000000,0.01484,0.01491,0.01457,0.01474,127541209
1590062400000,0.01475,0.01479,0.01386,0.01416,211148582
1590076800000,0.01417,0.01427,0.01382,0.01425,111607273
1590091200000,0.01426,0.01432,0.01415,0.01421,52319868
1590105600000,0.01422,0.01433,0.01407,0.01412,42052499
1590120000000,0.01411,0.0145,0.01408,0.01443,71885114
1590134400000,0.01443,0.01466,0.0144,0.01461,60548151
1590148800000,0.01462,0.01474,0.01448,0.01474,67343339
1590163200000,0.01474,0.01505,0.01469,0.01495,159499416
1590177600000,0.01495,0.01511,0.01474,0.01485,146084416
1590192000000,0.01486,0.01578,0.01485,0.01544,442738862
1590206400000,0.01544,0.01552,0.01516,0.01538,219713675
1590220800000,0.01537,0.01538,0.01497,0.01514,192312829
1590235200000,0.01514,0.0152,0.01491,0.01517,136553360
1590249600000,0.01516,0.01518,0.01486,0.01507,95906292
1590264000000,0.01507,0.01516,0.01498,0.01499,47454507
1590278400000,0.01498,0.01516,0.01491,0.0151,98926316
1590292800000,0.0151,0.01531,0.01509,0.0152,114554604
1590307200000,0.0152,0.0153,0.01496,0.01498,129399446
1590321600000,0.01498,0.0151,0.01461,0.01481,186892681
1590336000000,0.0148,0.0148,0.0144,0.01473,119072590
1590350400000,0.01473,0.01477,0.01418,0.0142,136422191
1590364800000,0.01419,0.01455,0.01403,0.01436,141871196
1590379200000,0.01436,0.01461,0.01423,0.01454,114482832
1590393600000,0.01455,0.01468,0.01435,0.01443,109926783
1590408000000,0.01445,0.01457,0.01436,0.01451,121944010
1590422400000,0.01452,0.01473,0.0145,0.01463,93466365
1590436800000,0.01464,0.01477,0.01456,0.01472,62361900
1590451200000,0.01473,0.01478,0.01453,0.01467,63156588
1590465600000,0.01468,0.01469,0.01451,0.01462,43811104
1590480000000,0.01463,0.01469,0.01444,0.01451,67410802
1590494400000,0.01451,0.01457,0.01423,0.01427,85016876
1590508800000,0.01428,0.01449,0.01423,0.01441,70580203
1590523200000,0.01441,0.01463,0.0144,0.01457,57641516
1590537600000,0.01457,0.01465,0.0145,0.01453,43420955
1590552000000,0.01454,0.01467,0.01447,0.0146,79520174
1590566400000,0.0146,0.01499,0.01459,0.01483,144843375
1590580800000,0.01485,0.0149,0.01471,0.01475,60766598
1590595200000,0.01476,0.01484,0.01465,0.01473,38039188
1590609600000,0.01474,0.01477,0.01452,0.0147,75523999
1590624000000,0.01471,0.0148,0.01458,0.01459,36501095
1590638400000,0.01459,0.01473,0.01454,0.01461,56741741
1590652800000,0.01462,0.01475,0.01458,0.01473,41548796
1590667200000,0.01474,0.01502,0.01473,0.01501,91345477
1590681600000,0.015,0.01506,0.0149,0.01497,57724178
1590696000000,0.01497,0.01518,0.01495,0.01514,51444078
1590710400000,0.01514,0.01538,0.01513,0.01523,90999560
1590724800000,0.01524,0.01526,0.01507,0.01521,54299272
1590739200000,0.01521,0.01527,0.01493,0.01501,91617403
1590753600000,0.01501,0.01511,0.01489,0.01504,43078210
1590768000000,0.01504,0.0151,0.01491,0.01499,38620512
1590782400000,0.01498,0.01504,0.01493,0.01501,18525738
1590796800000,0.01501,0.01512,0.01492,0.01511,65113510
1590811200000,0.0151,0.01564,0.01508,0.01556,237134255
1590825600000,0.01556,0.01574,0.01541,0.01574,144477590
1590840000000,0.01574,0.01626,0.01557,0.01607,385778252
1590854400000,0.01607,0.01617,0.01599,0.01609,81466758
1590868800000,0.0161,0.01647,0.01584,0.01638,329199541
1590883200000,0.01639,0.01641,0.01592,0.016,151395143
1590897600000,0.016,0.01711,0.0159,0.01707,337748838
1590912000000,0.01706,0.01719,0.01659,0.01708,491436816
1590926400000,0.01709,0.01725,0.01637,0.01664,382005293
1590940800000,0.01664,0.01694,0.01656,0.0169,145108983
1590955200000,0.01689,0.01703,0.01536,0.01584,513258288
1590969600000,0.01583,0.01638,0.01576,0.01637,183435854
1590984000000,0.01637,0.0165,0.01615,0.01633,206105167
1590998400000,0.01632,0.0164,0.01608,0.01616,149487848
1591012800000,0.01615,0.01664,0.01596,0.01651,227060574
1591027200000,0.0165,0.0166,0.0164,0.01646,103263364
1591041600000,0.01646,0.0171,0.01641,0.01709,326581532
1591056000000,0.0171,0.01718,0.01694,0.01704,133138754
1591070400000,0.01705,0.01721,0.01696,0.01711,84216745
1591084800000,0.01712,0.01725,0.01698,0.0171,175338873
1591099200000,0.0171,0.01761,0.01523,0.01602,572181147
1591113600000,0.01599,0.01637,0.01594,0.01623,160050537
1591128000000,0.01624,0.01643,0.01608,0.01638,135302796
1591142400000,0.01638,0.01641,0.01601,0.01619,97947987
1591156800000,0.01619,0.0163,0.01597,0.01623,118057766
1591171200000,0.01625,0.01659,0.01625,0.01655,138665297
1591185600000,0.01655,0.01689,0.01646,0.01689,226308081
1591200000000,0.01689,0.01696,0.01665,0.01681,214160735
1591214400000,0.01682,0.017,0.01676,0.01694,110418964
1591228800000,0.01693,0.01737,0.01687,0.01729,174221019
1591243200000,0.01729,0.01735,0.01697,0.01706,118987971
1591257600000,0.01707,0.01707,0.01619,0.01677,470129596
1591272000000,0.01677,0.01714,0.0167,0.01698,214417815
1591286400000,0.01699,0.0171,0.01666,0.01684,153063076
1591300800000,0.01684,0.01693,0.01669,0.01687,88179568
1591315200000,0.01687,0.01709,0.01674,0.01692,103208056
1591329600000,0.01693,0.01718,0.01687,0.01712,101853882
1591344000000,0.01712,0.01732,0.01691,0.0171,209538850
1591358400000,0.01712,0.01715,0.01669,0.017,144211809
1591372800000,0.01699,0.01713,0.01694,0.01705,110901363
1591387200000,0.01706,0.01706,0.01683,0.01686,68925574
1591401600000,0.01687,0.01687,0.01648,0.01672,162568277
1591416000000,0.01672,0.01682,0.01661,0.01671,72648884
1591430400000,0.01672,0.01715,0.01661,0.0171,152640386
1591444800000,0.0171,0.01718,0.0169,0.01704,129354472
1591459200000,0.01704,0.01707,0.01681,0.01701,85801992
1591473600000,0.017,0.01709,0.01697,0.01705,50807286
1591488000000,0.01704,0.01769,0.01701,0.01759,353656465
1591502400000,0.01759,0.01765,0.01731,0.01742,194134601
1591516800000,0.01743,0.01749,0.01715,0.0172,285619321
1591531200000,0.01721,0.01762,0.01682,0.01753,582424798
1591545600000,0.01754,0.01813,0.01747,0.01788,939452217
1591560000000,0.0179,0.01823,0.01778,0.01819,350908642
1591574400000,0.0182,0.01826,0.01797,0.01813,201429507
1591588800000,0.01813,0.01868,0.01806,0.01852,373109661
1591603200000,0.01851,0.01855,0.01806,0.01823,505657293
1591617600000,0.01824,0.01825,0.01777,0.01801,525623047
1591632000000,0.018,0.01801,0.01776,0.01786,172349160
1591646400000,0.01785,0.01805,0.0178,0.01795,152510918
1591660800000,0.01797,0.01809,0.01737,0.01752,405548267
1591675200000,0.01753,0.01772,0.01746,0.01766,173551297
1591689600000,0.01765,0.01773,0.0175,0.01769,176816236
1591704000000,0.01769,0.01782,0.01762,0.01771,200905004
1591718400000,0.01771,0.01772,0.01744,0.01758,142344299
1591732800000,0.01759,0.01767,0.01739,0.01756,145006279
1591747200000,0.01756,0.01765,0.0175,0.01754,88925244
1591761600000,0.01754,0.01769,0.01726,0.01745,198984666
1591776000000,0.01745,0.01752,0.01735,0.01741,132990808
1591790400000,0.01741,0.01756,0.0174,0.01747,103727621
1591804800000,0.01747,0.01771,0.01709,0.01754,285402760
1591819200000,0.01755,0.01768,0.01747,0.01762,91463351
1591833600000,0.01761,0.01777,0.01752,0.01756,105183479
1591848000000,0.01756,0.01761,0.01734,0.01747,81856318
1591862400000,0.01747,0.0175,0.01734,0.01737,65014637
1591876800000,0.01737,0.01737,0.01641,0.01653,322867971
1591891200000,0.01653,0.01661,0.01499,0.01586,565083995
1591905600000,0.01587,0.01598,0.01569,0.01574,100536047
1591920000000,0.01574,0.01605,0.01561,0.01601,72013906
1591934400000,0.01601,0.01629,0.01597,0.01626,79990589
1591948800000,0.01626,0.01645,0.0162,0.01643,111515492
1591963200000,0.01643,0.01672,0.01634,0.0164,186703895
1591977600000,0.0164,0.01645,0.01608,0.01639,158425900
1591992000000,0.0164,0.01648,0.0163,0.01644,79394369
1592006400000,0.01645,0.0165,0.01621,0.01625,64719150
1592020800000,0.01625,0.01651,0.01611,0.01645,76837039
1592035200000,0.01647,0.01654,0.01636,0.0164,57194498
1592049600000,0.0164,0.01664,0.01639,0.01656,57912585
1592064000000,0.01656,0.01675,0.01646,0.01651,109462536
1592078400000,0.01651,0.01672,0.01642,0.0167,76755113
1592092800000,0.01669,0.01671,0.01643,0.01649,54664473
1592107200000,0.01649,0.01651,0.01633,0.01637,45151468
1592121600000,0.01637,0.01651,0.01635,0.01645,45332102
1592136000000,0.01644,0.01646,0.01609,0.01632,95327635
1592150400000,0.01632,0.0164,0.01621,0.0163,47414973
1592164800000,0.01631,0.01636,0.016,0.01617,109018307
1592179200000,0.01617,0.01618,0.01549,0.0156,162880935
1592193600000,0.01562,0.01573,0.01498,0.01544,359078454
1592208000000,0.01544,0.01564,0.01535,0.0155,109727758
1592222400000,0.01548,0.01573,0.01521,0.01566,162680545
1592236800000,0.01567,0.016,0.01562,0.01597,140330600
1592251200000,0.01597,0.01622,0.01595,0.01609,89817581
1592265600000,0.01609,0.01628,0.01598,0.01622,77423756
1592280000000,0.01622,0.01623,0.01601,0.01612,64629184
1592294400000,0.01613,0.01624,0.01605,0.01614,102867607
1592308800000,0.01614,0.01623,0.01596,0.01603,108771045
1592323200000,0.01602,0.01614,0.01598,0.0161,40719995
1592337600000,0.0161,0.01617,0.01605,0.01614,20495024
1592352000000,0.01613,0.01616,0.01597,0.01602,60278864
1592366400000,0.01603,0.01646,0.016,0.01637,136773612
1592380800000,0.01636,0.01643,0.01625,0.01631,51748899
1592395200000,0.01631,0.0165,0.01612,0.01615,179723740
1592409600000,0.01615,0.01623,0.01593,0.01593,69905981
1592424000000,0.01595,0.01623,0.01581,0.0162,118857170
1592438400000,0.0162,0.01624,0.01604,0.01609,49729684
1592452800000,0.01609,0.01612,0.01602,0.01611,33226061
1592467200000,0.01612,0.0162,0.01598,0.01617,49409849
1592481600000,0.01619,0.01621,0.01602,0.01603,59021854
1592496000000,0.01603,0.01611,0.01591,0.016,48220165
1592510400000,0.016,0.0161,0.01581,0.01601,64903354
1592524800000,0.016,0.01606,0.01567,0.01574,101094698
1592539200000,0.01574,0.01591,0.01571,0.01581,76705476
1592553600000,0.01582,0.01608,0.0158,0.01607,94776298
1592568000000,0.01607,0.01616,0.01601,0.0161,61731545
1592582400000,0.01611,0.01614,0.01587,0.01595,68322192
1592596800000,0.01594,0.01605,0.01582,0.01586,78075981
1592611200000,0.01586,0.01594,0.0158,0.01588,50647487
1592625600000,0.01588,0.01598,0.01581,0.01586,73465506
1592640000000,0.01585,0.01591,0.01561,0.0159,74010496
1592654400000,0.0159,0.0159,0.01566,0.01571,64543336
1592668800000,0.01572,0.01589,0.01569,0.0158,28865262
1592683200000,0.01581,0.01609,0.01581,0.01597,78803019
1592697600000,0.01597,0.01603,0.01586,0.01589,62355751
1592712000000,0.01589,0.01602,0.01587,0.01592,41701690
1592726400000,0.01592,0.01604,0.0159,0.01595,82489279
1592740800000,0.01594,0.01602,0.01581,0.01597,49447677
1592755200000,0.01597,0.01599,0.01584,0.01588,53046840
1592769600000,0.0159,0.01591,0.01577,0.01583,33398909
1592784000000,0.01583,0.016,0.01581,0.01598,47868645
1592798400000,0.01599,0.01626,0.01598,0.01617,122894588
1592812800000,0.01618,0.0163,0.01615,0.01625,124122878
1592827200000,0.01626,0.01639,0.01612,0.01631,171031623
1592841600000,0.01631,0.01644,0.01627,0.01633,130593418
1592856000000,0.01633,0.01647,0.01632,0.01639,54615926
1592870400000,0.01638,0.01649,0.01623,0.01634,113908021
1592884800000,0.01635,0.01671,0.01623,0.01657,161442334
1592899200000,0.01659,0.01662,0.01642,0.01656,106346955
1592913600000,0.01655,0.01676,0.01646,0.01671,132552147
1592928000000,0.01671,0.01676,0.01662,0.0167,96684674
1592942400000,0.0167,0.01679,0.01647,0.01653,142931982
1592956800000,0.01654,0.01669,0.0165,0.01666,87796835
1592971200000,0.01665,0.01683,0.01624,0.01628,351225477
1592985600000,0.01629,0.01638,0.01597,0.01604,246557045
1593000000000,0.01604,0.01629,0.01563,0.01581,351259017
1593014400000,0.01581,0.01605,0.01578,0.01595,118596274
1593028800000,0.01596,0.016,0.01589,0.01595,46042037
1593043200000,0.01594,0.016,0.01538,0.01566,139965555
1593057600000,0.01565,0.01583,0.01563,0.01581,58674083
1593072000000,0.01581,0.0161,0.01581,0.01604,95912789
1593086400000,0.01605,0.01607,0.01586,0.01593,59249761
1593100800000,0.01592,0.01604,0.01589,0.01599,30569217
1593115200000,0.016,0.01606,0.01587,0.0159,32284040
1593129600000,0.0159,0.01604,0.01582,0.01601,44945577
1593144000000,0.01601,0.01603,0.01569,0.01581,82758602
1593158400000,0.01581,0.01593,0.0157,0.01584,88521885
1593172800000,0.01584,0.01595,0.01565,0.01576,85512497
1593187200000,0.01577,0.01587,0.01572,0.01583,20460289
1593201600000,0.01582,0.01589,0.01582,0.01585,11846101
1593216000000,0.01584,0.01596,0.01578,0.01592,25081491
1593230400000,0.01593,0.01601,0.01586,0.01595,52543706
1593244800000,0.01595,0.016,0.01588,0.01599,36772273
1593259200000,0.01598,0.01599,0.01589,0.01593,33237361
1593273600000,0.01592,0.01594,0.01476,0.01513,256956338
1593288000000,0.01513,0.01556,0.01504,0.01543,131512394
1593302400000,0.01543,0.01544,0.01528,0.01536,40217468
1593316800000,0.01535,0.01551,0.01531,0.01547,49651657
1593331200000,0.01547,0.01571,0.01539,0.01563,87902919
1593345600000,0.01563,0.01584,0.01547,0.01582,70589740
1593360000000,0.01584,0.01596,0.01568,0.01572,46936209
1593374400000,0.01571,0.01588,0.01567,0.01576,49218130
1593388800000,0.01578,0.01609,0.01576,0.01583,116466818
1593403200000,0.01584,0.01599,0.01573,0.01584,65728878
1593417600000,0.01584,0.01613,0.01575,0.01596,92201839
1593432000000,0.01596,0.01624,0.01587,0.01622,141997889
1593446400000,0.01622,0.01633,0.01612,0.01623,62843307
1593460800000,0.01624,0.01638,0.01611,0.01619,119681274
1593475200000,0.01619,0.01631,0.01617,0.0162,44528135
1593489600000,0.0162,0.01648,0.01619,0.01647,92133590
1593504000000,0.01647,0.01656,0.01635,0.01652,85374255
1593518400000,0.01653,0.0166,0.01629,0.0165,170243929
1593532800000,0.01651,0.01658,0.01631,0.01641,65061403
1593547200000,0.01641,0.01654,0.01637,0.01637,59706755
1593561600000,0.01637,0.01641,0.01616,0.01636,162366277
1593576000000,0.01635,0.01643,0.01626,0.01631,75155132
1593590400000,0.01631,0.01648,0.0163,0.01646,62437667
1593604800000,0.01647,0.0169,0.01641,0.0169,154622285
1593619200000,0.01689,0.01702,0.0167,0.01675,162966444
1593633600000,0.01674,0.01698,0.01673,0.01687,95542680
1593648000000,0.01687,0.01726,0.01685,0.01716,212191830
1593662400000,0.01715,0.01721,0.01679,0.01695,178661640
1593676800000,0.01695,0.01695,0.01661,0.01686,164536876
1593691200000,0.01685,0.0172,0.01645,0.01648,388042591
1593705600000,0.01648,0.01665,0.0161,0.01645,302983099
1593720000000,0.01644,0.0167,0.0164,0.01658,127266431
1593734400000,0.01658,0.01672,0.01649,0.01663,64835491
1593748800000,0.01663,0.0168,0.01654,0.01677,83668833
1593763200000,0.01677,0.01689,0.01657,0.01677,144606103
1593777600000,0.01677,0.01687,0.01669,0.01677,100484328
1593792000000,0.01676,0.01686,0.01669,0.01675,68760433
1593806400000,0.01675,0.0168,0.01648,0.01661,93962482
1593820800000,0.01661,0.01685,0.01655,0.01676,119297896
1593835200000,0.01676,0.01683,0.01669,0.01672,52269471
1593849600000,0.01672,0.01675,0.01665,0.0167,76062296
1593864000000,0.01671,0.0168,0.0166,0.01669,111345940
1593878400000,0.0167,0.01693,0.01663,0.0168,144177379
1593892800000,0.01681,0.01685,0.01671,0.01682,40491826
1593907200000,0.01683,0.01685,0.01666,0.01672,66233878
1593921600000,0.01672,0.01676,0.01656,0.01663,102442379
1593936000000,0.01662,0.01667,0.01629,0.01655,150980778
1593950400000,0.01654,0.01665,0.01643,0.01652,116653915
1593964800000,0.01653,0.01662,0.01647,0.01656,55828310
1593979200000,0.01657,0.01702,0.01629,0.01688,184914072
1593993600000,0.01688,0.01781,0.01688,0.01743,655280911
1594008000000,0.01744,0.01778,0.01743,0.01755,289981311
1594022400000,0.01756,0.018,0.01743,0.01791,236057688
1594036800000,0.0179,0.01811,0.01774,0.01808,465456371
1594051200000,0.01807,0.01814,0.01771,0.01781,252162643
1594065600000,0.01781,0.0182,0.01775,0.01802,314275994
1594080000000,0.01802,0.01814,0.01752,0.01768,328587543
1594094400000,0.01767,0.01788,0.01752,0.01764,180958538
1594108800000,0.01764,0.01772,0.01748,0.01766,137099421
1594123200000,0.01766,0.01772,0.01721,0.01735,287246443
1594137600000,0.01736,0.01752,0.01726,0.01727,136947801
1594152000000,0.01727,0.01734,0.01709,0.01724,185083424
1594166400000,0.01724,0.0176,0.01682,0.01757,503733045
1594180800000,0.01758,0.01775,0.01731,0.01771,423199902
1594195200000,0.01771,0.01793,0.01755,0.01786,306733743
1594209600000,0.01785,0.01799,0.01752,0.01776,306808908
1594224000000,0.01775,0.01818,0.01773,0.01809,306089353
1594238400000,0.0181,0.01814,0.0179,0.01793,175454174
1594252800000,0.01792,0.01795,0.01753,0.01773,322741473
1594267200000,0.01773,0.01922,0.01771,0.01872,875731712
1594281600000,0.01872,0.019,0.01858,0.0189,401228417
1594296000000,0.01889,0.01899,0.01772,0.01799,760348069
1594310400000,0.01799,0.0183,0.0179,0.01812,342274459
1594324800000,0.01813,0.01858,0.01805,0.01856,223803969
1594339200000,0.01856,0.01874,0.01836,0.01853,365813577
1594353600000,0.01853,0.01856,0.01779,0.01801,509590907
1594368000000,0.01802,0.01832,0.01797,0.01798,316051381
1594382400000,0.01798,0.01819,0.01785,0.01817,266242927
1594396800000,0.01818,0.01821,0.01805,0.01814,154748474
1594411200000,0.01813,0.0182,0.01793,0.01813,159726932
1594425600000,0.01814,0.0186,0.01812,0.01844,207145908
1594440000000,0.01843,0.0189,0.01828,0.01875,234768212
1594454400000,0.01875,0.01879,0.01823,0.01836,268211258
1594468800000,0.01836,0.01865,0.01831,0.01857,117744888
1594483200000,0.01856,0.01864,0.01826,0.0183,210332622
1594497600000,0.0183,0.01845,0.01828,0.01839,91697039
1594512000000,0.01839,0.01856,0.01833,0.01838,139181037
1594526400000,0.01839,0.01843,0.01827,0.01836,87369672
1594540800000,0.01836,0.01841,0.01817,0.0182,138772434
1594555200000,0.01821,0.01842,0.01786,0.01803,329188478
1594569600000,0.01803,0.01807,0.01792,0.01802,84495607
1594584000000,0.01802,0.01823,0.01801,0.01817,154099545
1594598400000,0.01818,0.01824,0.018,0.01803,233927439
1594612800000,0.01803,0.01814,0.01795,0.0181,158231158
1594627200000,0.01811,0.01838,0.0181,0.01834,207045369
1594641600000,0.01835,0.01846,0.01802,0.01811,254429971
1594656000000,0.01811,0.01819,0.01694,0.01739,368513333
1594670400000,0.01739,0.0176,0.0173,0.01756,106573416
1594684800000,0.01757,0.01757,0.01721,0.0173,168520014
1594699200000,0.01731,0.01746,0.01706,0.01745,200507338
1594713600000,0.01745,0.01759,0.01734,0.01754,219177930
1594728000000,0.01754,0.01762,0.01742,0.01752,148556842
1594742400000,0.01753,0.01778,0.01751,0.01775,185594404
1594756800000,0.01775,0.01779,0.01763,0.01768,98052851
1594771200000,0.01767,0.0178,0.01759,0.01763,118279255
1594785600000,0.01764,0.01772,0.01753,0.01758,154251021
1594800000000,0.01758,0.01768,0.01746,0.01762,152168995
1594814400000,0.01762,0.01776,0.01757,0.01758,206320491
1594828800000,0.01758,0.0177,0.01753,0.01755,119627849
1594843200000,0.01755,0.01765,0.01754,0.01759,54260221
1594857600000,0.01759,0.01764,0.0175,0.01754,76456418
1594872000000,0.01754,0.01759,0.01659,0.01695,360140649
1594886400000,0.01695,0.01701,0.0167,0.01692,191976255
1594900800000,0.01692,0.01707,0.01684,0.01703,143504170
1594915200000,0.01704,0.01716,0.01698,0.01706,113835415
1594929600000,0.01706,0.01723,0.01693,0.01718,83704598
1594944000000,0.01718,0.0173,0.01708,0.0172,63104001
1594958400000,0.0172,0.01723,0.01704,0.01718,63318492
1594972800000,0.01716,0.01727,0.01712,0.01726,56459792
1594987200000,0.01727,0.01738,0.0172,0.01727,77594050
1595001600000,0.01727,0.01729,0.01716,0.0172,54703876
1595016000000,0.01721,0.01727,0.01715,0.01718,32556366
1595030400000,0.01719,0.01725,0.01712,0.01718,58437734
1595044800000,0.01718,0.01721,0.01703,0.01706,64054706
1595059200000,0.01706,0.01725,0.01701,0.01723,62637206
1595073600000,0.01723,0.01733,0.0172,0.01728,50682090
1595088000000,0.01728,0.01735,0.01724,0.01727,55165028
1595102400000,0.01728,0.01745,0.01726,0.01743,89122878
1595116800000,0.01743,0.01761,0.01731,0.01736,178016294
1595131200000,0.01736,0.01755,0.01733,0.01747,75252182
1595145600000,0.01747,0.01749,0.01732,0.01739,113275919
1595160000000,0.01738,0.01738,0.01717,0.01726,106147639
1595174400000,0.01725,0.01742,0.01722,0.01742,58033021
1595188800000,0.01741,0.01758,0.01738,0.01756,123610238
1595203200000,0.01756,0.01759,0.01741,0.01749,65902381
1595217600000,0.01749,0.01754,0.01745,0.01746,59242065
1595232000000,0.01746,0.01751,0.0173,0.01735,105508605
1595246400000,0.01735,0.01739,0.01722,0.01734,96744258
1595260800000,0.01733,0.01735,0.01691,0.01713,165957145
1595275200000,0.01712,0.01724,0.01705,0.01718,69398916
1595289600000,0.01718,0.01728,0.01714,0.01727,73573082
1595304000000,0.01727,0.01754,0.0172,0.01749,174031954
1595318400000,0.01748,0.01774,0.01748,0.01759,283963175
1595332800000,0.01759,0.01774,0.01753,0.01762,209188052
1595347200000,0.01761,0.01765,0.01753,0.01754,83513580
1595361600000,0.01754,0.01765,0.01753,0.01765,36013950
1595376000000,0.01765,0.01766,0.01754,0.01763,65102985
1595390400000,0.01762,0.01762,0.01733,0.01737,141369831
1595404800000,0.01737,0.01756,0.01735,0.01756,107189136
1595419200000,0.01755,0.01757,0.01745,0.01754,58143668
1595433600000,0.01753,0.01754,0.01745,0.01752,63480327
1595448000000,0.01752,0.01802,0.01751,0.01796,169755016
1595462400000,0.01797,0.01811,0.01781,0.01789,74204637
1595476800000,0.0179,0.01791,0.01775,0.0178,41393584
1595491200000,0.0178,0.0179,0.01779,0.01784,52448423
1595505600000,0.01784,0.01799,0.01776,0.01788,149284189
1595520000000,0.01788,0.01807,0.01787,0.01797,109355574
1595534400000,0.01797,0.01798,0.01784,0.01792,35465331
1595548800000,0.01793,0.01793,0.01779,0.01782,51602406
1595563200000,0.01782,0.01784,0.01746,0.01758,86606350
1595577600000,0.01759,0.01784,0.01758,0.01774,57216221
1595592000000,0.01775,0.01783,0.0177,0.0178,43278471
1595606400000,0.01781,0.01824,0.01775,0.01821,259760559
1595620800000,0.01821,0.01831,0.0179,0.01797,215047490
1595635200000,0.01796,0.01836,0.01793,0.01825,208483041
1595649600000,0.01825,0.01852,0.01818,0.01842,257207288
1595664000000,0.01841,0.01853,0.01823,0.01827,245538081
1595678400000,0.01826,0.01841,0.01812,0.01835,176525933
1595692800000,0.01835,0.0186,0.0183,0.01855,240068578
1595707200000,0.01855,0.01884,0.01853,0.01881,293756718
1595721600000,0.01882,0.01916,0.01853,0.01903,332707899
1595736000000,0.01903,0.01919,0.01883,0.01909,373845046
1595750400000,0.01908,0.01944,0.01835,0.01874,619873107
1595764800000,0.01875,0.01875,0.01816,0.0186,305392170
1595779200000,0.0186,0.01872,0.01848,0.0185,112739163
1595793600000,0.0185,0.01862,0.01847,0.01854,62257668
1595808000000,0.01855,0.01899,0.01852,0.01867,318859752
1595822400000,0.01867,0.0187,0.01823,0.01826,230184545
1595836800000,0.01826,0.01859,0.01822,0.01849,139095646
1595851200000,0.0185,0.01866,0.01754,0.01791,445962388
1595865600000,0.01792,0.01892,0.01791,0.01873,329556181
1595880000000,0.01873,0.01921,0.01815,0.01874,694923466
1595894400000,0.01875,0.01907,0.01853,0.01857,348363644
1595908800000,0.01858,0.01878,0.01842,0.01853,181215376
1595923200000,0.01855,0.01869,0.01818,0.01865,199101710
1595937600000,0.01865,0.01925,0.01849,0.01924,328656928
1595952000000,0.01924,0.01942,0.01881,0.01927,592274297
1595966400000,0.01927,0.01954,0.01889,0.01915,254156085
1595980800000,0.01914,0.02005,0.01895,0.01991,533686228
1595995200000,0.01991,0.01991,0.01959,0.01971,254943895
1596009600000,0.01973,0.01982,0.01932,0.01958,314240642
1596024000000,0.01959,0.01974,0.01901,0.01943,396753770
1596038400000,0.01943,0.01961,0.01911,0.01942,223428527
1596052800000,0.01942,0.01975,0.01913,0.01919,372990817
1596067200000,0.01919,0.01924,0.01876,0.01903,251979372
1596081600000,0.01902,0.0192,0.01883,0.01902,246672506
1596096000000,0.01902,0.01914,0.01881,0.01887,101066305
1596110400000,0.01887,0.01916,0.01867,0.01912,161859772
1596124800000,0.01911,0.0194,0.01899,0.01938,183087837
1596139200000,0.01937,0.01945,0.01911,0.01918,150457874
1596153600000,0.01919,0.01936,0.019,0.01901,184424087
1596168000000,0.01902,0.01941,0.019,0.01917,103699882
1596182400000,0.0192,0.01948,0.01917,0.01945,188625701
1596196800000,0.01947,0.01954,0.01921,0.01941,196977305
1596211200000,0.01943,0.01981,0.01935,0.01976,363186565
1596225600000,0.01976,0.01982,0.01956,0.01971,106927451
1596240000000,0.0197,0.02,0.01957,0.01996,189900527
1596254400000,0.01994,0.02017,0.01981,0.01986,276995688
1596268800000,0.01986,0.02012,0.01979,0.02,181756094
1596283200000,0.02,0.0201,0.01855,0.01974,383704741
1596297600000,0.01975,0.021,0.01971,0.02055,698250715
1596312000000,0.02053,0.02084,0.02036,0.0205,295458136
1596326400000,0.02051,0.02139,0.02049,0.02129,624043737
1596340800000,0.0213,0.02133,0.0173,0.0196,1307148622
1596355200000,0.0196,0.01965,0.01861,0.01899,705963598
1596369600000,0.01899,0.01928,0.01864,0.01897,311804067
1596384000000,0.01897,0.01948,0.01891,0.0192,317572014
1596398400000,0.01921,0.01931,0.01888,0.0191,388368126
1596412800000,0.0191,0.01954,0.01873,0.0194,319202918
1596427200000,0.0194,0.01969,0.01929,0.01957,188651558
1596441600000,0.01955,0.0198,0.01927,0.01975,228992674
1596456000000,0.01975,0.02,0.01964,0.01981,260782855
1596470400000,0.01982,0.02017,0.01968,0.01999,277926104
1596484800000,0.02,0.02012,0.01964,0.01992,298091097
1596499200000,0.0199,0.02043,0.0199,0.02017,247187855
1596513600000,0.02017,0.02037,0.02006,0.02034,133604360
1596528000000,0.02033,0.02073,0.01993,0.02021,570598631
1596542400000,0.02019,0.02064,0.0199,0.02059,320411922
1596556800000,0.02059,0.02066,0.02029,0.0204,121001041
1596571200000,0.0204,0.02054,0.0203,0.02041,84996994
1596585600000,0.02043,0.02055,0.02012,0.02028,140037233
1596600000000,0.02028,0.0205,0.02023,0.02037,97363390
1596614400000,0.02037,0.02075,0.02027,0.0207,268100856
1596628800000,0.02069,0.02073,0.02025,0.02031,267798620
1596643200000,0.02032,0.02055,0.02025,0.0204,141905866
1596657600000,0.02041,0.02046,0.02004,0.02036,233374260
1596672000000,0.02036,0.02042,0.02007,0.02013,147549242
1596686400000,0.02013,0.02032,0.01994,0.02019,162354280
1596700800000,0.02017,0.02028,0.02004,0.02013,109098170
1596715200000,0.02014,0.0206,0.02013,0.02047,267262691
1596729600000,0.02048,0.02052,0.02021,0.02035,139205899
1596744000000,0.02036,0.02047,0.02009,0.02027,148890168
1596758400000,0.02027,0.02051,0.02022,0.02039,130340915
1596772800000,0.02038,0.02051,0.02031,0.02051,103582894
1596787200000,0.0205,0.02118,0.02048,0.02072,512895196
1596801600000,0.02073,0.02085,0.01996,0.02029,365753781
1596816000000,0.02029,0.02036,0.01876,0.01956,734933586
1596830400000,0.01956,0.02003,0.01947,0.0199,105544932
1596844800000,0.01989,0.01999,0.01968,0.01986,76637023
1596859200000,0.01986,0.02027,0.01984,0.02011,159855147
1596873600000,0.0201,0.02046,0.02002,0.02042,117868998
1596888000000,0.02042,0.02058,0.02028,0.02049,95614348
1596902400000,0.02049,0.02055,0.02025,0.02035,126590401
1596916800000,0.02034,0.0205,0.02019,0.02047,82510355
1596931200000,0.02049,0.02063,0.02041,0.02053,145635961
1596945600000,0.02053,0.02055,0.02031,0.02047,61483805
1596960000000,0.02047,0.02068,0.02035,0.02064,139501883
1596974400000,0.02064,0.02064,0.02011,0.02024,210083828
1596988800000,0.02023,0.02054,0.0202,0.02045,126815327
1597003200000,0.02043,0.02055,0.02036,0.02049,84860132
1597017600000,0.02049,0.02092,0.02047,0.02076,240830105
1597032000000,0.02078,0.02087,0.02065,0.02076,189737544
1597046400000,0.02075,0.02195,0.02075,0.02144,787302981
1597060800000,0.02144,0.02185,0.0213,0.02165,402006069
1597075200000,0.02165,0.02174,0.02117,0.02141,318709601
1597089600000,0.02141,0.02158,0.0212,0.0215,172887808
1597104000000,0.02149,0.02158,0.02121,0.02126,189175508
1597118400000,0.02126,0.02144,0.02082,0.02089,262472977
1597132800000,0.0209,0.02104,0.02034,0.02087,244365773
1597147200000,0.02087,0.02087,0.01977,0.02021,386623929
1597161600000,0.02018,0.02037,0.01981,0.02015,261118766
1597176000000,0.02015,0.02032,0.01936,0.02014,280386600
1597190400000,0.02013,0.02015,0.01958,0.01988,203391053
1597204800000,0.01989,0.01993,0.01899,0.01986,294396345
1597219200000,0.01987,0.02043,0.01983,0.0202,166547704
1597233600000,0.0202,0.02047,0.02003,0.02028,194542308
1597248000000,0.02028,0.02037,0.02,0.02017,164914918
1597262400000,0.02017,0.02033,0.02012,0.02024,105609472
1597276800000,0.02022,0.02041,0.02016,0.02031,140393093
1597291200000,0.02031,0.02044,0.0201,0.02019,165148060
1597305600000,0.02018,0.02052,0.01954,0.02039,351572983
1597320000000,0.02038,0.0214,0.02012,0.02135,525368060
1597334400000,0.02136,0.02306,0.02111,0.0226,1673725233
1597348800000,0.0226,0.02296,0.022,0.02243,858620814
1597363200000,0.02243,0.02442,0.02238,0.02339,1028986211
1597377600000,0.02339,0.02426,0.02318,0.02377,730263268
1597392000000,0.02377,0.02485,0.02361,0.02462,649559755
1597406400000,0.02462,0.02494,0.0235,0.02476,723293286
1597420800000,0.02476,0.02593,0.02456,0.02498,789265293
1597435200000,0.02498,0.02525,0.02468,0.02477,376638570
1597449600000,0.02476,0.02507,0.024,0.02419,583688546
1597464000000,0.02419,0.02425,0.02367,0.02411,174867183
1597478400000,0.02411,0.02431,0.02363,0.02414,253953032
1597492800000,0.02416,0.02579,0.0237,0.02514,606785462
1597507200000,0.02514,0.02539,0.02458,0.0252,353215781
1597521600000,0.0252,0.02535,0.02439,0.02528,351969121
1597536000000,0.02527,0.02615,0.02461,0.02553,354812495
1597550400000,0.02554,0.02594,0.02525,0.02547,306963774
1597564800000,0.02546,0.02547,0.02431,0.02452,320931299
1597579200000,0.02453,0.02795,0.02401,0.02764,1295568103
1597593600000,0.02765,0.02867,0.02695,0.02822,638476799
1597608000000,0.02822,0.02857,0.02767,0.02827,342911324
1597622400000,0.02828,0.02831,0.02675,0.02787,532062123
1597636800000,0.02785,0.02938,0.02719,0.02899,559128287
1597651200000,0.02899,0.0304,0.02891,0.02978,1027533546
1597665600000,0.02978,0.03021,0.02793,0.02934,878916571
1597680000000,0.02936,0.03098,0.02917,0.03037,561270066
1597694400000,0.03036,0.03146,0.03004,0.03042,368767844
1597708800000,0.03043,0.03252,0.03029,0.03169,818551173
1597723200000,0.03167,0.03204,0.03057,0.03142,871756229
1597737600000,0.03142,0.0315,0.02871,0.02877,1206137743
1597752000000,0.02879,0.0311,0.02787,0.03016,1340301291
1597766400000,0.03016,0.03073,0.02866,0.0294,784925186
1597780800000,0.0294,0.02972,0.02858,0.02882,239473254
1597795200000,0.0288,0.02903,0.02629,0.02666,908627537
1597809600000,0.02661,0.02785,0.02568,0.02779,1153966084
1597824000000,0.02779,0.02786,0.02663,0.02732,705860707
1597838400000,0.0273,0.0285,0.02659,0.0269,734661741
1597852800000,0.02691,0.02719,0.02584,0.02608,660629294
1597867200000,0.02607,0.02682,0.0255,0.02652,408176956
1597881600000,0.02652,0.02781,0.02647,0.02677,573299470
1597896000000,0.02675,0.0274,0.02648,0.02681,409896865
1597910400000,0.0268,0.02762,0.02664,0.02756,300167912
1597924800000,0.02756,0.02776,0.02726,0.02768,257041659
1597939200000,0.02768,0.02773,0.02706,0.02713,173851480
1597953600000,0.02711,0.02759,0.02706,0.0275,134682959
1597968000000,0.02752,0.02777,0.02669,0.02765,396611650
1597982400000,0.02765,0.02772,0.027,0.02707,242121066
1597996800000,0.02707,0.02735,0.02623,0.02648,298916684
1598011200000,0.02648,0.02672,0.02572,0.02603,333663063
1598025600000,0.02605,0.02619,0.02503,0.02541,405377480
1598040000000,0.02542,0.0257,0.02402,0.02426,343263107
1598054400000,0.02428,0.02456,0.02334,0.02432,440159281
1598068800000,0.0243,0.02476,0.02385,0.02455,334041281
1598083200000,0.02455,0.0249,0.02427,0.02458,367883128
1598097600000,0.02458,0.02542,0.02448,0.0249,402185212
1598112000000,0.0249,0.02498,0.02423,0.02427,316316543
1598126400000,0.02428,0.02557,0.02415,0.02517,318023068
1598140800000,0.02516,0.02532,0.02446,0.02459,265420356
1598155200000,0.02461,0.02465,0.02381,0.02446,226102751
1598169600000,0.02444,0.02455,0.02363,0.02363,194757305
1598184000000,0.02366,0.02458,0.02362,0.02447,192569228
1598198400000,0.0245,0.02496,0.02427,0.02473,163389254
1598212800000,0.02472,0.02479,0.02422,0.02437,139170722
1598227200000,0.02438,0.02458,0.02392,0.02455,158457674
1598241600000,0.02454,0.02524,0.02444,0.02519,217501508
1598256000000,0.02518,0.02562,0.02493,0.02557,181410290
1598270400000,0.02555,0.02575,0.02491,0.02523,274992010
1598284800000,0.02525,0.02553,0.02493,0.02547,102524576
1598299200000,0.02549,0.02554,0.02495,0.02513,109613951
1598313600000,0.02515,0.02549,0.0245,0.02473,209496747
1598328000000,0.02473,0.02491,0.02423,0.02441,132108261
1598342400000,0.02443,0.02469,0.02407,0.02448,129262282
1598356800000,0.02449,0.02456,0.02335,0.02373,389026390
1598371200000,0.02371,0.02397,0.02214,0.02292,595130374
1598385600000,0.02292,0.02338,0.02263,0.02301,125331889
1598400000000,0.023,0.02342,0.02276,0.02311,156478151
1598414400000,0.0231,0.02344,0.02286,0.02311,116482796
1598428800000,0.02312,0.02361,0.02301,0.02335,153364844
1598443200000,0.02335,0.02386,0.02295,0.0238,221444083
1598457600000,0.0238,0.02394,0.02352,0.02381,160478282
1598472000000,0.0238,0.02389,0.02355,0.02372,149494667
1598486400000,0.02373,0.0245,0.02362,0.02387,332094957
1598500800000,0.02387,0.02396,0.02333,0.02393,181037185
1598515200000,0.02393,0.02406,0.02328,0.02334,162627639
1598529600000,0.02334,0.02391,0.0227,0.02282,406621922
1598544000000,0.02282,0.02306,0.02206,0.02279,277686400
1598558400000,0.02279,0.0232,0.02268,0.02305,175135898
1598572800000,0.02307,0.02364,0.02268,0.0236,240224788
1598587200000,0.02362,0.02363,0.02323,0.02335,100616233
1598601600000,0.02334,0.02414,0.02324,0.02411,201555775
1598616000000,0.02411,0.02414,0.0236,0.02395,283625830
1598630400000,0.02397,0.02433,0.0238,0.024,194947243
1598644800000,0.02397,0.02411,0.02373,0.02395,94338813
1598659200000,0.02395,0.02411,0.02374,0.02401,75016986
1598673600000,0.02401,0.02487,0.02396,0.02475,205110861
1598688000000,0.02475,0.02487,0.02437,0.02447,138774342
1598702400000,0.02445,0.02496,0.02432,0.02478,116101635
1598716800000,0.02479,0.02526,0.02462,0.02503,155413590
1598731200000,0.02503,0.02528,0.02488,0.02495,105380688
1598745600000,0.02493,0.02644,0.02492,0.0262,280143050
1598760000000,0.02619,0.02643,0.02579,0.02627,203699543
1598774400000,0.02626,0.02713,0.02602,0.02669,371982931
1598788800000,0.02669,0.0272,0.02658,0.02687,496412124
1598803200000,0.02687,0.02785,0.02686,0.02776,431727124
1598817600000,0.02777,0.02824,0.02677,0.02698,408985287
1598832000000,0.02696,0.02742,0.02652,0.02664,286282025
1598846400000,0.02662,0.02674,0.02582,0.02597,273402083
1598860800000,0.02595,0.02678,0.02595,0.02654,241667984
1598875200000,0.02654,0.02945,0.02628,0.02907,1010605151
1598889600000,0.02907,0.02995,0.02875,0.02935,1434902502
1598904000000,0.02934,0.02978,0.02903,0.02922,495351001
1598918400000,0.02923,0.03093,0.02813,0.03023,1083521426
1598932800000,0.03023,0.0306,0.02968,0.02988,509388859
1598947200000,0.02987,0.03082,0.02939,0.03011,534392635
1598961600000,0.0301,0.03158,0.02972,0.03095,1024449355
1598976000000,0.03095,0.03512,0.03081,0.03398,1767035946
1598990400000,0.03398,0.03615,0.03345,0.03471,1316379631
1599004800000,0.0347,0.03543,0.03322,0.03514,1403504620
1599019200000,0.03513,0.03734,0.0348,0.03604,2224078561
1599033600000,0.03602,0.03696,0.03107,0.03506,2816480965
1599048000000,0.03505,0.03844,0.03271,0.03379,4933668855
1599062400000,0.0338,0.03452,0.03187,0.03441,2237746320
1599076800000,0.03441,0.03609,0.03397,0.03447,1011238439
1599091200000,0.03447,0.038,0.03392,0.03758,2125534132
1599105600000,0.03759,0.03836,0.03551,0.03751,2315609534
1599120000000,0.03751,0.03976,0.03684,0.0386,3102343924
1599134400000,0.03861,0.03948,0.0357,0.03906,3990177777
1599148800000,0.03907,0.04983,0.03884,0.04611,7040835253
1599163200000,0.04612,0.04764,0.039,0.03987,3736363046
1599177600000,0.03986,0.0418,0.0353,0.03969,3705320918
1599192000000,0.03965,0.04429,0.03954,0.04245,2277925911
1599206400000,0.04248,0.04477,0.03762,0.03984,3036452657
1599220800000,0.03985,0.03999,0.03125,0.03451,3809887628
1599235200000,0.0345,0.03575,0.03321,0.0348,1577780542
1599249600000,0.03478,0.0373,0.03441,0.03541,1141202141
1599264000000,0.03539,0.03657,0.03452,0.03574,861277383
1599278400000,0.03574,0.03576,0.03284,0.03337,1315338313
1599292800000,0.03336,0.03337,0.03034,0.03218,2540145563
1599307200000,0.03219,0.0337,0.02938,0.03284,2238783868
1599321600000,0.03284,0.03352,0.0271,0.0291,2224338868
1599336000000,0.02911,0.0302,0.02814,0.02985,858284419
1599350400000,0.02989,0.03098,0.02826,0.02844,887038330
1599364800000,0.02847,0.03079,0.02798,0.03049,976023751
1599379200000,0.03049,0.03216,0.0297,0.03176,1537196448
1599393600000,0.03179,0.03258,0.02932,0.03018,1302740571
1599408000000,0.0302,0.03239,0.02988,0.03209,760732357
1599422400000,0.03208,0.03217,0.03066,0.0314,435235511
1599436800000,0.03137,0.03218,0.03023,0.03063,462203856
1599451200000,0.03063,0.03117,0.02985,0.03069,637464447
1599465600000,0.03068,0.0312,0.02909,0.02968,592461727
1599480000000,0.02969,0.03127,0.0282,0.03103,975936172
1599494400000,0.03099,0.03171,0.03076,0.03105,483792218
1599508800000,0.03105,0.03258,0.03061,0.03248,404289499
1599523200000,0.03247,0.03285,0.03141,0.03209,520199642
1599537600000,0.03209,0.03518,0.03186,0.03443,1305464936
1599552000000,0.03441,0.03484,0.03175,0.03216,1182696258
1599566400000,0.0322,0.03485,0.03199,0.03408,1167083779
1599580800000,0.03409,0.03549,0.03304,0.03391,1231068854
1599595200000,0.03389,0.03515,0.03271,0.03513,757838591
1599609600000,0.03513,0.03585,0.03399,0.03444,816670548
1599624000000,0.03443,0.03539,0.03409,0.03533,521323071
1599638400000,0.03534,0.03549,0.03424,0.03444,476393971
1599652800000,0.03443,0.03487,0.03356,0.03457,586203268
1599667200000,0.03457,0.03476,0.03385,0.03425,416592827
1599681600000,0.03422,0.03441,0.03348,0.0339,275296029
1599696000000,0.03394,0.03518,0.03387,0.03447,502969843
1599710400000,0.03447,0.03448,0.03351,0.03374,499439163
1599724800000,0.03374,0.03374,0.03291,0.03327,365509474
1599739200000,0.03331,0.03448,0.0332,0.0335,730489803
1599753600000,0.0335,0.03367,0.03233,0.03253,397212045
1599768000000,0.03253,0.03331,0.03252,0.03296,184805143
1599782400000,0.03296,0.03374,0.03139,0.03157,552490125
1599796800000,0.03157,0.03259,0.03136,0.03237,450512259
1599811200000,0.03234,0.0331,0.03226,0.03259,418973689
1599825600000,0.03259,0.03403,0.03259,0.0336,674939164
1599840000000,0.0336,0.03447,0.03347,0.03384,411076283
1599854400000,0.03385,0.03401,0.03318,0.03345,219207790
1599868800000,0.03344,0.03353,0.03252,0.03283,284290301
1599883200000,0.03285,0.03309,0.0324,0.03287,185656509
1599897600000,0.03287,0.03288,0.0321,0.03237,252364104
1599912000000,0.03238,0.03274,0.03193,0.0325,282809974
1599926400000,0.0325,0.03292,0.03205,0.03274,251132005
1599940800000,0.03275,0.033,0.03255,0.0327,160645993
1599955200000,0.0327,0.03282,0.03192,0.03244,306290836
1599969600000,0.03245,0.03262,0.03198,0.03225,188180240
1599984000000,0.03225,0.03225,0.0308,0.03192,586776207
1599998400000,0.0319,0.03224,0.03037,0.0304,500466899
1600012800000,0.0304,0.03046,0.02915,0.03028,747268034
1600027200000,0.03028,0.03056,0.02985,0.03056,299839418
1600041600000,0.03056,0.03115,0.02984,0.03099,439641699
1600056000000,0.03098,0.03099,0.03038,0.03086,283660992
1600070400000,0.03087,0.03108,0.03044,0.03079,303538322
1600084800000,0.03079,0.03143,0.03063,0.03107,495517437
1600099200000,0.03107,0.03111,0.03004,0.03019,321443642
1600113600000,0.03019,0.03058,0.03007,0.03031,229001698
1600128000000,0.03033,0.03041,0.02969,0.02995,413434756
1600142400000,0.02995,0.03003,0.02938,0.02971,302129386
1600156800000,0.02971,0.02986,0.02906,0.02978,508491603
1600171200000,0.02978,0.03,0.02799,0.02842,690093429
1600185600000,0.02844,0.02903,0.02762,0.02822,641625418
1600200000000,0.02821,0.0285,0.0274,0.02781,432682500
1600214400000,0.02781,0.02781,0.02632,0.02707,871715537
1600228800000,0.02707,0.0276,0.02676,0.0274,539661912
1600243200000,0.0274,0.02778,0.02663,0.02745,713409024
1600257600000,0.02745,0.03,0.02648,0.02759,3399062072
1600272000000,0.02759,0.02764,0.02616,0.02633,849089621
1600286400000,0.02633,0.02681,0.02613,0.0264,335078885
1600300800000,0.02641,0.02745,0.02633,0.02645,629559889
1600315200000,0.02645,0.027,0.02633,0.02668,428906728
1600329600000,0.0267,0.02755,0.0265,0.02741,521876691
1600344000000,0.02741,0.02749,0.02682,0.02727,396804570
1600358400000,0.02727,0.02847,0.02694,0.02814,632548759
1600372800000,0.02814,0.02831,0.02772,0.02812,331694532
1600387200000,0.02812,0.02887,0.02777,0.02861,376795980
1600401600000,0.02861,0.0292,0.02822,0.02909,379623885
1600416000000,0.02907,0.02984,0.02867,0.02947,526680922
1600430400000,0.02946,0.02959,0.02811,0.02846,472024241
1600444800000,0.02846,0.0291,0.02819,0.02885,391942555
1600459200000,0.02885,0.02927,0.02864,0.02905,225865672
1600473600000,0.02905,0.02928,0.02869,0.0288,179250279
1600488000000,0.0288,0.02884,0.02813,0.02818,188033848
1600502400000,0.02818,0.02847,0.02766,0.02844,350404575
1600516800000,0.02844,0.02874,0.02817,0.02826,256411888
1600531200000,0.02825,0.02836,0.02767,0.02775,273959575
1600545600000,0.02776,0.02792,0.02752,0.02766,136845858
1600560000000,0.02766,0.0277,0.02688,0.02722,275797122
1600574400000,0.02723,0.02769,0.02716,0.02749,174109880
1600588800000,0.02749,0.02764,0.02734,0.02759,135320767
1600603200000,0.02759,0.02761,0.02665,0.02671,360401437
1600617600000,0.02672,0.02695,0.02637,0.0268,247918472
1600632000000,0.0268,0.02708,0.02643,0.02691,208472867
1600646400000,0.02693,0.02747,0.02675,0.02743,267751077
1600660800000,0.02743,0.02746,0.02678,0.0268,185314714
1600675200000,0.0268,0.02694,0.0257,0.02612,721167004
1600689600000,0.02612,0.02612,0.02451,0.02488,554725955
1600704000000,0.02488,0.02507,0.02456,0.02503,270484773
1600718400000,0.02505,0.0253,0.02478,0.02488,156525388
1600732800000,0.02488,0.02529,0.02466,0.02518,173891250
1600747200000,0.02518,0.02547,0.0247,0.02473,172147594
1600761600000,0.02473,0.02497,0.02469,0.02477,128685669
1600776000000,0.02477,0.02502,0.02446,0.0248,241464027
1600790400000,0.0248,0.02523,0.0248,0.02504,149290265
1600804800000,0.02502,0.02507,0.02473,0.02497,142898172
1600819200000,0.02497,0.02525,0.02493,0.02505,165851181
1600833600000,0.02505,0.02511,0.02459,0.02479,179292463
1600848000000,0.02479,0.02579,0.02468,0.02545,298244349
1600862400000,0.02546,0.02598,0.02531,0.02598,396997910
1600876800000,0.02596,0.02609,0.025,0.02521,419351503
1600891200000,0.0252,0.02534,0.02466,0.02485,296582595
1600905600000,0.02484,0.02507,0.02442,0.02502,216864677
1600920000000,0.02502,0.02525,0.0248,0.02521,181592990
1600934400000,0.02521,0.02561,0.02487,0.02546,251757698
1600948800000,0.02546,0.02594,0.02513,0.02579,311259784
1600963200000,0.02578,0.0262,0.02577,0.02586,237854878
1600977600000,0.02584,0.02634,0.02579,0.02624,161635820
1600992000000,0.02624,0.02636,0.02594,0.02615,255105173
1601006400000,0.02615,0.0263,0.02589,0.02615,175731879
1601020800000,0.02615,0.02617,0.02545,0.02614,316919244
1601035200000,0.02614,0.0266,0.02587,0.0266,386184204
1601049600000,0.0266,0.02725,0.02633,0.02701,327522182
1601064000000,0.02701,0.02742,0.02688,0.02712,220705113
1601078400000,0.02712,0.02891,0.02711,0.02831,488210843
1601092800000,0.02833,0.02865,0.02803,0.02812,229124679
1601107200000,0.02812,0.02826,0.02779,0.02822,252612824
1601121600000,0.02822,0.02823,0.02744,0.02777,286559109
1601136000000,0.02777,0.02805,0.02726,0.0274,195187755
1601150400000,0.02741,0.02763,0.02696,0.02717,150351360
1601164800000,0.02716,0.02757,0.02701,0.02739,213718440
1601179200000,0.0274,0.02748,0.02624,0.02653,376059245
1601193600000,0.02653,0.02653,0.02602,0.0261,248134111
1601208000000,0.02609,0.02653,0.02593,0.02645,205311605
1601222400000,0.02646,0.02654,0.02622,0.02645,194893488
1601236800000,0.02646,0.02663,0.0263,0.02657,163041845
1601251200000,0.02657,0.02702,0.02657,0.02679,197081166
1601265600000,0.02679,0.02684,0.02632,0.02651,190516142
1601280000000,0.02651,0.02687,0.02642,0.02678,210877029
1601294400000,0.02679,0.02716,0.02675,0.02696,246591714
1601308800000,0.02696,0.02704,0.02662,0.02682,189107442
1601323200000,0.02683,0.02693,0.02608,0.02623,229901613
1601337600000,0.02623,0.02635,0.02607,0.02608,139927496
1601352000000,0.02609,0.02641,0.02605,0.02631,126005332
1601366400000,0.02632,0.0264,0.02613,0.02631,133362974
1601380800000,0.02631,0.02639,0.02607,0.02615,148725665
1601395200000,0.02616,0.02622,0.02544,0.02578,327546334
1601409600000,0.02578,0.02636,0.02578,0.02627,155364082
1601424000000,0.02627,0.02629,0.02583,0.02584,153016327
1601438400000,0.02583,0.02597,0.0257,0.02584,115451683
1601452800000,0.02585,0.02609,0.02575,0.02585,170847768
1601467200000,0.02585,0.02657,0.0258,0.02635,238878681
1601481600000,0.02635,0.02647,0.02596,0.02604,244431834
1601496000000,0.02603,0.02622,0.02599,0.0262,83035956
1601510400000,0.0262,0.02651,0.02615,0.02625,114409975
1601524800000,0.02624,0.02647,0.02616,0.02641,113256743
1601539200000,0.02641,0.02678,0.0263,0.02674,189935749
1601553600000,0.02674,0.02675,0.02604,0.02605,242440690
1601568000000,0.02606,0.02609,0.02503,0.02551,680294559
1601582400000,0.02551,0.02586,0.02531,0.02581,120932101
1601596800000,0.02581,0.02587,0.02552,0.02583,105082346
1601611200000,0.02583,0.02589,0.02455,0.02473,346288352
1601625600000,0.02472,0.0249,0.02392,0.02435,307057676
1601640000000,0.02435,0.02515,0.02432,0.02507,223640587
1601654400000,0.02507,0.02562,0.02491,0.02556,172082568
1601668800000,0.02556,0.02616,0.02552,0.02591,314784991
1601683200000,0.0259,0.0268,0.02575,0.02668,335813315
1601697600000,0.02668,0.02698,0.02633,0.02684,362239670
1601712000000,0.02684,0.02772,0.0266,0.02736,684374464
1601726400000,0.02736,0.02798,0.02691,0.02792,589465617
1601740800000,0.02791,0.02847,0.02775,0.0282,710712650
1601755200000,0.0282,0.02823,0.02705,0.02716,527780348
1601769600000,0.02716,0.02738,0.02657,0.02677,546245074
1601784000000,0.02676,0.027,0.02643,0.02672,411268839
1601798400000,0.02672,0.02683,0.02609,0.02627,415729106
1601812800000,0.02628,0.02658,0.02589,0.0259,378691405
1601827200000,0.02591,0.02657,0.02582,0.02631,296869891
1601841600000,0.02631,0.02656,0.02617,0.02642,146879210
1601856000000,0.02642,0.02685,0.02611,0.02619,243003968
1601870400000,0.0262,0.02628,0.0259,0.02613,191944558
1601884800000,0.02614,0.02624,0.02604,0.02611,131821215
1601899200000,0.02611,0.02648,0.02607,0.02626,177880944
1601913600000,0.02627,0.02637,0.02605,0.02619,113827157
1601928000000,0.02619,0.02653,0.02617,0.02642,117895667
1601942400000,0.02643,0.02655,0.02624,0.02649,146428477
1601956800000,0.0265,0.0266,0.02607,0.02612,129879326
1601971200000,0.02612,0.02634,0.02544,0.02574,278619413
1601985600000,0.02573,0.02618,0.02533,0.02608,321663783
1602000000000,0.02608,0.02656,0.02547,0.0256,355280746
1602014400000,0.0256,0.02563,0.02524,0.02557,124793975
1602028800000,0.02556,0.02557,0.025,0.02521,214710600
1602043200000,0.0252,0.02551,0.02513,0.02538,125781148
1602057600000,0.02538,0.02544,0.02512,0.02524,140648361
1602072000000,0.02524,0.02557,0.02522,0.02534,143279101
1602086400000,0.02534,0.02566,0.02518,0.02555,192910454
1602100800000,0.02555,0.0256,0.02536,0.0255,70530440
1602115200000,0.02549,0.02552,0.02525,0.02534,69394030
1602129600000,0.02534,0.02537,0.02494,0.02513,122686811
1602144000000,0.02512,0.02533,0.02499,0.0252,164925263
1602158400000,0.0252,0.02598,0.02513,0.02567,362126980
1602172800000,0.02567,0.02588,0.02554,0.02567,144753009
1602187200000,0.02568,0.02585,0.02557,0.0257,104996938
1602201600000,0.0257,0.02621,0.02558,0.02589,166608282
1602216000000,0.02589,0.02592,0.02568,0.02586,87962877
1602230400000,0.02586,0.02643,0.0257,0.02628,246761980
1602244800000,0.02628,0.02643,0.02614,0.02642,215432137
1602259200000,0.02642,0.02648,0.02614,0.0262,158644812
1602273600000,0.0262,0.02644,0.02614,0.02626,122694070
1602288000000,0.02626,0.02746,0.02625,0.02731,466700491
1602302400000,0.02731,0.02738,0.02673,0.02696,190078635
1602316800000,0.02697,0.02708,0.02638,0.02675,232232487
1602331200000,0.02675,0.02716,0.02667,0.02686,205012222
1602345600000,0.02687,0.02701,0.02675,0.02679,125648584
1602360000000,0.02679,0.02689,0.02627,0.02644,220605148
1602374400000,0.02644,0.02652,0.02608,0.02631,241233146
1602388800000,0.02631,0.02652,0.02626,0.02645,83286020
1602403200000,0.02645,0.02676,0.02638,0.02656,144241673
1602417600000,0.02656,0.02671,0.02629,0.02652,203905636
1602432000000,0.02652,0.02682,0.02634,0.02642,244247100
1602446400000,0.02642,0.02659,0.02634,0.02654,104856392
1602460800000,0.02655,0.02681,0.0264,0.02663,140411787
1602475200000,0.02662,0.02666,0.02625,0.02649,164223153
1602489600000,0.02648,0.02654,0.02585,0.02597,286063172
1602504000000,0.02596,0.02689,0.02595,0.02673,546461028
1602518400000,0.02673,0.02763,0.0267,0.0274,376203815
1602532800000,0.02741,0.02787,0.02695,0.02711,326290665
1602547200000,0.02711,0.02725,0.02694,0.02707,181434349
1602561600000,0.02707,0.02735,0.02691,0.02702,185464409
1602576000000,0.02702,0.02728,0.02676,0.02711,182301016
1602590400000,0.02711,0.0272,0.02653,0.02681,279693592
1602604800000,0.02681,0.02688,0.02655,0.0267,124625336
1602619200000,0.0267,0.02688,0.02666,0.02683,59315578
1602633600000,0.02684,0.027,0.02674,0.02679,96614390
1602648000000,0.0268,0.02699,0.02671,0.02688,132395598
1602662400000,0.02687,0.02722,0.0266,0.02664,204655117
1602676800000,0.02664,0.02704,0.02637,0.02645,250234742
1602691200000,0.02645,0.02666,0.0263,0.02655,184374181
1602705600000,0.02655,0.02683,0.02652,0.02678,77636905
1602720000000,0.02678,0.02678,0.02641,0.02657,96513079
1602734400000,0.02657,0.0268,0.02647,0.02672,182360978
1602748800000,0.02672,0.02675,0.02625,0.02644,231818812
1602763200000,0.02643,0.02669,0.02634,0.02662,240006210
1602777600000,0.02662,0.02672,0.02642,0.0265,137928615
1602792000000,0.0265,0.02661,0.0264,0.02654,73823715
1602806400000,0.02654,0.02662,0.02638,0.02654,83762071
1602820800000,0.02654,0.02655,0.02551,0.02578,384319432
1602835200000,0.02577,0.02593,0.02549,0.02585,177406842
1602849600000,0.02585,0.02588,0.0255,0.02563,185649125
1602864000000,0.02563,0.02573,0.02553,0.02559,95473067
1602878400000,0.02558,0.02577,0.02554,0.02569,40864897
1602892800000,0.02569,0.02582,0.02549,0.02581,67224215
1602907200000,0.02581,0.02596,0.02572,0.02584,71545905
1602921600000,0.02584,0.02592,0.02575,0.0259,52168909
1602936000000,0.0259,0.02605,0.02561,0.02577,117072890
1602950400000,0.02577,0.02579,0.02562,0.02565,39944509
1602964800000,0.02565,0.02574,0.02558,0.02573,25357112
1602979200000,0.02573,0.02577,0.02565,0.02572,37034757
1602993600000,0.02571,0.0261,0.0257,0.02592,65067476
1603008000000,0.02591,0.02598,0.02568,0.02573,41939753
1603022400000,0.02573,0.02598,0.02573,0.02589,53675345
1603036800000,0.02589,0.02595,0.02585,0.02588,33185867
1603051200000,0.02588,0.02594,0.02578,0.02592,44862765
1603065600000,0.02593,0.02601,0.02565,0.02569,118739830
1603080000000,0.02569,0.02584,0.02565,0.02576,80631467
1603094400000,0.02577,0.02594,0.02572,0.02583,60926270
1603108800000,0.02584,0.02615,0.02582,0.02606,156593061
1603123200000,0.02606,0.0261,0.02589,0.02592,86699429
1603137600000,0.02593,0.02594,0.02579,0.02589,58777821
1603152000000,0.02587,0.02587,0.0257,0.02575,90461145
1603166400000,0.02575,0.0258,0.02545,0.02547,176770813
1603180800000,0.02547,0.02576,0.02528,0.02535,283935816
1603195200000,0.02534,0.02892,0.02531,0.02863,1395307574
1603209600000,0.02863,0.0292,0.02581,0.02607,3298722372
1603224000000,0.02606,0.02625,0.02581,0.02593,256048448
1603238400000,0.02593,0.02651,0.02588,0.02647,336274954
1603252800000,0.02647,0.0265,0.02623,0.02637,210834791
1603267200000,0.02637,0.02758,0.02634,0.0268,676152094
1603281600000,0.0268,0.02728,0.02645,0.02709,437271285
1603296000000,0.02708,0.02712,0.0267,0.02681,296594195
1603310400000,0.02681,0.02707,0.0266,0.02669,229606340
1603324800000,0.0267,0.02725,0.02667,0.027,210391189
1603339200000,0.027,0.02707,0.02684,0.02702,95520065
1603353600000,0.02701,0.02737,0.02699,0.02734,282176691
1603368000000,0.02734,0.02752,0.02719,0.02722,173007707
1603382400000,0.02723,0.0274,0.02718,0.0272,157415768
1603396800000,0.02721,0.02744,0.02697,0.0271,244616112
1603411200000,0.0271,0.02712,0.02685,0.02699,128984565
1603425600000,0.02698,0.0271,0.02687,0.02697,98428950
1603440000000,0.02698,0.02714,0.02679,0.02704,137346347
1603454400000,0.02704,0.02711,0.02675,0.02683,159813566
1603468800000,0.02682,0.02693,0.02625,0.02672,275521066
1603483200000,0.02672,0.02679,0.02663,0.02673,47194377
1603497600000,0.02673,0.02677,0.02658,0.02668,56101124
1603512000000,0.02668,0.02682,0.02665,0.02673,59621241
1603526400000,0.02674,0.02681,0.02668,0.02679,45114866
1603540800000,0.02679,0.02694,0.02668,0.02682,143661727
1603555200000,0.02682,0.02733,0.02673,0.02711,201236168
1603569600000,0.02711,0.02716,0.02692,0.02707,65075476
1603584000000,0.02707,0.02724,0.02694,0.0272,113710856
1603598400000,0.02719,0.02729,0.02662,0.02701,299873844
1603612800000,0.02701,0.02701,0.02672,0.02688,85678458
1603627200000,0.02688,0.02702,0.02686,0.02689,59641201
1603641600000,0.02689,0.0271,0.02679,0.02707,74869684
1603656000000,0.02706,0.0271,0.0269,0.027,46831001
1603670400000,0.027,0.02737,0.02691,0.02729,197061983
1603684800000,0.02729,0.02753,0.02712,0.02716,277154129
1603699200000,0.02715,0.02738,0.02702,0.02723,190890024
1603713600000,0.02723,0.02736,0.02663,0.02675,304570137
1603728000000,0.02675,0.02691,0.02633,0.02674,307173509
1603742400000,0.02673,0.0269,0.0267,0.02677,80157183
1603756800000,0.02677,0.02692,0.02673,0.02677,81150286
1603771200000,0.02677,0.02697,0.02673,0.02692,108536439
1603785600000,0.02692,0.02709,0.02671,0.02709,158730279
1603800000000,0.02709,0.02717,0.02698,0.02715,121468177
1603814400000,0.02715,0.02717,0.02693,0.02703,117332691
1603828800000,0.02703,0.02704,0.0268,0.027,69023051
1603843200000,0.027,0.0271,0.02696,0.027,74707778
1603857600000,0.02699,0.02714,0.02684,0.02695,146395038
1603872000000,0.02695,0.02739,0.02684,0.02693,354842783
1603886400000,0.02692,0.02718,0.0266,0.0269,282571402
1603900800000,0.02691,0.02695,0.02676,0.02683,89493091
1603915200000,0.02682,0.02694,0.0266,0.0269,81824274
1603929600000,0.0269,0.02726,0.02686,0.02725,253534868
1603944000000,0.02724,0.02728,0.02693,0.02698,186816731
1603958400000,0.02698,0.027,0.02664,0.02665,174890298
1603972800000,0.02664,0.02686,0.02635,0.02675,244165803
1603987200000,0.02675,0.02693,0.02662,0.02662,112145845
1604001600000,0.02662,0.02671,0.02643,0.02658,62955811
1604016000000,0.02658,0.02669,0.02615,0.02625,137221298
1604030400000,0.02624,0.02633,0.02572,0.02598,242744078
1604044800000,0.02598,0.02617,0.02522,0.02553,352844232
1604059200000,0.02552,0.02564,0.02538,0.0256,167551063
1604073600000,0.0256,0.02568,0.02549,0.02558,53993448
1604088000000,0.02558,0.02572,0.02546,0.0256,57086545
1604102400000,0.0256,0.02574,0.02544,0.02557,78918122
1604116800000,0.02558,0.02563,0.02546,0.02547,57199883
1604131200000,0.02547,0.02674,0.02547,0.02605,703588590
1604145600000,0.02605,0.02622,0.02587,0.02602,117516783
1604160000000,0.02601,0.02607,0.02569,0.02573,70118199
1604174400000,0.02573,0.02594,0.02569,0.02579,54264927
1604188800000,0.02579,0.02592,0.0255,0.02557,148220498
1604203200000,0.02557,0.02577,0.02546,0.02577,69508167
1604217600000,0.02577,0.02577,0.02538,0.02555,82629719
1604232000000,0.02555,0.02578,0.02547,0.02569,56939146
1604246400000,0.0257,0.02574,0.02558,0.02558,42154247
1604260800000,0.02558,0.02582,0.02558,0.02574,114521053
1604275200000,0.02573,0.02589,0.02557,0.0256,162188522
1604289600000,0.0256,0.02568,0.0255,0.02563,69424840
1604304000000,0.02563,0.02563,0.02494,0.02501,412637057
1604318400000,0.025,0.02501,0.02434,0.02459,427985321
1604332800000,0.02459,0.02466,0.02447,0.02463,110243933
1604347200000,0.02464,0.02476,0.02438,0.02444,104370553
1604361600000,0.02444,0.02445,0.02302,0.02324,629397270
1604376000000,0.02323,0.02346,0.02303,0.02345,252752815
1604390400000,0.02345,0.02395,0.02336,0.02389,253764017
1604404800000,0.02389,0.02451,0.0237,0.02402,410540484
1604419200000,0.02402,0.0242,0.02391,0.02415,166237604
1604433600000,0.02415,0.02448,0.02406,0.02441,120537224
1604448000000,0.02442,0.02444,0.02395,0.02415,228438248
1604462400000,0.02414,0.0242,0.02362,0.02377,185075591
1604476800000,0.02378,0.02409,0.0237,0.02392,177159113
1604491200000,0.02393,0.02408,0.02379,0.0239,118914149
1604505600000,0.0239,0.0244,0.02383,0.02421,274662304
1604520000000,0.02421,0.02431,0.02401,0.0242,80246912
1604534400000,0.02419,0.02447,0.02418,0.02433,92515929
1604548800000,0.02433,0.02457,0.02429,0.02434,83156260
1604563200000,0.02434,0.02437,0.024,0.02422,126537932
1604577600000,0.02422,0.02485,0.02406,0.02473,302061124
1604592000000,0.02472,0.025,0.02472,0.02492,189934274
1604606400000,0.02492,0.02511,0.02481,0.02494,97687200
1604620800000,0.02494,0.0255,0.0249,0.02496,260475205
1604635200000,0.02496,0.02548,0.02496,0.02547,113679526
1604649600000,0.02548,0.02597,0.02522,0.02596,393875248
1604664000000,0.02596,0.0262,0.02558,0.02567,322723535
1604678400000,0.02566,0.02601,0.02564,0.02586,119668927
1604692800000,0.02586,0.02618,0.02547,0.02617,236233776
1604707200000,0.02617,0.02676,0.02616,0.02643,317795007
1604721600000,0.02642,0.02659,0.02625,0.02628,174649918
1604736000000,0.02628,0.02674,0.02608,0.02661,210553418
1604750400000,0.02661,0.02678,0.02524,0.0256,542260727
1604764800000,0.0256,0.02577,0.0244,0.02466,628259739
1604779200000,0.02465,0.02503,0.02442,0.02487,261897102
1604793600000,0.02487,0.02507,0.0246,0.02485,129885324
1604808000000,0.02485,0.02518,0.02483,0.02501,87891014
1604822400000,0.02502,0.02557,0.02501,0.02554,102985470
1604836800000,0.02555,0.02567,0.02531,0.02556,183697612
1604851200000,0.02558,0.02565,0.02523,0.02533,142457618
1604865600000,0.02533,0.02549,0.02511,0.02535,107301321
1604880000000,0.02535,0.02554,0.02518,0.02524,104987376
1604894400000,0.02524,0.02537,0.02502,0.02504,95494387
1604908800000,0.02504,0.02565,0.02494,0.02554,205912327
1604923200000,0.02554,0.02556,0.02469,0.0248,313684527
1604937600000,0.0248,0.02511,0.02465,0.02502,146913107
1604952000000,0.02502,0.02513,0.02472,0.02479,72109980
1604966400000,0.02479,0.02504,0.02461,0.02499,98031523
1604980800000,0.025,0.02529,0.02478,0.0251,92718262
1604995200000,0.0251,0.02532,0.02486,0.02499,139531441
1605009600000,0.02499,0.02517,0.02466,0.02477,169684939
1605024000000,0.02477,0.02496,0.0247,0.02488,101002850
1605038400000,0.02487,0.02503,0.0248,0.02485,50404030
1605052800000,0.02485,0.02521,0.02484,0.02516,114152332
1605067200000,0.02516,0.02527,0.02495,0.02524,73456976
1605081600000,0.02523,0.02526,0.02498,0.02504,131754431
1605096000000,0.02503,0.02529,0.02499,0.02521,149378516
1605110400000,0.02522,0.02532,0.02506,0.02509,96552967
1605124800000,0.02509,0.02512,0.02493,0.02499,69361443
1605139200000,0.02499,0.0251,0.02474,0.02503,83830867
1605153600000,0.02502,0.02517,0.02499,0.02514,64322678
1605168000000,0.02514,0.02524,0.02493,0.02502,181178471
1605182400000,0.02502,0.02512,0.02486,0.02504,61969669
1605196800000,0.02505,0.02506,0.02481,0.02492,96302894
1605211200000,0.02492,0.02498,0.02485,0.02492,41677807
1605225600000,0.02491,0.02506,0.02486,0.02498,74297438
1605240000000,0.02499,0.02506,0.02478,0.02497,119487595
1605254400000,0.02497,0.02525,0.02491,0.02507,197573125
1605268800000,0.02507,0.0255,0.02505,0.02538,241635060
1605283200000,0.02538,0.0255,0.02518,0.02541,167087904
1605297600000,0.02541,0.02543,0.02521,0.02543,97166933
1605312000000,0.02543,0.02546,0.02512,0.02536,158703758
1605326400000,0.02536,0.0254,0.02519,0.02534,127428994
1605340800000,0.02534,0.02539,0.02501,0.02511,202221327
1605355200000,0.02512,0.02525,0.02504,0.02517,69150715
1605369600000,0.02516,0.02528,0.02497,0.02512,140171157
1605384000000,0.02512,0.02517,0.02503,0.02515,46838716
1605398400000,0.02515,0.02525,0.02507,0.02512,103453296
1605412800000,0.02512,0.02576,0.02509,0.0257,200325406
1605427200000,0.0257,0.02576,0.02515,0.02519,291589507
1605441600000,0.02519,0.02575,0.02512,0.02573,212284487
1605456000000,0.02573,0.02585,0.02507,0.02521,207160925
1605470400000,0.02521,0.02533,0.02484,0.02533,145818133
1605484800000,0.02533,0.02535,0.02511,0.02532,129326623
1605499200000,0.02532,0.02552,0.02527,0.02541,89371134
1605513600000,0.02542,0.02554,0.02532,0.02542,97155575
1605528000000,0.02542,0.02584,0.02541,0.0257,148938508
1605542400000,0.0257,0.02582,0.0254,0.02557,196519491
1605556800000,0.02558,0.02565,0.02537,0.02549,185369824
1605571200000,0.02549,0.02606,0.02546,0.02596,317348588
1605585600000,0.02596,0.0264,0.02591,0.0263,324662021
1605600000000,0.0263,0.02644,0.02587,0.02603,389253296
1605614400000,0.02603,0.02637,0.02602,0.02626,232332061
1605628800000,0.02627,0.0267,0.02615,0.02659,429255321
1605643200000,0.0266,0.0266,0.02626,0.02654,122140081
1605657600000,0.02653,0.02676,0.02616,0.02644,262286198
1605672000000,0.02645,0.02659,0.02446,0.0257,959411303
1605686400000,0.02569,0.0258,0.02548,0.02573,237472502
1605700800000,0.02572,0.02582,0.02511,0.02543,258730170
1605715200000,0.02543,0.02547,0.0252,0.02539,115749501
1605729600000,0.02539,0.02714,0.02537,0.02679,474412327
1605744000000,0.02679,0.02692,0.02593,0.02607,294422874
1605758400000,0.02608,0.02616,0.02533,0.02554,338647001
1605772800000,0.02554,0.02606,0.02533,0.02595,312576793
1605787200000,0.02595,0.02626,0.02589,0.02609,283125244
1605801600000,0.02607,0.02628,0.02571,0.02591,252308897
1605816000000,0.02591,0.02598,0.02553,0.02581,185987723
1605830400000,0.02581,0.02624,0.02574,0.02623,273081495
1605844800000,0.02623,0.02626,0.02587,0.02609,215407232
1605859200000,0.0261,0.02638,0.02598,0.02627,231413169
1605873600000,0.02628,0.02658,0.02611,0.02635,342718505
1605888000000,0.02636,0.02662,0.02618,0.02625,265061206
1605902400000,0.02625,0.02631,0.02597,0.0263,196326697
1605916800000,0.0263,0.0269,0.02627,0.02646,438909085
1605931200000,0.02647,0.02785,0.02614,0.02757,597174595
1605945600000,0.02758,0.02806,0.02715,0.02734,709566128
1605960000000,0.02734,0.02908,0.02716,0.02905,1436448818
1605974400000,0.02904,0.02991,0.0285,0.02937,1325892087
1605988800000,0.02938,0.03082,0.02895,0.03064,656708915
1606003200000,0.03064,0.03093,0.02821,0.02928,1446143015
1606017600000,0.02929,0.02935,0.02795,0.02869,545967157
1606032000000,0.02869,0.02952,0.02724,0.02786,952124908
1606046400000,0.02785,0.02845,0.02764,0.02835,492341593
1606060800000,0.02834,0.02946,0.02816,0.02931,598917508
1606075200000,0.02931,0.0301,0.0286,0.02878,692367256
1606089600000,0.02876,0.02929,0.02834,0.02916,456308264
1606104000000,0.02915,0.02996,0.02907,0.02964,456326491
1606118400000,0.02964,0.03057,0.02964,0.03009,529636207
1606132800000,0.03008,0.03106,0.02952,0.02999,999127387
1606147200000,0.02998,0.03192,0.02975,0.03165,889820307
1606161600000,0.03165,0.0319,0.03081,0.0318,655379850
1606176000000,0.0318,0.03492,0.03143,0.03419,1480511007
1606190400000,0.03418,0.03967,0.03403,0.0359,3494763010
1606204800000,0.0359,0.03751,0.03183,0.03356,1842699759
1606219200000,0.03355,0.03546,0.03197,0.03534,1190934658
1606233600000,0.03537,0.03664,0.03462,0.03629,944696082
1606248000000,0.03629,0.03654,0.03402,0.03533,798946124
1606262400000,0.03533,0.03742,0.0334,0.03386,1166710634
1606276800000,0.03387,0.0359,0.03352,0.03548,708045655
1606291200000,0.0355,0.037,0.03488,0.03665,589760246
1606305600000,0.03665,0.03758,0.03519,0.0364,1341229143
1606320000000,0.03641,0.03708,0.03525,0.03535,938539977
1606334400000,0.03535,0.03595,0.03151,0.03307,1199609721
1606348800000,0.03307,0.03393,0.02756,0.02939,1503691919
1606363200000,0.02939,0.03043,0.02832,0.0289,1001006902
1606377600000,0.02889,0.0296,0.02704,0.02881,1243266994
1606392000000,0.02881,0.02959,0.0282,0.02871,670530422
1606406400000,0.02869,0.02908,0.02725,0.02831,695961921
1606420800000,0.02831,0.02958,0.02831,0.02946,488445663
1606435200000,0.02944,0.03014,0.02892,0.02931,480455935
1606449600000,0.02932,0.02998,0.0292,0.02937,313715875
1606464000000,0.02936,0.02942,0.02811,0.0284,637069213
1606478400000,0.0284,0.02914,0.0281,0.02822,395384424
1606492800000,0.02823,0.02886,0.02806,0.02873,176039208
1606507200000,0.02873,0.02944,0.02861,0.02939,281439760
1606521600000,0.02939,0.02965,0.02887,0.02902,239857993
1606536000000,0.02902,0.02918,0.02862,0.02911,163095478
1606550400000,0.02911,0.02963,0.02882,0.02939,285076038
1606564800000,0.02938,0.03093,0.02922,0.03092,599110583
1606579200000,0.03092,0.03127,0.03014,0.0307,518334429
1606593600000,0.0307,0.03071,0.03001,0.03047,196767993
1606608000000,0.03046,0.03063,0.02954,0.03022,297695025
1606622400000,0.03022,0.03055,0.02993,0.03052,164763689
1606636800000,0.03052,0.03126,0.03047,0.03068,378265559
1606651200000,0.03067,0.03086,0.03029,0.03064,221550379
1606665600000,0.03064,0.0307,0.02973,0.03008,220078007
1606680000000,0.03008,0.03088,0.03007,0.03076,189428761
1606694400000,0.03076,0.03149,0.03076,0.03134,307458951
1606708800000,0.03133,0.03138,0.03089,0.03109,171631330
1606723200000,0.03109,0.03113,0.03027,0.03086,305894590
1606737600000,0.03086,0.03236,0.03062,0.03185,785121824
1606752000000,0.03183,0.03315,0.03183,0.03218,556044874
1606766400000,0.0322,0.03262,0.03205,0.03241,284613499
1606780800000,0.03242,0.03327,0.03208,0.03256,444862472
1606795200000,0.03256,0.03432,0.03252,0.03396,915340286
1606809600000,0.03396,0.03401,0.03196,0.03253,593435959
1606824000000,0.03251,0.03266,0.02909,0.03139,1234560561
1606838400000,0.03139,0.03159,0.03005,0.03073,381886320
1606852800000,0.03073,0.03112,0.0301,0.03026,163971533
1606867200000,0.03027,0.03063,0.0297,0.03037,233601092
1606881600000,0.03036,0.03114,0.02986,0.0311,337130270
1606896000000,0.0311,0.03134,0.03083,0.03113,307736842
1606910400000,0.03112,0.03113,0.03051,0.0307,307584653
1606924800000,0.03072,0.03138,0.03036,0.03111,223592121
1606939200000,0.03111,0.03136,0.03091,0.03119,108594429
1606953600000,0.0312,0.03151,0.03094,0.03127,189564223
1606968000000,0.03125,0.03147,0.03073,0.03122,160054231
1606982400000,0.03122,0.03199,0.03106,0.03173,286494981
1606996800000,0.03173,0.03188,0.03141,0.0318,180401757
1607011200000,0.03183,0.03197,0.03126,0.03147,172183190
1607025600000,0.03147,0.0317,0.03135,0.0317,89029330
1607040000000,0.03169,0.03177,0.03077,0.03085,243143100
1607054400000,0.03084,0.03122,0.03074,0.03114,106169676
1607068800000,0.03114,0.03171,0.03003,0.03045,491215151
1607083200000,0.03045,0.03089,0.03021,0.03043,209536170
1607097600000,0.03042,0.03054,0.03001,0.03044,170918491
1607112000000,0.03044,0.03045,0.02902,0.02946,258405263
1607126400000,0.02946,0.02981,0.02918,0.02974,129572462
1607140800000,0.02975,0.03022,0.02971,0.03002,100919411
1607155200000,0.03002,0.03044,0.03001,0.03029,100466085
1607169600000,0.0303,0.03045,0.03007,0.03032,81198426
1607184000000,0.03032,0.03062,0.03014,0.03054,83355887
1607198400000,0.03053,0.03062,0.03027,0.0306,66893010
1607212800000,0.03059,0.03104,0.03053,0.03063,140856867
1607227200000,0.03062,0.03079,0.03047,0.03074,54363712
1607241600000,0.03074,0.0308,0.03014,0.0304,169922979
1607256000000,0.03042,0.03091,0.03005,0.03077,166281750
1607270400000,0.03076,0.03103,0.03043,0.03074,141382006
1607284800000,0.03073,0.03106,0.03043,0.03095,145382730
1607299200000,0.03096,0.03102,0.03045,0.03061,88577781
1607313600000,0.03062,0.03088,0.03057,0.03081,84470201
1607328000000,0.03081,0.03082,0.03036,0.03038,90168593
1607342400000,0.03038,0.0307,0.03036,0.03056,130903191
1607356800000,0.03055,0.03062,0.02989,0.03009,175133558
1607371200000,0.03009,0.03038,0.03006,0.03033,66643869
1607385600000,0.03033,0.03033,0.03003,0.03012,89927962
1607400000000,0.03012,0.03027,0.03003,0.03003,92576409
1607414400000,0.03004,0.03008,0.02902,0.02926,358982746
1607428800000,0.02925,0.02942,0.02901,0.02911,173574585
1607443200000,0.02912,0.02924,0.02878,0.02887,142629474
1607457600000,0.02886,0.02888,0.02748,0.0279,331638118
1607472000000,0.02789,0.0281,0.02747,0.0281,227880624
1607486400000,0.02809,0.0281,0.02753,0.02758,162629595
1607500800000,0.02758,0.02827,0.027,0.02815,358147085
1607515200000,0.02815,0.02851,0.02799,0.02825,202918955
1607529600000,0.02826,0.02858,0.02801,0.02848,189340706
1607544000000,0.02848,0.02887,0.02847,0.02871,156492799
1607558400000,0.0287,0.02879,0.02844,0.02864,81247545
1607572800000,0.02864,0.02882,0.0283,0.02848,93193680
1607587200000,0.02848,0.02872,0.02815,0.02824,152005176
1607601600000,0.02824,0.02846,0.02776,0.02818,157512010
1607616000000,0.02817,0.02824,0.028,0.02818,86044229
1607630400000,0.0282,0.02828,0.02806,0.02811,49037110
1607644800000,0.02811,0.02819,0.02751,0.02785,148110175
1607659200000,0.02786,0.02795,0.02757,0.02775,99921369
1607673600000,0.02775,0.02796,0.02741,0.02744,177207317
1607688000000,0.02744,0.02816,0.0274,0.02813,117590482
1607702400000,0.02813,0.02821,0.02778,0.0279,82247742
1607716800000,0.02789,0.0282,0.02773,0.02778,96980158
1607731200000,0.02778,0.02846,0.02764,0.02842,138763183
1607745600000,0.02843,0.02866,0.02833,0.02862,68627020
1607760000000,0.02862,0.02867,0.02834,0.02857,84465454
1607774400000,0.02857,0.02857,0.02815,0.0283,104777245
1607788800000,0.0283,0.02857,0.02814,0.02851,76931199
1607803200000,0.02852,0.02879,0.0285,0.02857,82699294
1607817600000,0.02857,0.02876,0.02846,0.0285,61993117
1607832000000,0.0285,0.02914,0.02848,0.02911,92138955
1607846400000,0.0291,0.0293,0.02902,0.02915,122804260
1607860800000,0.02915,0.02948,0.02901,0.02919,112595479
1607875200000,0.0292,0.02969,0.0292,0.02939,110753945
1607889600000,0.0294,0.02943,0.02901,0.02921,82960032
1607904000000,0.02921,0.02924,0.02879,0.02907,124804774
1607918400000,0.02907,0.02915,0.02883,0.02905,84693543
1607932800000,0.02905,0.02912,0.02861,0.02873,110597834
1607947200000,0.02872,0.02898,0.02861,0.0289,99738135
1607961600000,0.02889,0.02909,0.02874,0.02897,68231018
1607976000000,0.02898,0.02918,0.02888,0.02911,69036800
1607990400000,0.02911,0.0294,0.0291,0.02918,89131815
1608004800000,0.02919,0.02921,0.02868,0.02905,112867671
1608019200000,0.02905,0.02923,0.02883,0.02916,119668494
1608033600000,0.02917,0.02944,0.0291,0.02925,119296698
1608048000000,0.02924,0.02946,0.02914,0.02943,68904542
1608062400000,0.02942,0.02952,0.02905,0.0292,94024028
1608076800000,0.02921,0.02922,0.02877,0.02887,106703508
1608091200000,0.02887,0.02913,0.02883,0.02904,62594980
1608105600000,0.02904,0.02936,0.02892,0.02922,103285623
1608120000000,0.02923,0.03073,0.0291,0.03061,410641823
1608134400000,0.03061,0.03093,0.03028,0.0304,158087279
1608148800000,0.0304,0.03149,0.03037,0.03149,227508708
1608163200000,0.03148,0.03198,0.03083,0.03091,410043362
1608177600000,0.03089,0.03145,0.03086,0.0313,150499796
1608192000000,0.03131,0.03217,0.03043,0.03172,553834793
1608206400000,0.03172,0.03229,0.03156,0.03193,410578682
1608220800000,0.03194,0.03256,0.03041,0.03106,658920213
1608235200000,0.03105,0.03131,0.03017,0.03076,296681947
1608249600000,0.03075,0.03102,0.03012,0.03077,264878161
1608264000000,0.03077,0.03109,0.03059,0.03108,98448199
1608278400000,0.03108,0.03147,0.0308,0.03099,196588074
1608292800000,0.031,0.03116,0.0304,0.0305,216764556
1608307200000,0.03051,0.0309,0.03036,0.03084,103233025
1608321600000,0.03084,0.03123,0.03066,0.03111,106916488
1608336000000,0.03112,0.03134,0.03087,0.03121,103831032
1608350400000,0.03121,0.03129,0.03102,0.03116,123594743
1608364800000,0.03117,0.03206,0.03108,0.03161,272303453
1608379200000,0.03161,0.03184,0.0313,0.0315,192238348
1608393600000,0.03151,0.03174,0.03121,0.03142,187807371
1608408000000,0.03141,0.03165,0.03113,0.03126,90457102
1608422400000,0.03127,0.03128,0.03072,0.03088,162933445
1608436800000,0.03088,0.0315,0.03047,0.03148,182411619
1608451200000,0.03149,0.03273,0.03142,0.03198,769851527
1608465600000,0.03199,0.03296,0.03099,0.03246,814374017
1608480000000,0.03247,0.0327,0.0318,0.03191,263113871
1608494400000,0.0319,0.03227,0.03021,0.03125,552035231
1608508800000,0.03124,0.03196,0.03082,0.03163,432179800
1608523200000,0.03163,0.03193,0.03125,0.03157,182871743
1608537600000,0.03157,0.03167,0.029,0.02948,727937226
1608552000000,0.02949,0.03007,0.02896,0.02975,316945428
1608566400000,0.02974,0.03004,0.02922,0.02957,229039789
1608580800000,0.02957,0.02987,0.02926,0.02928,147486644
1608595200000,0.0293,0.02962,0.02881,0.02911,203661574
1608609600000,0.02912,0.02955,0.02875,0.02876,218681746
1608624000000,0.02876,0.02914,0.02774,0.02906,397806184
1608638400000,0.02906,0.02957,0.02898,0.02929,215770862
1608652800000,0.02928,0.02944,0.02871,0.02893,263559438
1608667200000,0.02894,0.02909,0.02833,0.02885,377457628
1608681600000,0.02884,0.02904,0.02842,0.02871,157575657
1608696000000,0.02871,0.02872,0.02779,0.02812,293227878
1608710400000,0.02812,0.02829,0.02631,0.02692,505383773
1608724800000,0.02693,0.02786,0.02681,0.02694,347928244
1608739200000,0.02695,0.02738,0.02675,0.02722,204645728
1608753600000,0.02722,0.02732,0.02347,0.02478,723809178
1608768000000,0.02477,0.02525,0.0241,0.02485,461951816
1608782400000,0.02485,0.02557,0.0248,0.0254,235003078
1608796800000,0.0254,0.02643,0.0253,0.0264,360059347
1608811200000,0.0264,0.02756,0.02639,0.0272,412457030
1608825600000,0.02719,0.02741,0.02639,0.02655,258800534
1608840000000,0.02655,0.02774,0.02647,0.02766,270402824
1608854400000,0.02767,0.02783,0.02716,0.02721,219102020
1608868800000,0.02721,0.02755,0.02707,0.02754,152987150
1608883200000,0.02753,0.02949,0.02753,0.02937,404560328
1608897600000,0.02937,0.02947,0.0283,0.02838,340469788
1608912000000,0.02838,0.02886,0.02758,0.0282,380455353
1608926400000,0.02819,0.02856,0.02787,0.02854,122622180
1608940800000,0.02854,0.02864,0.02808,0.02832,112331986
1608955200000,0.02831,0.02833,0.02746,0.02765,120464177
1608969600000,0.02766,0.02799,0.02721,0.0278,153213236
1608984000000,0.02779,0.02791,0.02731,0.02742,125803195
1608998400000,0.02743,0.02838,0.0273,0.02783,188341913
1609012800000,0.02783,0.02823,0.02752,0.0278,176509903
1609027200000,0.0278,0.02822,0.02757,0.02794,177146013
1609041600000,0.02795,0.02838,0.02787,0.02815,140878045
1609056000000,0.02816,0.02821,0.02673,0.02728,341348744
1609070400000,0.02728,0.02913,0.02662,0.02889,623009840
1609084800000,0.02889,0.03116,0.02867,0.02982,1699795268
1609099200000,0.02982,0.02986,0.02803,0.02892,560441883
1609113600000,0.02893,0.02959,0.02863,0.02883,308359728
1609128000000,0.02883,0.02966,0.02863,0.02946,198159183
1609142400000,0.02945,0.0302,0.02915,0.02989,418102646
1609156800000,0.02989,0.03042,0.02936,0.02952,426182067
1609171200000,0.02952,0.03007,0.02937,0.02983,264092846
1609185600000,0.02983,0.0304,0.0289,0.02962,467652511
1609200000000,0.02961,0.03032,0.02713,0.02724,789123967
1609214400000,0.02723,0.02763,0.02649,0.02741,600716358
1609228800000,0.02742,0.02814,0.02716,0.02764,450487896
1609243200000,0.02766,0.02803,0.02685,0.02685,356096859
1609257600000,0.02687,0.02764,0.0265,0.02754,317800435
1609272000000,0.02754,0.02773,0.02705,0.02766,210692046
1609286400000,0.02767,0.02782,0.02704,0.02713,186255045
1609300800000,0.02713,0.02726,0.0267,0.02696,156473315
1609315200000,0.02696,0.02719,0.02632,0.02683,267893709
1609329600000,0.02681,0.02709,0.02665,0.02706,181359694
1609344000000,0.02707,0.02725,0.02669,0.02706,263969349
1609358400000,0.02705,0.02708,0.02668,0.02693,103885246
1609372800000,0.02693,0.02701,0.02638,0.02674,191912981
1609387200000,0.02674,0.02701,0.02649,0.02689,132694054
1609401600000,0.02689,0.02707,0.02662,0.02681,166426478
1609416000000,0.02681,0.02692,0.02592,0.02649,325169151
1609430400000,0.02649,0.02675,0.0264,0.02672,85551951
1609444800000,0.02672,0.02684,0.0266,0.02676,63696175
1609459200000,0.02676,0.02739,0.02648,0.02713,157027407
1609473600000,0.02714,0.02723,0.02661,0.02682,110115114
1609488000000,0.02682,0.02707,0.02653,0.02703,96027983
1609502400000,0.02702,0.02731,0.02678,0.02703,169223981
1609516800000,0.02704,0.02718,0.02641,0.02664,197689979
1609531200000,0.02664,0.0269,0.02657,0.02684,72015888
1609545600000,0.02684,0.02699,0.02647,0.02691,105677495
1609560000000,0.02691,0.02699,0.0267,0.02672,66462864
1609574400000,0.02672,0.02691,0.0265,0.02672,109915979
1609588800000,0.02671,0.02718,0.02658,0.02691,221813338
1609603200000,0.02691,0.02796,0.02667,0.02782,368620625
1609617600000,0.02782,0.02782,0.02668,0.02721,330675632
1609632000000,0.02722,0.02743,0.02694,0.02694,115492725
1609646400000,0.02695,0.02713,0.02668,0.0267,125167043
1609660800000,0.0267,0.02815,0.02656,0.02777,562779843
1609675200000,0.02776,0.02894,0.02755,0.02809,865962678
1609689600000,0.02809,0.02936,0.028,0.02856,757859549
1609704000000,0.02855,0.03019,0.02849,0.0296,462773935
1609718400000,0.0296,0.03205,0.02959,0.03109,1064812766
1609732800000,0.03108,0.03237,0.02892,0.0299,1708924519
1609747200000,0.02992,0.03034,0.02659,0.02843,1512854423
1609761600000,0.02843,0.0302,0.0281,0.02982,961388840
1609776000000,0.02983,0.02991,0.02886,0.02985,403473866
1609790400000,0.02986,0.03126,0.02936,0.03097,452915195
1609804800000,0.03097,0.03125,0.02677,0.02781,3982654668
1609819200000,0.0278,0.02839,0.0272,0.02793,1022306408
1609833600000,0.02793,0.02861,0.02755,0.02853,540928839
1609848000000,0.02851,0.02866,0.02773,0.02785,531828923
1609862400000,0.02786,0.02845,0.02752,0.02804,653255797
1609876800000,0.02803,0.02893,0.02793,0.02846,547968592
1609891200000,0.02847,0.02864,0.02773,0.02802,463015554
1609905600000,0.02803,0.02859,0.0279,0.02828,453454973
1609920000000,0.02829,0.02976,0.02828,0.02966,784414679
1609934400000,0.02966,0.03101,0.02952,0.0304,1170072590
1609948800000,0.03041,0.03089,0.02923,0.0294,641180213
1609963200000,0.0294,0.0308,0.02888,0.03044,590623965
1609977600000,0.03044,0.0316,0.02989,0.03138,868812602
1609992000000,0.03137,0.03326,0.03035,0.03072,1517632196
1610006400000,0.03072,0.033,0.03006,0.03269,1099080722
1610020800000,0.03268,0.03343,0.03179,0.03257,1048596330
1610035200000,0.03257,0.03276,0.0299,0.03127,1346528829
1610049600000,0.03127,0.03209,0.0303,0.03098,482613346
1610064000000,0.03098,0.03123,0.0285,0.02948,975458547
1610078400000,0.02948,0.03057,0.02914,0.03054,331955761
1610092800000,0.03054,0.0313,0.03003,0.03066,548279433
1610107200000,0.03065,0.0309,0.02952,0.03003,637197310
1610121600000,0.03003,0.03048,0.02971,0.02997,348226420
1610136000000,0.02996,0.0306,0.02923,0.03039,344499224
1610150400000,0.0304,0.03137,0.02952,0.0312,450125347
1610164800000,0.03118,0.0312,0.03036,0.03067,388761177
1610179200000,0.03068,0.03258,0.0306,0.03195,609256463
1610193600000,0.03196,0.03472,0.03188,0.03367,1336126230
1610208000000,0.03366,0.0357,0.03323,0.03474,1512944781
1610222400000,0.03475,0.03487,0.03324,0.03389,654329410
1610236800000,0.0339,0.03624,0.03389,0.03462,807377446
1610251200000,0.03461,0.03688,0.03451,0.03611,870882962
1610265600000,0.03612,0.03639,0.032,0.03249,1586944885
1610280000000,0.0325,0.0344,0.03153,0.03336,1271552573
1610294400000,0.03338,0.03377,0.03157,0.0322,826585111
1610308800000,0.03219,0.03337,0.03093,0.03275,765857018
1610323200000,0.03275,0.03281,0.028,0.02984,1328258866
1610337600000,0.02984,0.03016,0.02853,0.02937,942967026
1610352000000,0.02938,0.03015,0.029,0.02906,479593962
1610366400000,0.02908,0.02938,0.0269,0.02769,958000328
1610380800000,0.0277,0.02819,0.02692,0.02774,737787229
1610395200000,0.02773,0.02901,0.02746,0.02895,336104057
1610409600000,0.02895,0.02959,0.02825,0.02954,476801181
1610424000000,0.02954,0.03038,0.02906,0.03017,397254590
1610438400000,0.03016,0.03024,0.02866,0.02913,414944981
1610452800000,0.02916,0.02936,0.02786,0.02854,463916031
1610467200000,0.02852,0.02938,0.02851,0.02896,289398199
1610481600000,0.02895,0.0292,0.02823,0.0286,221400287
1610496000000,0.0286,0.02885,0.0277,0.02867,368820210
1610510400000,0.02867,0.02927,0.0282,0.02918,228115347
1610524800000,0.02917,0.02946,0.02883,0.02897,237805667
1610539200000,0.02897,0.02951,0.02877,0.02917,207479712
1610553600000,0.02919,0.0299,0.02908,0.02952,237567043
1610568000000,0.02952,0.03082,0.0295,0.03078,466671912
1610582400000,0.03078,0.03149,0.02954,0.03017,687773668
1610596800000,0.03019,0.03049,0.02923,0.03018,391208296
1610611200000,0.03017,0.03058,0.02985,0.03005,418650636
1610625600000,0.03004,0.03051,0.02968,0.03019,292494939
1610640000000,0.0302,0.03063,0.03011,0.03041,222729707
1610654400000,0.0304,0.03045,0.02936,0.03014,362734406
1610668800000,0.03014,0.03066,0.02987,0.03007,386626546
1610683200000,0.03007,0.03017,0.02937,0.03001,276295788
1610697600000,0.03002,0.03125,0.02978,0.03076,761762970
1610712000000,0.03077,0.03155,0.02882,0.02916,1029265057
1610726400000,0.02918,0.02966,0.02825,0.02903,605187429
1610740800000,0.02905,0.02981,0.02885,0.02973,160012567
1610755200000,0.02973,0.03016,0.0295,0.0299,255364492
1610769600000,0.0299,0.03061,0.02942,0.03045,389659511
1610784000000,0.03045,0.03112,0.0304,0.03096,551885083
1610798400000,0.03096,0.03135,0.03027,0.03107,609794710
1610812800000,0.03107,0.03128,0.03015,0.03069,438632689
1610827200000,0.03069,0.03095,0.0298,0.0301,272409947
1610841600000,0.03011,0.03079,0.02979,0.03041,270928845
1610856000000,0.03041,0.03064,0.02933,0.02952,344867129
1610870400000,0.02952,0.02992,0.02913,0.02986,348524881
1610884800000,0.02986,0.03033,0.02959,0.03025,275790437
1610899200000,0.03025,0.0305,0.02993,0.0301,189037340
1610913600000,0.0301,0.03062,0.0301,0.03026,243823485
1610928000000,0.03025,0.03058,0.02965,0.02986,276524740
1610942400000,0.02987,0.03056,0.02972,0.0305,218509340
1610956800000,0.0305,0.03196,0.03045,0.03196,485612375
1610971200000,0.03194,0.03238,0.03076,0.03115,727902706
1610985600000,0.03115,0.0314,0.03057,0.03134,291322333
1611000000000,0.03134,0.03182,0.03131,0.03168,324029253
1611014400000,0.03168,0.0319,0.03131,0.03141,330295347
1611028800000,0.03141,0.03216,0.03112,0.03213,443348831
1611043200000,0.03214,0.03255,0.0316,0.03209,377419343
1611057600000,0.0321,0.0322,0.03091,0.03143,603393502
1611072000000,0.03145,0.03215,0.03059,0.03086,497805563
1611086400000,0.03085,0.03129,0.03055,0.03062,228965611
1611100800000,0.03061,0.03118,0.03018,0.03034,432083416
1611115200000,0.03035,0.03083,0.03019,0.03057,294137363
1611129600000,0.03057,0.03064,0.02914,0.02941,474904732
1611144000000,0.02941,0.02999,0.02913,0.02964,276703624
1611158400000,0.02963,0.03039,0.02929,0.03036,251411255
1611172800000,0.03038,0.03053,0.02985,0.03049,222717537
1611187200000,0.03048,0.03059,0.02959,0.02978,284135937
1611201600000,0.02977,0.03003,0.02958,0.02977,211440850
1611216000000,0.02977,0.02981,0.02861,0.0287,750599944
1611230400000,0.0287,0.02895,0.02819,0.02837,578403158
1611244800000,0.02836,0.0289,0.02809,0.02884,348142633
1611259200000,0.02885,0.0289,0.0275,0.02755,416655215
1611273600000,0.02757,0.02762,0.02631,0.02727,517490159
1611288000000,0.02727,0.02796,0.02722,0.02757,285678875
1611302400000,0.02757,0.02817,0.02733,0.02808,212419853
1611316800000,0.02809,0.02873,0.02803,0.02862,198399839
1611331200000,0.02861,0.02893,0.02826,0.02872,227464007
1611345600000,0.02872,0.02883,0.02836,0.02852,148169195
1611360000000,0.02853,0.02881,0.02835,0.02877,217405944
1611374400000,0.02877,0.0293,0.02845,0.02912,232398605
1611388800000,0.02912,0.02914,0.02811,0.02812,267982043
1611403200000,0.02812,0.02908,0.02805,0.02891,315098642
1611417600000,0.02893,0.02926,0.02882,0.02921,215312065
1611432000000,0.02921,0.02944,0.02895,0.02921,186701464
1611446400000,0.02921,0.03039,0.02895,0.02966,463377654
1611460800000,0.02965,0.0301,0.02952,0.03007,246023938
1611475200000,0.03008,0.03071,0.02993,0.03047,496677849
1611489600000,0.03046,0.03055,0.02966,0.02991,424381730
1611504000000,0.0299,0.03001,0.02907,0.0293,365405124
1611518400000,0.02929,0.03001,0.02926,0.02997,160510861
1611532800000,0.02998,0.03041,0.02965,0.03026,271382589
1611547200000,0.03027,0.03272,0.02997,0.03164,1483752299
1611561600000,0.03167,0.03221,0.03026,0.03113,1092945376
1611576000000,0.03112,0.0315,0.03062,0.03098,427004249
1611590400000,0.03098,0.03111,0.03027,0.03037,318377527
1611604800000,0.03036,0.0304,0.02941,0.02948,391932855
1611619200000,0.02948,0.02996,0.02872,0.02895,350336194
1611633600000,0.02894,0.02961,0.02891,0.02926,201312718
1611648000000,0.02925,0.02957,0.02897,0.0293,219172404
1611662400000,0.0293,0.02942,0.02838,0.02894,311454298
1611676800000,0.02895,0.02939,0.02873,0.02938,192636703
1611691200000,0.02938,0.0295,0.02902,0.02946,149240750
1611705600000,0.02946,0.02948,0.02871,0.02874,180782783
1611720000000,0.02874,0.02904,0.02851,0.02892,108961002
1611734400000,0.0289,0.02897,0.02825,0.02831,247551084
1611748800000,0.0283,0.02848,0.02753,0.0284,403674245
1611763200000,0.02838,0.02861,0.0278,0.02844,326569911
1611777600000,0.02844,0.02872,0.0281,0.02821,147063479
1611792000000,0.02822,0.02884,0.02786,0.02883,170563861
1611806400000,0.02884,0.02912,0.0286,0.02876,190477241
1611820800000,0.02875,0.02911,0.02849,0.02909,241984455
1611835200000,0.0291,0.0298,0.02898,0.0298,377370714
1611849600000,0.02979,0.02989,0.02941,0.02957,182813616
1611864000000,0.02956,0.02996,0.02946,0.02954,138383957
1611878400000,0.02954,0.03072,0.02933,0.03063,420401842
1611892800000,0.03063,0.03118,0.02963,0.03012,829260441
1611907200000,0.03012,0.03104,0.02974,0.03081,851982886
1611921600000,0.03081,0.04507,0.03072,0.03509,12063715019
1611936000000,0.03507,0.04218,0.03237,0.033,7688996507
1611950400000,0.03297,0.0343,0.03253,0.03338,1549964201
1611964800000,0.0334,0.03368,0.03118,0.03161,1124987645
1611979200000,0.03162,0.03197,0.03102,0.03144,543714459
1611993600000,0.03144,0.03168,0.0305,0.03114,753194903
1612008000000,0.03113,0.03277,0.03102,0.03216,1009866525
1612022400000,0.03216,0.0334,0.0313,0.0322,1293027847
1612036800000,0.03222,0.03226,0.03134,0.03223,380452341
1612051200000,0.03222,0.03226,0.0314,0.03154,343490907
1612065600000,0.03155,0.03176,0.03091,0.03128,317009680
1612080000000,0.03127,0.03483,0.03105,0.03438,1598907159
1612094400000,0.03437,0.0344,0.03129,0.03175,1537867506
1612108800000,0.03175,0.03219,0.03111,0.03176,605915589
1612123200000,0.03177,0.03219,0.03144,0.03158,264414187
1612137600000,0.03158,0.03278,0.03119,0.03252,800097970
1612152000000,0.03252,0.03402,0.03214,0.03324,1056620149
1612166400000,0.03324,0.03503,0.03294,0.03369,1198650716
1612180800000,0.03367,0.03384,0.0315,0.03211,1103966739
1612195200000,0.03211,0.03288,0.03203,0.03257,344248379
1612209600000,0.03257,0.03315,0.03254,0.03299,209578285
1612224000000,0.033,0.03354,0.03224,0.03264,514307735
1612238400000,0.03265,0.03339,0.03261,0.03324,302480700
1612252800000,0.03324,0.0335,0.03289,0.03294,340728347
1612267200000,0.03295,0.03353,0.03283,0.03327,272052144
1612281600000,0.03326,0.03333,0.03269,0.03307,230343610
1612296000000,0.03308,0.03363,0.03296,0.03321,207106011
1612310400000,0.03321,0.03477,0.0332,0.03448,624332788
1612324800000,0.03448,0.03484,0.03362,0.03374,383106082
1612339200000,0.03374,0.03407,0.03342,0.03373,364660043
1612353600000,0.03373,0.03427,0.03355,0.03403,355612770
1612368000000,0.03403,0.03459,0.0338,0.03408,436428530
1612382400000,0.0341,0.03547,0.03405,0.03455,721971042
1612396800000,0.03457,0.03485,0.03351,0.03378,640418072
1612411200000,0.03376,0.03423,0.0337,0.03381,201105148
1612425600000,0.03381,0.03399,0.032,0.03303,932078104
1612440000000,0.03302,0.03365,0.0325,0.03279,454596163
1612454400000,0.0328,0.0338,0.03271,0.03358,668682621
1612468800000,0.03357,0.03396,0.03313,0.03315,325905869
1612483200000,0.03315,0.03369,0.03305,0.03365,240392988
1612497600000,0.03365,0.03416,0.03345,0.03399,343293052
1612512000000,0.03399,0.03596,0.03395,0.03521,1390520248
1612526400000,0.03524,0.03576,0.03469,0.03493,739888064
1612540800000,0.03497,0.03686,0.03448,0.03606,1624921408
1612555200000,0.03606,0.03665,0.03564,0.0363,419493921
1612569600000,0.03633,0.03664,0.0335,0.0349,1089276961
1612584000000,0.03489,0.03526,0.03438,0.03514,279847091
1612598400000,0.03516,0.03538,0.0343,0.03437,406333407
1612612800000,0.03437,0.03513,0.0343,0.03481,309638688
1612627200000,0.03481,0.03574,0.03475,0.03554,502148250
1612641600000,0.03554,0.03565,0.03473,0.03514,352717675
1612656000000,0.03516,0.03557,0.03408,0.03484,433211188
1612670400000,0.03483,0.0355,0.03405,0.03516,348672292
1612684800000,0.03515,0.03646,0.03513,0.03622,661179452
1612699200000,0.03622,0.03747,0.03442,0.03496,1927147242
1612713600000,0.03496,0.03558,0.03417,0.03489,876625504
1612728000000,0.03489,0.03648,0.03466,0.036,430063444
1612742400000,0.03602,0.03661,0.0353,0.0356,490228560
1612756800000,0.03559,0.03664,0.03552,0.03639,345930197
1612771200000,0.03639,0.03803,0.03626,0.03798,735299288
1612785600000,0.03798,0.03825,0.03675,0.03786,1169602496
1612800000000,0.03787,0.04189,0.03754,0.04097,2133374565
1612814400000,0.04098,0.0416,0.03978,0.04048,820599594
1612828800000,0.04052,0.04415,0.04047,0.04299,1563599421
1612843200000,0.04301,0.04343,0.0419,0.04337,761840342
1612857600000,0.04338,0.0477,0.04325,0.04525,2907292191
1612872000000,0.04525,0.0487,0.04386,0.04805,2398757834
1612886400000,0.04805,0.05133,0.04714,0.0481,2827672842
1612900800000,0.04809,0.04932,0.04579,0.04622,1227176603
1612915200000,0.04623,0.04847,0.045,0.04744,1231725230
1612929600000,0.04742,0.04864,0.04589,0.04768,850071168
1612944000000,0.04769,0.05,0.04765,0.04864,1273558893
1612958400000,0.04864,0.04866,0.04142,0.04315,2670312442
1612972800000,0.04315,0.04555,0.04252,0.04543,1157119743
1612987200000,0.04545,0.04709,0.04423,0.04634,540409018
1613001600000,0.04633,0.04659,0.04434,0.04639,674065827
1613016000000,0.04638,0.04713,0.04517,0.04675,587696711
1613030400000,0.04673,0.04827,0.04618,0.04681,865884823
1613044800000,0.04681,0.0489,0.04679,0.04832,842831732
1613059200000,0.04831,0.05162,0.04783,0.05143,1652423083
1613073600000,0.05144,0.05938,0.05089,0.05708,3288762159
1613088000000,0.05704,0.0582,0.0538,0.05429,1510504016
1613102400000,0.05429,0.0553,0.05233,0.05487,1201531811
1613116800000,0.05487,0.0568,0.05431,0.05518,1122128318
1613131200000,0.0552,0.05635,0.05128,0.05435,1429815450
1613145600000,0.05437,0.05609,0.05391,0.05539,1126193488
1613160000000,0.05539,0.05674,0.05461,0.05527,662164707
1613174400000,0.0553,0.05788,0.05521,0.05708,816219127
1613188800000,0.05708,0.05846,0.05461,0.05464,1135715252
1613203200000,0.05471,0.0566,0.05139,0.05336,1607335247
1613217600000,0.05337,0.05691,0.05266,0.05666,1159453202
1613232000000,0.05663,0.06147,0.05611,0.05828,2404650138
1613246400000,0.05829,0.06114,0.058,0.06016,877447788
1613260800000,0.06015,0.0604,0.05635,0.05669,722859289
1613275200000,0.05669,0.0585,0.05661,0.05781,607831824
1613289600000,0.05783,0.0592,0.05676,0.058,615836334
1613304000000,0.05802,0.05802,0.05221,0.05402,1673587620
1613318400000,0.05402,0.0558,0.05371,0.05516,869624230
1613332800000,0.05515,0.05764,0.05495,0.05529,621973890
1613347200000,0.05532,0.0564,0.04487,0.04883,2550269260
1613361600000,0.04883,0.05161,0.04662,0.05126,1686245468
1613376000000,0.05126,0.0537,0.05034,0.05287,1276174735
1613390400000,0.05288,0.05414,0.0518,0.05362,880976552
1613404800000,0.05361,0.05505,0.05358,0.05409,676942851
1613419200000,0.0541,0.05424,0.05013,0.05084,1062577128
1613433600000,0.05084,0.05379,0.04916,0.05377,913893180
1613448000000,0.05375,0.05523,0.05199,0.05287,1049395213
1613462400000,0.05287,0.05377,0.05225,0.05252,511461630
1613476800000,0.05251,0.0534,0.05135,0.05193,737337696
1613491200000,0.05193,0.05219,0.0498,0.05086,795308372
1613505600000,0.05086,0.05242,0.04961,0.05201,527396136
1613520000000,0.05201,0.05216,0.05035,0.05055,570501488
1613534400000,0.05054,0.05167,0.04882,0.05135,730925899
1613548800000,0.05137,0.05336,0.05087,0.05252,466313600
1613563200000,0.05251,0.05407,0.05184,0.05318,680177729
1613577600000,0.05318,0.0537,0.0524,0.05331,338537606
1613592000000,0.05332,0.0538,0.05216,0.05265,315204080
1613606400000,0.05266,0.05434,0.05265,0.05376,358114788
1613620800000,0.05376,0.055,0.053,0.05364,565520598
1613635200000,0.05367,0.05391,0.0525,0.05304,543509530
1613649600000,0.05307,0.05409,0.0521,0.0536,467376286
1613664000000,0.05357,0.05578,0.05353,0.05505,647703937
1613678400000,0.05504,0.05572,0.05475,0.05497,299960082
1613692800000,0.05498,0.05761,0.05401,0.05693,1019262286
1613707200000,0.05693,0.06494,0.05614,0.06301,2249102234
1613721600000,0.06304,0.06321,0.06078,0.06185,1140447982
1613736000000,0.06183,0.06319,0.05931,0.06036,1255581146
1613750400000,0.06035,0.06138,0.05964,0.05985,603437103
1613764800000,0.05985,0.0618,0.05976,0.06083,464995025
1613779200000,0.06085,0.06231,0.058,0.06117,1221427546
1613793600000,0.06114,0.0618,0.06004,0.06013,440916869
1613808000000,0.06013,0.06277,0.06012,0.06172,635344577
1613822400000,0.06173,0.06389,0.05809,0.05967,1470221030
1613836800000,0.05964,0.06144,0.05939,0.06024,807731465
1613851200000,0.06024,0.06039,0.055,0.05774,891984904
1613865600000,0.05775,0.05939,0.05638,0.05851,771448246
1613880000000,0.05852,0.05945,0.05824,0.0584,584911913
1613894400000,0.05842,0.06114,0.05831,0.06056,711062269
1613908800000,0.06055,0.06076,0.05898,0.05982,659947825
1613923200000,0.05982,0.06155,0.05964,0.06083,576065300
1613937600000,0.06083,0.06086,0.05863,0.05943,477890741
1613952000000,0.05944,0.05969,0.05711,0.05729,754402045
1613966400000,0.05731,0.05863,0.05637,0.05846,810248325
1613980800000,0.05846,0.05859,0.05492,0.05541,887594614
1613995200000,0.05541,0.05565,0.044,0.0525,2254127514
1614009600000,0.05252,0.0537,0.05104,0.05339,815150668
1614024000000,0.0534,0.05488,0.05296,0.05421,495975630
1614038400000,0.0542,0.0546,0.04991,0.05098,947191106
1614052800000,0.05097,0.05162,0.04778,0.04903,1157502897
1614067200000,0.049,0.04934,0.03715,0.0417,2933679694
1614081600000,0.0417,0.04568,0.04094,0.04502,1568029545
1614096000000,0.04502,0.04568,0.04174,0.04181,865178919
1614110400000,0.04182,0.04499,0.04156,0.04491,538118013
1614124800000,0.04492,0.04777,0.04303,0.04754,911944888
1614139200000,0.04755,0.04805,0.04614,0.04721,603180326
1614153600000,0.04723,0.04982,0.04689,0.04872,839593279
1614168000000,0.0487,0.04976,0.04582,0.0477,980549977
1614182400000,0.04771,0.04815,0.04651,0.0467,401117757
1614196800000,0.04667,0.04801,0.04561,0.04793,428749430
1614211200000,0.04794,0.04933,0.0476,0.04804,429603137
1614225600000,0.04803,0.04907,0.04723,0.04875,380225687
1614240000000,0.04874,0.04904,0.0469,0.04894,466207779
1614254400000,0.04894,0.05008,0.04856,0.04952,590351976
1614268800000,0.04953,0.04985,0.0476,0.04803,482456260
1614283200000,0.04801,0.0481,0.04477,0.04508,556255156
1614297600000,0.04506,0.04579,0.04328,0.04565,544612977
1614312000000,0.04565,0.04613,0.04229,0.04293,397215852
1614326400000,0.04297,0.04525,0.04297,0.04489,367540037
1614340800000,0.04491,0.046,0.04455,0.04589,355263964
1614355200000,0.04587,0.04682,0.04523,0.04551,327809168
1614369600000,0.0455,0.04573,0.04398,0.04511,275435168
1614384000000,0.04513,0.04667,0.04507,0.04632,328871945
1614398400000,0.04631,0.04718,0.04577,0.04627,345457242
1614412800000,0.04626,0.04781,0.04549,0.0474,522811704
1614427200000,0.0474,0.04838,0.04659,0.04683,486986826
1614441600000,0.04683,0.0478,0.04673,0.04778,223014622
1614456000000,0.04778,0.04789,0.04559,0.04646,325433765
1614470400000,0.04646,0.04677,0.04391,0.04397,398333129
1614484800000,0.044,0.04466,0.043,0.04356,437903068
1614499200000,0.04356,0.04537,0.04353,0.04497,218175415
1614513600000,0.04497,0.04594,0.04312,0.04371,864472424
1614528000000,0.04372,0.04523,0.04319,0.04518,370571247
1614542400000,0.04519,0.04612,0.04485,0.04556,229870641
1614556800000,0.04555,0.04658,0.04532,0.04578,317327204
1614571200000,0.04579,0.04603,0.04485,0.04565,282293654
1614585600000,0.04564,0.04669,0.0456,0.04653,310451252
1614600000000,0.04654,0.04785,0.04613,0.04782,369964315
1614614400000,0.04784,0.04823,0.04624,0.04649,395314498
1614628800000,0.04646,0.04784,0.04633,0.04779,184851023
1614643200000,0.0478,0.04834,0.04692,0.04704,203338683
1614657600000,0.04704,0.04765,0.0464,0.04665,167836047
1614672000000,0.04664,0.04803,0.04662,0.04776,333404783
1614686400000,0.04777,0.04883,0.0472,0.04767,414647000
1614700800000,0.04769,0.04794,0.04537,0.04582,431638260
1614715200000,0.04583,0.04688,0.04544,0.0468,192276573
1614729600000,0.0468,0.04741,0.04646,0.04739,161845325
1614744000000,0.04738,0.0482,0.04736,0.0479,276756017
1614758400000,0.04791,0.04929,0.0479,0.04895,419424126
1614772800000,0.04895,0.04964,0.04772,0.04837,481993179
1614787200000,0.04839,0.04938,0.04839,0.04893,278934267
1614801600000,0.04894,0.04962,0.04841,0.04878,228681871
1614816000000,0.04879,0.05202,0.04832,0.04947,909471587
1614830400000,0.04947,0.05202,0.04911,0.05164,960891917
1614844800000,0.05165,0.05246,0.0496,0.05053,668221061
1614859200000,0.05052,0.05335,0.05015,0.05284,999040702
1614873600000,0.05282,0.05331,0.04872,0.04992,949413141
1614888000000,0.04989,0.05204,0.04913,0.05139,532398675
1614902400000,0.0514,0.05142,0.04842,0.0498,683840159
1614916800000,0.0498,0.05043,0.04919,0.05008,302941252
1614931200000,0.05007,0.05025,0.04861,0.04991,354190728
1614945600000,0.04992,0.05084,0.04939,0.04968,449641221
1614960000000,0.04968,0.05074,0.04876,0.05058,435933212
1614974400000,0.05059,0.05073,0.04983,0.05012,204969892
1614988800000,0.05013,0.05062,0.04963,0.05007,159062565
1615003200000,0.05008,0.05071,0.0495,0.05042,245254135
1615017600000,0.05043,0.05073,0.0498,0.04999,211612737
1615032000000,0.04999,0.05007,0.04858,0.04926,338406992
1615046400000,0.04927,0.05043,0.04902,0.04973,385663689
1615060800000,0.04976,0.05032,0.04948,0.05008,228613689
1615075200000,0.05009,0.05064,0.04994,0.05028,192579834
1615089600000,0.05028,0.05094,0.04999,0.0509,261440935
1615104000000,0.05091,0.05142,0.05079,0.05139,280396078
1615118400000,0.0514,0.05173,0.05038,0.05099,292223525
1615132800000,0.051,0.05158,0.05084,0.05113,178120025
1615147200000,0.05111,0.0518,0.05036,0.05167,174553325
1615161600000,0.05169,0.05206,0.05073,0.0511,315806541
1615176000000,0.0511,0.05164,0.05024,0.05066,324657444
1615190400000,0.05064,0.05145,0.05014,0.05143,356854563
1615204800000,0.05144,0.053,0.05103,0.0522,786524683
1615219200000,0.0522,0.0533,0.05172,0.05299,416057976
1615233600000,0.05298,0.05311,0.0522,0.05311,250952141
1615248000000,0.05308,0.0536,0.05242,0.05335,348590446
1615262400000,0.05335,0.05357,0.05244,0.05259,342317801
1615276800000,0.05259,0.05324,0.05235,0.05298,399010346
1615291200000,0.05297,0.05301,0.05196,0.05273,360740223
1615305600000,0.05275,0.05299,0.05206,0.05265,241182228
1615320000000,0.05265,0.05324,0.05256,0.05321,193033034
1615334400000,0.05321,0.05342,0.05025,0.05201,814615450
1615348800000,0.05201,0.05235,0.05146,0.05211,331604244
1615363200000,0.05211,0.05265,0.05183,0.05229,270482043
1615377600000,0.05229,0.05299,0.05213,0.05267,363240151
1615392000000,0.05268,0.05295,0.05244,0.0526,282239483
1615406400000,0.05259,0.05271,0.05114,0.05139,419343006
1615420800000,0.05139,0.05169,0.05069,0.05141,303100105
1615435200000,0.05141,0.05157,0.05042,0.05047,219173128
1615449600000,0.05048,0.05084,0.04958,0.05081,497691810
1615464000000,0.05081,0.05131,0.05023,0.05051,379498432
1615478400000,0.0505,0.05164,0.05044,0.0509,425823081
1615492800000,0.05091,0.05184,0.05086,0.05149,247267283
1615507200000,0.0515,0.05172,0.05088,0.05148,359431490
1615521600000,0.05148,0.05159,0.05097,0.0512,223773323
1615536000000,0.0512,0.05146,0.05003,0.0503,320354999
1615550400000,0.05031,0.05057,0.04849,0.05016,707933070
1615564800000,0.05015,0.0503,0.04934,0.04936,280845545
1615579200000,0.04936,0.05003,0.0491,0.04993,314032215
1615593600000,0.04993,0.04998,0.04879,0.04994,294815035
1615608000000,0.04993,0.05048,0.04968,0.05009,236186067
1615622400000,0.05011,0.05165,0.05011,0.05161,424911931
1615636800000,0.05162,0.05415,0.05138,0.05274,777012760
1615651200000,0.05274,0.0534,0.0523,0.05282,424181345
1615665600000,0.05281,0.05374,0.05236,0.05292,289122320
1615680000000,0.05293,0.05393,0.05233,0.05353,281370873
1615694400000,0.05352,0.05385,0.05255,0.05256,395757665
1615708800000,0.05256,0.05298,0.051,0.05183,637865320
1615723200000,0.05183,0.05209,0.05105,0.05167,348722694
1615737600000,0.05167,0.05208,0.05128,0.05172,211147986
1615752000000,0.05172,0.05243,0.051,0.05104,262515886
1615766400000,0.05103,0.05215,0.0505,0.05199,281782899
1615780800000,0.05199,0.05224,0.04926,0.04972,483826872
1615795200000,0.04973,0.05013,0.04806,0.04948,655847574
1615809600000,0.04947,0.05046,0.04884,0.04978,353380486
1615824000000,0.04978,0.05056,0.04949,0.05045,268065510
1615838400000,0.05047,0.05148,0.05035,0.05066,348972852
1615852800000,0.05064,0.05108,0.04902,0.0504,434253103
1615867200000,0.0504,0.0517,0.04977,0.05147,441437532
1615881600000,0.0515,0.05316,0.05135,0.05183,706760114
1615896000000,0.05183,0.05255,0.05127,0.05247,363849768
1615910400000,0.05247,0.0527,0.05114,0.05178,275447554
1615924800000,0.05177,0.05236,0.05176,0.05235,130013088
1615939200000,0.05235,0.05348,0.05194,0.05338,395703095
1615953600000,0.05336,0.05582,0.05312,0.05418,1118360083
1615968000000,0.05417,0.05472,0.05229,0.0531,696825731
1615982400000,0.0531,0.05352,0.0523,0.05281,568528749
1615996800000,0.05282,0.05453,0.05259,0.05409,428039382
1616011200000,0.05409,0.0552,0.05374,0.0548,348779900
1616025600000,0.05482,0.05524,0.05376,0.0539,267227327
1616040000000,0.0539,0.05434,0.0533,0.05352,242031609
1616054400000,0.05353,0.05428,0.05346,0.05362,262520400
1616068800000,0.05359,0.05469,0.05328,0.05451,386036224
1616083200000,0.05451,0.05463,0.05303,0.05312,320741219
1616097600000,0.05313,0.0541,0.05285,0.05328,218587566
1616112000000,0.05328,0.05384,0.05209,0.05369,340701519
1616126400000,0.05369,0.05499,0.05331,0.05459,415227255
1616140800000,0.05458,0.05495,0.05405,0.05491,415487359
1616155200000,0.0549,0.0566,0.05462,0.05581,780850174
1616169600000,0.05581,0.05802,0.05548,0.05737,993355918
1616184000000,0.05735,0.05963,0.0569,0.05869,979074313
1616198400000,0.05867,0.06509,0.05864,0.0638,2515853326
1616212800000,0.06378,0.0655,0.06255,0.06361,2194130140
1616227200000,0.06361,0.06466,0.06269,0.0639,1262476623
1616241600000,0.06392,0.06836,0.06373,0.06699,3691957682
1616256000000,0.06697,0.06728,0.06394,0.06432,1955521367
1616270400000,0.06429,0.06439,0.0605,0.06094,1645627276
1616284800000,0.06094,0.06355,0.06042,0.06176,1442936606
1616299200000,0.06176,0.0621,0.06045,0.06168,867125385
1616313600000,0.06169,0.06199,0.05901,0.05989,1238585357
1616328000000,0.0599,0.0614,0.05872,0.06042,1002237940
1616342400000,0.06043,0.06243,0.0598,0.06235,829485429
1616356800000,0.06236,0.06455,0.06187,0.06344,1139590192
1616371200000,0.06341,0.06393,0.06115,0.06333,775764792
1616385600000,0.06332,0.065,0.06293,0.06466,601487143
1616400000000,0.06465,0.06637,0.06345,0.06537,1155602929
1616414400000,0.06538,0.06539,0.06261,0.06412,1104058763
1616428800000,0.06412,0.06432,0.06143,0.06176,762456657
1616443200000,0.06175,0.06251,0.05872,0.05931,1199794179
1616457600000,0.05931,0.06146,0.05903,0.06065,687982792
1616472000000,0.06066,0.06081,0.05768,0.05948,878641683
1616486400000,0.05947,0.06006,0.05848,0.05882,425663950
1616500800000,0.05884,0.06061,0.05879,0.06023,549034180
1616515200000,0.06024,0.0608,0.05819,0.05852,630029563
1616529600000,0.05851,0.05912,0.05748,0.05858,601565488
1616544000000,0.05857,0.06011,0.05808,0.05967,581881929
1616558400000,0.05964,0.06054,0.05882,0.06047,479857713
1616572800000,0.06046,0.06119,0.06015,0.06071,428591752
1616587200000,0.06071,0.06228,0.0603,0.06125,775270009
1616601600000,0.06126,0.06137,0.05826,0.05846,643673621
1616616000000,0.05843,0.05857,0.05412,0.05564,1371664433
1616630400000,0.05565,0.05612,0.0532,0.05424,1077228911
1616644800000,0.05424,0.05585,0.05394,0.05471,465381582
1616659200000,0.0547,0.05627,0.05457,0.05512,509714703
1616673600000,0.05512,0.05542,0.05327,0.05438,1132201301
1616688000000,0.05438,0.0556,0.05346,0.05549,748183162
1616702400000,0.05549,0.0562,0.05505,0.05528,471251999
1616716800000,0.05527,0.05759,0.05523,0.05718,470641865
1616731200000,0.05718,0.059,0.05708,0.0587,703566996
1616745600000,0.05872,0.06614,0.05791,0.06589,2131041909
1616760000000,0.06595,0.06614,0.06255,0.06285,1660951738
1616774400000,0.06286,0.06511,0.06238,0.06361,937116696
1616788800000,0.06361,0.06542,0.06324,0.06464,706977352
1616803200000,0.06464,0.06597,0.06332,0.06433,1019526150
1616817600000,0.06434,0.06719,0.06404,0.06696,1186635840
1616832000000,0.06696,0.06766,0.0638,0.06403,1574093690
1616846400000,0.06402,0.06502,0.06273,0.06454,927838664
1616860800000,0.06455,0.06571,0.06421,0.06436,535088823
1616875200000,0.06436,0.06519,0.06356,0.0636,349706949
1616889600000,0.0636,0.06409,0.0625,0.06402,487050125
1616904000000,0.06403,0.06446,0.06323,0.06436,367077991
1616918400000,0.06437,0.06462,0.06347,0.06352,334989362
1616932800000,0.06352,0.064,0.06297,0.06387,430970682
1616947200000,0.06388,0.06472,0.0618,0.06288,654982897
1616961600000,0.06289,0.06371,0.06254,0.06366,251172598
1616976000000,0.06365,0.06442,0.06328,0.06401,238876904
1616990400000,0.06401,0.065,0.06381,0.06454,357845360
1617004800000,0.06455,0.06585,0.06446,0.06516,435722239
1617019200000,0.06516,0.06561,0.06413,0.06476,408317969
1617033600000,0.06474,0.06543,0.06445,0.06479,329323225
1617048000000,0.06481,0.0649,0.06418,0.06479,238974345
1617062400000,0.06479,0.06499,0.06426,0.0644,212345459
1617076800000,0.0644,0.06559,0.06427,0.06508,385333098
1617091200000,0.06509,0.06684,0.06508,0.06622,951016296
1617105600000,0.06623,0.06679,0.06504,0.06518,499365112
1617120000000,0.06519,0.06621,0.0648,0.0659,446867691
1617134400000,0.06591,0.0662,0.0648,0.06608,453853074
1617148800000,0.06608,0.06902,0.06562,0.06735,1425239372
1617163200000,0.06737,0.07357,0.06676,0.07128,2312814182
1617177600000,0.07127,0.07346,0.06818,0.0723,2947097342
1617192000000,0.0723,0.08132,0.07115,0.0808,4856477685
1617206400000,0.08081,0.09238,0.07939,0.0904,7802776502
1617220800000,0.09037,0.09795,0.09037,0.09328,6232774873
1617235200000,0.09327,0.09356,0.08623,0.08835,2690601056
1617249600000,0.08835,0.0884,0.08463,0.08636,2005887544
1617264000000,0.08637,0.09492,0.08567,0.08848,4208116512
1617278400000,0.08848,0.09071,0.08668,0.08823,1778444001
1617292800000,0.08824,0.08856,0.08211,0.08528,1917958844
1617307200000,0.08528,0.08685,0.08478,0.08551,773553847
1617321600000,0.08551,0.0876,0.0843,0.08637,976501042
1617336000000,0.08638,0.09068,0.08593,0.08806,1395214194
1617350400000,0.08806,0.09161,0.08785,0.08998,1175043316
1617364800000,0.08998,0.09017,0.08564,0.08802,1059244759
1617379200000,0.08805,0.0883,0.08579,0.08715,617507073
1617393600000,0.08719,0.09289,0.08638,0.0926,1425958766
1617408000000,0.09259,0.09384,0.08869,0.08962,1243405880
1617422400000,0.08962,0.09161,0.08838,0.09083,684814709
1617436800000,0.09085,0.10547,0.08984,0.10231,4195631212
1617451200000,0.1023,0.11131,0.0999,0.1072,4203677808
1617465600000,0.1072,0.10801,0.09697,0.10647,3587938470
1617480000000,0.10647,0.1065,0.09869,0.10169,2796288138
1617494400000,0.1017,0.1118,0.1,0.10694,2621660533
1617508800000,0.10694,0.11753,0.10686,0.11488,3217907047
1617523200000,0.1149,0.11999,0.1116,0.11635,2934783936
1617537600000,0.11637,0.11855,0.11123,0.11201,2462886008
1617552000000,0.11206,0.1195,0.11148,0.1179,2045175803
1617566400000,0.1179,0.1285,0.11736,0.12763,3100369501
1617580800000,0.12762,0.13969,0.12756,0.13915,4488637105
1617595200000,0.13916,0.14357,0.126,0.13292,3622868235
1617609600000,0.13298,0.14032,0.13161,0.13558,2577916679
1617624000000,0.13558,0.13858,0.13097,0.13522,2205922219
1617638400000,0.13524,0.1479,0.13426,0.14696,3497586899
1617652800000,0.14696,0.1497,0.13164,0.13648,2617713012
1617667200000,0.13653,0.13894,0.13,0.13511,1688265553
1617681600000,0.13512,0.13838,0.13236,0.13324,1034037994
1617696000000,0.13323,0.13695,0.1209,0.1278,2910049300
1617710400000,0.12783,0.12866,0.11,0.12021,4230183629
1617724800000,0.12019,0.12839,0.1181,0.11915,2249818837
1617739200000,0.11917,0.12718,0.11668,0.12436,1663328866
1617753600000,0.12435,0.1262,0.12007,0.12062,1382733435
1617768000000,0.12062,0.12184,0.1081,0.11447,2728156007
1617782400000,0.11443,0.11723,0.10325,0.10848,3235005127
1617796800000,0.10846,0.11351,0.10354,0.11001,2399920455
1617811200000,0.11003,0.11352,0.10369,0.1051,2095613824
1617825600000,0.1051,0.11505,0.10376,0.11052,1523448790
1617840000000,0.11055,0.1177,0.11006,0.11462,1382931927
1617854400000,0.11461,0.12294,0.11343,0.12072,1472837351
1617868800000,0.12076,0.12213,0.116,0.11888,1538521211
1617883200000,0.11889,0.1245,0.11846,0.12425,1399210929
1617897600000,0.12428,0.12624,0.12104,0.12314,1238654390
1617912000000,0.12311,0.12414,0.11859,0.12366,1071395140
1617926400000,0.12363,0.1254,0.12019,0.1202,780439220
1617940800000,0.1202,0.12153,0.11909,0.12057,539478282
1617955200000,0.12059,0.1215,0.118,0.11978,708236058
1617969600000,0.11977,0.11995,0.11616,0.11726,708948239
1617984000000,0.11721,0.11913,0.11501,0.11749,653783903
1617998400000,0.11749,0.11783,0.1144,0.11587,555416463
1618012800000,0.11588,0.11936,0.11242,0.1193,718503939
1618027200000,0.11928,0.11931,0.1151,0.11764,728527135
1618041600000,0.11764,0.12219,0.11717,0.12167,998095582
1618056000000,0.12167,0.1218,0.11678,0.11744,828813572
1618070400000,0.11746,0.12812,0.11741,0.123,1902157898
1618084800000,0.12301,0.1269,0.11874,0.12682,1038478257
1618099200000,0.12682,0.1273,0.12154,0.122,698122842
1618113600000,0.122,0.12316,0.118,0.12063,702962866
1618128000000,0.12066,0.12308,0.11902,0.12023,527753276
1618142400000,0.12025,0.12309,0.11834,0.12154,819537613
1618156800000,0.12155,0.12499,0.12046,0.12169,932523863
1618171200000,0.12169,0.12339,0.1205,0.12252,415764013
1618185600000,0.12255,0.1357,0.12192,0.13266,2246453866
1618200000000,0.13269,0.13798,0.13001,0.13047,1794777800
1618214400000,0.13047,0.13271,0.12528,0.12947,2070897902
1618228800000,0.12947,0.13276,0.12704,0.12957,1497952557
1618243200000,0.12957,0.13699,0.12734,0.13474,1744336525
1618257600000,0.13479,0.1365,0.12829,0.1289,1044898439
1618272000000,0.12891,0.13427,0.1289,0.13219,741082849
1618286400000,0.13218,0.13379,0.1282,0.13243,904595652
1618300800000,0.13244,0.1443,0.13101,0.14327,2254673663
1618315200000,0.14327,0.1467,0.13832,0.14102,2102152270
1618329600000,0.14102,0.15657,0.14102,0.14989,3568103905
1618344000000,0.14986,0.15316,0.14176,0.14643,1418852918
1618358400000,0.14642,0.15646,0.1439,0.15356,1499256290
1618372800000,0.15357,0.15747,0.14943,0.15003,1472332171
1618387200000,0.15004,0.15279,0.13388,0.14521,2593232651
1618401600000,0.14523,0.14557,0.13112,0.13719,2249850305
1618416000000,0.13722,0.14169,0.13307,0.13604,1511249976
1618430400000,0.13609,0.14213,0.13507,0.1407,896260378
1618444800000,0.14073,0.14165,0.13614,0.14143,820658383
1618459200000,0.14142,0.14636,0.13962,0.14472,894536526
1618473600000,0.14476,0.15283,0.14352,0.14613,1951263858
1618488000000,0.14608,0.16321,0.14608,0.15908,3400095973
1618502400000,0.15907,0.16396,0.15402,0.1599,2139443260
1618516800000,0.15986,0.1695,0.15768,0.16456,1830663149
1618531200000,0.16456,0.168,0.15354,0.16086,1633033430
1618545600000,0.16085,0.16107,0.14735,0.15408,1992007077
1618560000000,0.15408,0.15687,0.14282,0.14988,1842407081
1618574400000,0.14984,0.15465,0.13382,0.1544,2209995424
1618588800000,0.15441,0.17983,0.15248,0.15915,4150805466
1618603200000,0.15914,0.16636,0.15734,0.16099,1148490005
1618617600000,0.16106,0.18077,0.16101,0.17468,1800588582
1618632000000,0.17471,0.17544,0.16747,0.17312,1131819843
1618646400000,0.17302,0.17418,0.16,0.16254,1342372422
1618660800000,0.1625,0.16965,0.15411,0.15672,1489245396
1618675200000,0.15672,0.16173,0.1525,0.15958,1146581053
1618689600000,0.15957,0.16488,0.15541,0.15557,653376486
1618704000000,0.15557,0.15721,0.12067,0.13658,2725016125
1618718400000,0.13657,0.14267,0.1321,0.14104,1992527099
1618732800000,0.14104,0.1425,0.12416,0.12615,1640445368
1618747200000,0.12617,0.13943,0.12591,0.13884,1171946960
1618761600000,0.1388,0.14277,0.13581,0.13994,938831862
1618776000000,0.13993,0.14532,0.1388,0.14297,842041143
1618790400000,0.14298,0.14808,0.13751,0.14693,890337248
1618804800000,0.14693,0.1477,0.14263,0.14663,633480504
1618819200000,0.14662,0.14719,0.13515,0.14074,1037678929
1618833600000,0.14073,0.14129,0.13,0.13163,1217653950
1618848000000,0.13159,0.13592,0.13019,0.13472,810507687
1618862400000,0.13474,0.13636,0.1295,0.1299,592410069
1618876800000,0.12991,0.13075,0.11679,0.1219,1388811239
1618891200000,0.12191,0.12647,0.11723,0.12207,833646442
1618905600000,0.12206,0.13041,0.12137,0.13017,825940912
1618920000000,0.13017,0.13441,0.12695,0.12998,883270236
1618934400000,0.13005,0.13396,0.12831,0.13363,747717093
1618948800000,0.13363,0.13489,0.12932,0.13282,548654149
1618963200000,0.13281,0.13572,0.13076,0.13117,539116918
1618977600000,0.1312,0.13317,0.13025,0.13114,411082299
1618992000000,0.13117,0.13223,0.12432,0.12607,661170911
1619006400000,0.12609,0.13279,0.12478,0.13262,636702432
1619020800000,0.1326,0.13359,0.12901,0.13036,370375419
1619035200000,0.13036,0.13036,0.12251,0.12268,498504461
1619049600000,0.1227,0.12585,0.11916,0.12047,752758789
1619064000000,0.12047,0.12481,0.12035,0.12299,412203509
1619078400000,0.12302,0.12444,0.11846,0.12366,752739117
1619092800000,0.12368,0.12695,0.12336,0.12583,525783650
1619107200000,0.12584,0.12982,0.12059,0.12213,867820381
1619121600000,0.12213,0.12217,0.109,0.10996,1318660732
1619136000000,0.10996,0.11262,0.09041,0.09826,2533898700
1619150400000,0.09825,0.09883,0.09074,0.09243,1414387812
1619164800000,0.09242,0.1059,0.09114,0.10429,1679827290
1619179200000,0.10435,0.10525,0.09736,0.10296,1289629041
1619193600000,0.10298,0.10473,0.09919,0.10458,854919558
1619208000000,0.10461,0.10919,0.10279,0.10908,867487834
1619222400000,0.10907,0.11002,0.10204,0.10885,982471107
1619236800000,0.10884,0.11444,0.10691,0.11059,986657652
1619251200000,0.11058,0.11327,0.10368,0.10593,1029129169
1619265600000,0.10593,0.10921,0.10362,0.10776,842926223
1619280000000,0.10775,0.1079,0.10473,0.10635,533780107
1619294400000,0.10632,0.10751,0.10196,0.10253,553379040
1619308800000,0.10256,0.10641,0.10168,0.10233,554544269
1619323200000,0.10233,0.10453,0.10102,0.10263,416695231
1619337600000,0.10264,0.10597,0.10261,0.10564,572712827
1619352000000,0.10567,0.11013,0.1054,0.10907,628063966
1619366400000,0.10906,0.1097,0.104,0.1042,522595474
1619380800000,0.10418,0.10525,0.09638,0.10177,988077033
1619395200000,0.10177,0.1105,0.1,0.11042,781532322
1619409600000,0.11045,0.11432,0.10785,0.1121,590886221
1619424000000,0.11212,0.11482,0.1093,0.11403,657979063
1619438400000,0.11403,0.11575,0.11166,0.11391,618428669
1619452800000,0.11389,0.11762,0.11119,0.11709,685024102
1619467200000,0.11705,0.11753,0.11237,0.11737,603976028
1619481600000,0.11737,0.12209,0.11544,0.11879,665414348
1619496000000,0.11875,0.12584,0.118,0.12369,586431622
1619510400000,0.12371,0.129,0.12302,0.1282,648852515
1619524800000,0.12823,0.12837,0.121,0.12645,884697224
1619539200000,0.12643,0.12713,0.12273,0.12365,489202238
1619553600000,0.12366,0.12664,0.12366,0.12612,380608150
1619568000000,0.12612,0.13,0.12356,0.12363,504209396
1619582400000,0.12361,0.12544,0.11618,0.1208,803222603
1619596800000,0.12077,0.12347,0.11758,0.12244,550118671
1619611200000,0.12244,0.1239,0.11896,0.12048,407991919
1619625600000,0.12045,0.1236,0.1196,0.1232,336414811
1619640000000,0.12323,0.12453,0.1198,0.12276,431657309
1619654400000,0.12277,0.12344,0.12012,0.12213,362773819
1619668800000,0.12214,0.1241,0.11992,0.12372,356660529
1619683200000,0.12372,0.12544,0.12201,0.12424,419412275
1619697600000,0.12424,0.12457,0.1208,0.12169,477706956
1619712000000,0.12169,0.12207,0.11761,0.11936,452855738
1619726400000,0.11937,0.12139,0.11761,0.12127,315492973
1619740800000,0.12127,0.1215,0.11882,0.12129,298239609
1619755200000,0.1213,0.1269,0.12125,0.12551,508900824
1619769600000,0.12551,0.12656,0.12311,0.12378,432698525
1619784000000,0.12379,0.12799,0.12356,0.12711,591900892
1619798400000,0.12711,0.1324,0.12708,0.13096,965781560
1619812800000,0.13093,0.13315,0.12815,0.13243,559631146
1619827200000,0.13246,0.13377,0.12982,0.13334,442421758
1619841600000,0.13334,0.13355,0.13,0.13056,387791583
1619856000000,0.13052,0.13139,0.12745,0.13061,431111461
1619870400000,0.1306,0.1308,0.1276,0.12894,330043301
1619884800000,0.12895,0.13055,0.12845,0.12999,333327109
1619899200000,0.12998,0.13182,0.12855,0.13127,322734989
1619913600000,0.13128,0.13243,0.12633,0.12684,503034671
1619928000000,0.12683,0.12919,0.12506,0.12678,486822901
1619942400000,0.12679,0.12847,0.12539,0.12846,410877440
1619956800000,0.12846,0.12886,0.12711,0.1279,284299466
1619971200000,0.12789,0.12958,0.12718,0.12913,260304077
1619985600000,0.12914,0.12942,0.12674,0.12768,250733538
1620000000000,0.12768,0.13126,0.12752,0.1298,357715674
1620014400000,0.12981,0.13239,0.12941,0.13219,333716267
1620028800000,0.13222,0.13688,0.13083,0.13557,718292021
1620043200000,0.13556,0.1362,0.13088,0.13299,687469875
1620057600000,0.13299,0.13502,0.13142,0.13282,499930917
1620072000000,0.13282,0.13284,0.12927,0.13176,491382535
1620086400000,0.13178,0.13201,0.1202,0.1242,1080547190
1620100800000,0.12422,0.12786,0.12344,0.12537,443640553
1620115200000,0.1254,0.12949,0.1243,0.12797,570166099
1620129600000,0.12797,0.12814,0.11957,0.12039,935728460
1620144000000,0.1204,0.12374,0.11784,0.12326,667762896
1620158400000,0.12328,0.1241,0.1188,0.11923,475254099
1620172800000,0.11923,0.12586,0.11771,0.12375,680364446
1620187200000,0.12376,0.12697,0.12137,0.12653,378905853
1620201600000,0.12654,0.1322,0.12647,0.13193,958293735
1620216000000,0.13193,0.13386,0.12957,0.13225,991203529
1620230400000,0.13226,0.14015,0.13075,0.13837,1677545754
1620244800000,0.13837,0.14712,0.13513,0.14699,1248805907
1620259200000,0.14701,0.14966,0.14068,0.14584,1376173241
1620273600000,0.14584,0.14824,0.13722,0.14171,963768202
1620288000000,0.14174,0.1451,0.14001,0.14497,707351771
1620302400000,0.14494,0.15389,0.14268,0.14898,1873309964
1620316800000,0.14898,0.15887,0.14258,0.14859,2332241640
1620331200000,0.14859,0.15751,0.1446,0.15238,1139592062
1620345600000,0.15241,0.17081,0.14922,0.15628,2683989585
1620360000000,0.15631,0.16254,0.15183,0.15809,1338654256
1620374400000,0.15811,0.16751,0.15716,0.16146,1237114598
1620388800000,0.16149,0.16286,0.155,0.15743,1092766762
1620403200000,0.15744,0.1579,0.14715,0.15044,1223031676
1620417600000,0.15049,0.15157,0.1396,0.14771,1312708459
1620432000000,0.14771,0.15098,0.14549,0.15033,929374564
1620446400000,0.15033,0.15044,0.14502,0.14877,573413748
1620460800000,0.14876,0.15335,0.1476,0.15043,904196845
1620475200000,0.15044,0.15154,0.14208,0.14305,868797698
1620489600000,0.14305,0.14719,0.14139,0.1457,709422133
1620504000000,0.14569,0.14606,0.14212,0.14315,451360757
1620518400000,0.14316,0.14614,0.1381,0.13976,600348473
1620532800000,0.13976,0.14253,0.13555,0.13966,675449233
1620547200000,0.13966,0.14284,0.13928,0.13973,488988457
1620561600000,0.13971,0.1408,0.13508,0.14012,724596266
1620576000000,0.14014,0.14274,0.13911,0.14027,514076409
1620590400000,0.14025,0.14491,0.14009,0.14323,459813438
1620604800000,0.14322,0.14771,0.1432,0.1453,707103610
1620619200000,0.14532,0.14855,0.1451,0.14543,454132920
1620633600000,0.14544,0.14779,0.13963,0.14257,822597636
1620648000000,0.14255,0.14381,0.13811,0.14272,743027769
1620662400000,0.14267,0.1432,0.12623,0.12962,1070963824
1620676800000,0.12952,0.13109,0.11789,0.12721,1465819160
1620691200000,0.12715,0.12919,0.12108,0.12323,851469574
1620705600000,0.12323,0.12954,0.12249,0.12937,522167000
1620720000000,0.12936,0.13474,0.12713,0.13059,814093958
1620734400000,0.1306,0.13583,0.12831,0.13568,931945324
1620748800000,0.13568,0.13949,0.13461,0.13923,710565531
1620763200000,0.13924,0.1393,0.13475,0.13902,486940016
1620777600000,0.13903,0.14755,0.13843,0.14701,1038578754
1620792000000,0.14701,0.14717,0.13927,0.14073,664611301
1620806400000,0.14074,0.14265,0.13577,0.13882,763964139
1620820800000,0.13882,0.14013,0.13245,0.1333,997995570
1620835200000,0.13329,0.13431,0.12566,0.12945,1296868350
1620849600000,0.12948,0.1325,0.1167,0.11891,1212867891
1620864000000,0.11895,0.12308,0.10555,0.12124,1686720748
1620878400000,0.12125,0.12672,0.12121,0.12442,617258704
1620892800000,0.12439,0.12523,0.115,0.11994,1185696506
1620907200000,0.11994,0.12436,0.11815,0.11917,770558050
1620921600000,0.11916,0.12221,0.11276,0.11514,1175570928
1620936000000,0.11515,0.12166,0.1144,0.12156,543286434
1620950400000,0.12157,0.12359,0.11972,0.12026,543295227
1620964800000,0.12027,0.12562,0.11916,0.12544,576784112
1620979200000,0.12545,0.12825,0.12506,0.12617,597464673
1620993600000,0.12615,0.12841,0.12403,0.12711,458886086
1621008000000,0.12711,0.12757,0.12369,0.12408,381599118
1621022400000,0.12407,0.12521,0.12157,0.12476,354719630
1621036800000,0.12477,0.12613,0.12285,0.12366,376380624
1621051200000,0.12365,0.12462,0.12,0.12021,497765740
1621065600000,0.1202,0.1223,0.11804,0.12127,569503698
1621080000000,0.12129,0.12745,0.1204,0.12397,763166240
1621094400000,0.12397,0.12398,0.11918,0.12239,816268872
1621108800000,0.12242,0.12486,0.12023,0.1207,502761604
1621123200000,0.12073,0.1285,0.11967,0.12723,731074416
1621137600000,0.12725,0.12864,0.12543,0.12816,500002086
1621152000000,0.12815,0.13143,0.12664,0.128,628475615
1621166400000,0.128,0.12883,0.122,0.12219,710326904
1621180800000,0.12221,0.12406,0.11499,0.11718,1131023576
1621195200000,0.11719,0.11971,0.11469,0.11965,742219232
1621209600000,0.11967,0.11974,0.10989,0.11052,773119063
1621224000000,0.11055,0.11702,0.10854,0.11693,865501232
1621238400000,0.1169,0.11931,0.11578,0.11927,602170188
1621252800000,0.11926,0.12,0.11266,0.11327,586281592
1621267200000,0.11328,0.11503,0.11015,0.1147,754318870
1621281600000,0.11471,0.11595,0.1105,0.11276,466128375
1621296000000,0.11277,0.11667,0.11169,0.11613,426137237
1621310400000,0.11611,0.11868,0.11603,0.11705,372666525
1621324800000,0.11706,0.12001,0.11617,0.11933,427769780
1621339200000,0.11934,0.11948,0.11212,0.11399,745659451
1621353600000,0.11396,0.11728,0.11291,0.11599,542022980
1621368000000,0.11596,0.1179,0.11465,0.11639,476284502
1621382400000,0.11641,0.11811,0.10642,0.1074,881096623
1621396800000,0.10741,0.10799,0.09851,0.10303,1423239914
1621411200000,0.10306,0.10382,0.08614,0.09293,1621515825
1621425600000,0.09302,0.09415,0.04719,0.08117,3121188353
1621440000000,0.08117,0.08817,0.07876,0.08499,2754376480
1621454400000,0.08496,0.0868,0.07841,0.07862,1261478691
1621468800000,0.07865,0.08109,0.073,0.08062,1518741953
1621483200000,0.08062,0.0871,0.08027,0.08551,768888264
1621497600000,0.08552,0.0867,0.08248,0.08624,714448012
1621512000000,0.08623,0.09312,0.0851,0.09011,1037973401
1621526400000,0.09012,0.09025,0.08347,0.08756,1040942419
1621540800000,0.08756,0.09,0.0861,0.08917,592636153
1621555200000,0.08914,0.09316,0.08903,0.09046,567957830
1621569600000,0.09044,0.09084,0.08696,0.08775,567072747
1621584000000,0.08775,0.09031,0.0864,0.089,508763091
1621598400000,0.089,0.08986,0.07852,0.07939,1151106635
1621612800000,0.07941,0.08142,0.07575,0.07689,922635303
1621627200000,0.07689,0.07785,0.07068,0.07779,892954377
1621641600000,0.0778,0.07901,0.0745,0.07529,482283588
1621656000000,0.0753,0.07591,0.07061,0.0736,606396859
1621670400000,0.07362,0.07725,0.07355,0.07664,426361577
1621684800000,0.07665,0.07832,0.07457,0.07626,479989342
1621699200000,0.07627,0.0767,0.07402,0.07411,370857023
1621713600000,0.07411,0.07723,0.07409,0.07523,331511565
1621728000000,0.07523,0.077,0.07384,0.07508,347326979
1621742400000,0.07507,0.07507,0.07032,0.07128,483080714
1621756800000,0.07128,0.07133,0.06513,0.06642,1011950217
1621771200000,0.06641,0.06691,0.05954,0.06046,1276641514
1621785600000,0.06047,0.06094,0.0554,0.05858,1400397707
1621800000000,0.05858,0.06353,0.05848,0.06273,700779144
1621814400000,0.06275,0.06536,0.06159,0.06449,514992863
1621828800000,0.06451,0.06948,0.06316,0.06937,650469938
1621843200000,0.06937,0.07113,0.06761,0.07105,756806100
1621857600000,0.07104,0.0725,0.06957,0.07165,789647325
1621872000000,0.07165,0.07509,0.06971,0.07479,516698720
1621886400000,0.07484,0.07693,0.07388,0.07688,543454418
1621900800000,0.07692,0.08099,0.07388,0.07575,742072843
1621915200000,0.07575,0.07835,0.07438,0.07798,490198540
1621929600000,0.07797,0.07822,0.07125,0.07175,630169195
1621944000000,0.07174,0.07588,0.0715,0.07564,472895368
1621958400000,0.07566,0.07593,0.07319,0.07368,331556820
1621972800000,0.07368,0.07738,0.07352,0.07706,245512510
1621987200000,0.07707,0.08007,0.0758,0.07999,341827793
1622001600000,0.07996,0.08407,0.07845,0.08386,480539094
1622016000000,0.08386,0.08434,0.08058,0.08227,549333001
1622030400000,0.08228,0.08349,0.07855,0.08011,627445894
1622044800000,0.08012,0.0815,0.07904,0.08045,402972378
1622059200000,0.08043,0.08306,0.08001,0.08302,271216578
1622073600000,0.08302,0.08311,0.07628,0.07776,543867359
1622088000000,0.07776,0.07975,0.07698,0.0793,285578128
1622102400000,0.07931,0.08167,0.07829,0.08132,288509128
1622116800000,0.08131,0.08243,0.08029,0.08091,427186534
1622131200000,0.08091,0.08119,0.07891,0.07963,259606909
1622145600000,0.07963,0.08053,0.07838,0.0794,215969531
1622160000000,0.07941,0.07998,0.07747,0.07914,259616622
1622174400000,0.07914,0.07914,0.07276,0.0749,510266344
1622188800000,0.07488,0.07531,0.07006,0.07084,508543028
1622203200000,0.07084,0.0742,0.07026,0.0737,457716471
1622217600000,0.07373,0.07385,0.07157,0.07287,354508434
1622232000000,0.07288,0.0735,0.07008,0.07199,428490101
1622246400000,0.072,0.07437,0.07181,0.07385,295545905
1622260800000,0.07381,0.07444,0.0722,0.0725,290652621
1622275200000,0.0725,0.07285,0.07034,0.07181,466226073
1622289600000,0.07181,0.07184,0.0681,0.06904,491340937
1622304000000,0.06905,0.07019,0.06692,0.06782,406731090
1622318400000,0.06783,0.06934,0.06697,0.06865,306815130
1622332800000,0.06864,0.06907,0.06625,0.069,330234990
1622347200000,0.06901,0.07244,0.06859,0.07236,423386712
1622361600000,0.07237,0.07312,0.07153,0.07308,261118405
1622376000000,0.0731,0.07326,0.07074,0.07153,274772677
1622390400000,0.07153,0.07315,0.07123,0.07271,280526119
1622404800000,0.07271,0.07309,0.07158,0.07189,218218855
1622419200000,0.07188,0.07277,0.06977,0.07027,299772226
1622433600000,0.0703,0.07346,0.06966,0.0734,326067213
1622448000000,0.07339,0.07598,0.0728,0.07526,463328877
1622462400000,0.07525,0.07606,0.07359,0.0756,366941413
1622476800000,0.0756,0.07624,0.07439,0.07496,239855577
1622491200000,0.07496,0.07685,0.07469,0.07672,200974180
1622505600000,0.07672,0.07742,0.075,0.07533,294639875
1622520000000,0.07534,0.07722,0.07501,0.076,290130072
1622534400000,0.07599,0.07637,0.074,0.07524,346857851
1622548800000,0.07524,0.07572,0.07346,0.07484,395361886
1622563200000,0.07483,0.07526,0.07408,0.0745,234203526
1622577600000,0.07451,0.07637,0.07438,0.0761,174499446
1622592000000,0.07611,0.07635,0.0744,0.07611,231639452
1622606400000,0.0761,0.07737,0.07568,0.07699,271077784
1622620800000,0.07697,0.0775,0.076,0.07647,293854238
1622635200000,0.07647,0.07957,0.07639,0.07931,467228065
1622649600000,0.07932,0.07953,0.07803,0.07874,322133431
1622664000000,0.07874,0.07891,0.07729,0.078,242442982
1622678400000,0.07801,0.07849,0.07705,0.07842,240263138
1622692800000,0.07843,0.07998,0.0783,0.07959,255997043
1622707200000,0.0796,0.08172,0.0793,0.07994,437530136
1622721600000,0.07993,0.08101,0.07935,0.07979,339266566
1622736000000,0.07979,0.08091,0.07936,0.07964,300703444
1622750400000,0.07964,0.08245,0.07952,0.0822,330078138
1622764800000,0.08222,0.08291,0.07761,0.07881,665120277
1622779200000,0.07882,0.07901,0.07408,0.07532,640696152
1622793600000,0.07532,0.07606,0.07439,0.07526,366003649
1622808000000,0.07525,0.07649,0.07358,0.07636,483754929
1622822400000,0.07636,0.07745,0.07593,0.0768,298809424
1622836800000,0.0768,0.07815,0.07639,0.07707,253427372
1622851200000,0.07706,0.07894,0.07661,0.0782,247588872
1622865600000,0.0782,0.0797,0.0782,0.07899,183916748
1622880000000,0.07899,0.07964,0.07535,0.07591,454956401
1622894400000,0.07592,0.07637,0.0749,0.07622,342720187
1622908800000,0.07621,0.07622,0.07527,0.07539,257831535
1622923200000,0.07539,0.07629,0.07403,0.07545,276108593
1622937600000,0.07545,0.07652,0.0752,0.07642,170296096
1622952000000,0.07641,0.07745,0.07623,0.07673,241973533
1622966400000,0.07673,0.07738,0.07636,0.07655,232625753
1622980800000,0.07656,0.07727,0.07598,0.07706,266742813
1622995200000,0.07703,0.07746,0.07615,0.07618,196908560
1623009600000,0.07618,0.07742,0.07605,0.07737,249864116
1623024000000,0.0774,0.07859,0.07691,0.07797,279414927
1623038400000,0.07797,0.07837,0.07713,0.07755,207000908
1623052800000,0.07755,0.07845,0.07694,0.07786,275826224
1623067200000,0.07788,0.07855,0.07723,0.07739,235690418
1623081600000,0.07738,0.07748,0.07561,0.07607,253985167
1623096000000,0.07605,0.07622,0.07092,0.0716,609009639
1623110400000,0.07161,0.07248,0.06842,0.06973,606230071
1623124800000,0.06975,0.07047,0.0685,0.07012,503333922
1623139200000,0.07012,0.07155,0.07012,0.07139,390883536
1623153600000,0.07139,0.07186,0.0671,0.06846,1018164954
1623168000000,0.06848,0.07149,0.06814,0.07133,462328792
1623182400000,0.07132,0.07322,0.07103,0.07233,352352174
1623196800000,0.07234,0.07256,0.06989,0.0707,353877962
1623211200000,0.07072,0.07318,0.06991,0.0724,368754413
1623225600000,0.07241,0.07345,0.07165,0.07331,330560829
1623240000000,0.07332,0.07469,0.07171,0.07451,631503240
1623254400000,0.07451,0.07498,0.07331,0.07351,301557164
1623268800000,0.07352,0.0753,0.07328,0.0753,212394091
1623283200000,0.0753,0.07577,0.07454,0.07469,260650631
1623297600000,0.07469,0.07527,0.07384,0.07493,214961140
1623312000000,0.07494,0.077,0.0734,0.07646,614490787
1623326400000,0.07647,0.07647,0.07295,0.0734,616944031
1623340800000,0.0734,0.07378,0.07194,0.07259,340720317
1623355200000,0.0726,0.07313,0.07129,0.07253,222109401
1623369600000,0.07253,0.07334,0.07132,0.07274,260875034
1623384000000,0.07273,0.07318,0.07185,0.07235,168068250
1623398400000,0.07235,0.07292,0.07201,0.07239,203343634
1623412800000,0.0724,0.07291,0.07076,0.07095,245882019
1623427200000,0.07094,0.07124,0.07018,0.07032,239655267
1623441600000,0.07032,0.07063,0.06842,0.06915,252969300
1623456000000,0.06916,0.06917,0.06605,0.06673,382950445
1623470400000,0.06673,0.06715,0.06562,0.06697,219557858
1623484800000,0.06699,0.06819,0.06606,0.0677,300940385
1623499200000,0.0677,0.06871,0.06762,0.068,219659426
1623513600000,0.06799,0.06901,0.06777,0.06856,128798956
1623528000000,0.06858,0.06904,0.06785,0.06802,151735294
1623542400000,0.06802,0.06905,0.06708,0.06712,174646945
1623556800000,0.06712,0.06735,0.06652,0.06693,198469236
1623571200000,0.06692,0.06807,0.06683,0.06778,230634469
1623585600000,0.06778,0.0682,0.06706,0.06762,151359731
1623600000000,0.06762,0.06991,0.06756,0.06991,312836869
1623614400000,0.0699,0.07189,0.06982,0.0715,307166002
1623628800000,0.07151,0.07211,0.0703,0.07061,207757598
1623643200000,0.07061,0.07142,0.07038,0.07109,122848526
1623657600000,0.07109,0.07112,0.06994,0.07025,138913156
1623672000000,0.07025,0.07248,0.06995,0.07231,368771849
1623686400000,0.07232,0.07277,0.07034,0.07081,344576320
1623700800000,0.07082,0.07214,0.07058,0.07201,162625953
1623715200000,0.07202,0.07278,0.07146,0.07192,189929441
1623729600000,0.07193,0.07314,0.07181,0.07238,211770778
1623744000000,0.07237,0.07275,0.07105,0.07153,254989672
1623758400000,0.07154,0.07255,0.07073,0.07107,261874781
1623772800000,0.07108,0.07271,0.071,0.07146,247646217
1623787200000,0.07146,0.07208,0.07091,0.0717,117065140
1623801600000,0.07169,0.07229,0.07044,0.07209,284095855
1623816000000,0.07209,0.07262,0.07186,0.07227,179201243
1623830400000,0.07226,0.07275,0.06985,0.07002,314965430
1623844800000,0.07001,0.07042,0.06888,0.06971,284560477
1623859200000,0.06969,0.07041,0.0687,0.06992,366179950
1623873600000,0.0699,0.07007,0.06842,0.06893,175882471
1623888000000,0.06893,0.07106,0.06864,0.07092,175779017
1623902400000,0.07093,0.07163,0.0707,0.0713,218022603
1623916800000,0.07131,0.07197,0.0712,0.07167,168791927
1623931200000,0.07167,0.07262,0.0708,0.07241,361987491
1623945600000,0.07242,0.07259,0.07022,0.07119,339359935
1623960000000,0.07117,0.07399,0.07066,0.07392,490356093
1623974400000,0.07393,0.07414,0.07135,0.07283,508094591
1623988800000,0.07282,0.07368,0.07198,0.07367,334641732
1624003200000,0.07366,0.07479,0.07215,0.07374,875628209
1624017600000,0.07374,0.074,0.06987,0.07011,813369209
1624032000000,0.07012,0.07096,0.06811,0.06829,575275599
1624046400000,0.06829,0.06978,0.06811,0.06956,320491507
1624060800000,0.06956,0.07014,0.06808,0.06869,265830031
1624075200000,0.06871,0.06998,0.06835,0.06987,239450717
1624089600000,0.06987,0.07014,0.06885,0.06944,266394074
1624104000000,0.06944,0.07017,0.06904,0.06997,281411833
1624118400000,0.06997,0.07012,0.06821,0.06909,279307564
1624132800000,0.06909,0.06952,0.06813,0.06825,215557447
1624147200000,0.06826,0.06854,0.06716,0.06783,235880132
1624161600000,0.06783,0.06863,0.0677,0.06807,150294553
1624176000000,0.06807,0.06826,0.06385,0.064,511365067
1624190400000,0.064,0.06583,0.06315,0.06535,414484492
1624204800000,0.06535,0.06731,0.06523,0.06705,228517245
1624219200000,0.06706,0.06798,0.06694,0.06766,188753708
1624233600000,0.06765,0.06798,0.06564,0.06566,246136341
1624248000000,0.06566,0.06628,0.06151,0.06212,714900976
1624262400000,0.0621,0.0627,0.05756,0.05971,853034354
1624276800000,0.05969,0.06065,0.05791,0.05939,561399718
1624291200000,0.0594,0.05987,0.05783,0.05892,438024253
1624305600000,0.05893,0.05949,0.0533,0.05348,857594823
1624320000000,0.05347,0.05633,0.05176,0.05598,746104971
1624334400000,0.05598,0.05611,0.0543,0.05477,365717194
1624348800000,0.05478,0.05486,0.0503,0.05049,906591541
1624363200000,0.0505,0.05085,0.04634,0.05045,1681961668
1624377600000,0.05047,0.05265,0.05027,0.05086,782807358
1624392000000,0.05087,0.05239,0.05008,0.05099,574108264
1624406400000,0.051,0.05556,0.04927,0.05498,776525223
1624420800000,0.05498,0.05619,0.0546,0.05572,377124366
1624435200000,0.05573,0.05642,0.05508,0.05573,330750594
1624449600000,0.05573,0.05762,0.05491,0.05505,536403632
1624464000000,0.05505,0.05612,0.05315,0.05319,447413561
1624478400000,0.0532,0.05793,0.05313,0.05792,510698387
1624492800000,0.0579,0.06652,0.05769,0.06423,3569515472
1624507200000,0.06422,0.06558,0.06331,0.06393,1427435380
1624521600000,0.06393,0.06808,0.06389,0.06589,2104350152
1624536000000,0.06589,0.06712,0.06459,0.06579,1678753856
1624550400000,0.06578,0.0679,0.06549,0.06706,1426529580
1624564800000,0.06706,0.06724,0.06554,0.06608,688141308
1624579200000,0.06609,0.06887,0.065,0.0676,1256092218
1624593600000,0.06758,0.06763,0.06497,0.06567,541219667
1624608000000,0.06567,0.06582,0.06024,0.06176,1721704130
1624622400000,0.06175,0.06313,0.06106,0.06172,875396999
1624636800000,0.06173,0.06263,0.06005,0.06223,824465698
1624651200000,0.06225,0.06255,0.0605,0.06135,454735347
1624665600000,0.06135,0.06255,0.06017,0.0617,585671851
1624680000000,0.0617,0.06299,0.05944,0.05971,529684998
1624694400000,0.05971,0.06228,0.05882,0.06189,759583435
1624708800000,0.06189,0.06238,0.05994,0.06134,591984660
1624723200000,0.06133,0.06245,0.06007,0.06153,408392125
1624737600000,0.06154,0.06273,0.06053,0.06273,352678034
1624752000000,0.06272,0.06359,0.06217,0.0632,320801695
1624766400000,0.06319,0.06375,0.06213,0.06291,293747433
1624780800000,0.06292,0.06312,0.06139,0.06181,318179951
1624795200000,0.06181,0.06241,0.06145,0.06221,279247720
1624809600000,0.06222,0.06252,0.06092,0.06155,292258054
1624824000000,0.06154,0.06492,0.06107,0.06473,472640287
1624838400000,0.06472,0.06506,0.06419,0.06489,273982158
1624852800000,0.06489,0.06624,0.06462,0.06598,252840990
1624867200000,0.06598,0.06628,0.06439,0.0647,326470770
1624881600000,0.06471,0.0665,0.06434,0.06648,345424384
1624896000000,0.06648,0.0666,0.06512,0.06551,287819783
1624910400000,0.06551,0.06622,0.06456,0.06526,228431420
1624924800000,0.06526,0.06851,0.06506,0.06735,502250493
1624939200000,0.06734,0.068,0.06638,0.06722,334998879
1624953600000,0.06721,0.06907,0.06675,0.06892,444204355
1624968000000,0.06892,0.06983,0.06826,0.06889,696631546
1624982400000,0.06889,0.06915,0.068,0.0686,327451678
1624996800000,0.06861,0.06879,0.06713,0.0679,339532633
1625011200000,0.06792,0.06876,0.06574,0.06588,418738161
1625025600000,0.06588,0.06655,0.0648,0.06647,353923999
1625040000000,0.06649,0.0665,0.06522,0.06604,292024671
1625054400000,0.06605,0.06618,0.0638,0.06405,472200300
1625068800000,0.06406,0.06658,0.06385,0.0665,275169488
1625083200000,0.0665,0.0683,0.06634,0.06829,296368227
1625097600000,0.06826,0.06833,0.06583,0.06592,211561612
1625112000000,0.06592,0.06674,0.06418,0.06425,335369700
1625126400000,0.06425,0.06509,0.06382,0.06505,325555539
1625140800000,0.06505,0.06519,0.064,0.06475,271194212
1625155200000,0.06475,0.06527,0.06366,0.06402,245987100
1625169600000,0.06402,0.06518,0.06402,0.06468,197329390
1625184000000,0.06468,0.06549,0.06319,0.06345,248632853
1625198400000,0.06342,0.06449,0.06329,0.06445,213423234
1625212800000,0.06442,0.06487,0.06353,0.06389,229746616
1625227200000,0.06389,0.06507,0.06372,0.065,244067452
1625241600000,0.06499,0.0652,0.06439,0.06482,133817852
1625256000000,0.06483,0.06662,0.0644,0.06653,218230470
1625270400000,0.06654,0.06666,0.06513,0.0655,173230455
1625284800000,0.0655,0.06723,0.06526,0.06693,210329453
1625299200000,0.06693,0.06724,0.06645,0.06676,270216691
1625313600000,0.06676,0.06721,0.0666,0.0669,174415103
1625328000000,0.06689,0.06744,0.06647,0.06671,162503334
1625342400000,0.0667,0.06697,0.06578,0.06678,173880469
1625356800000,0.06681,0.06688,0.06505,0.06553,168099891
1625371200000,0.06551,0.06762,0.0655,0.06744,229197072
1625385600000,0.06744,0.06772,0.06675,0.06722,187557420
1625400000000,0.06722,0.06835,0.06663,0.06808,259115367
1625414400000,0.06808,0.06827,0.0673,0.06772,196396150
1625428800000,0.06772,0.06818,0.06698,0.06732,199765828
1625443200000,0.06733,0.06747,0.06606,0.06635,276624010
1625457600000,0.06635,0.06662,0.06578,0.06601,236055302
1625472000000,0.06601,0.06637,0.0636,0.06393,415461659
1625486400000,0.06394,0.06449,0.06367,0.06405,251138567
1625500800000,0.06405,0.06523,0.0635,0.06488,272511438
1625515200000,0.06489,0.06521,0.06442,0.06443,158621653
1625529600000,0.06447,0.06552,0.06442,0.06486,148974743
1625544000000,0.06487,0.06633,0.06485,0.06608,245723137
1625558400000,0.06609,0.06643,0.06444,0.06498,336178002
1625572800000,0.06497,0.06557,0.06447,0.06481,189653554
1625587200000,0.0648,0.06515,0.0642,0.06459,163176475
1625601600000,0.06458,0.065,0.06381,0.06488,151368210
1625616000000,0.06488,0.06525,0.0643,0.06514,212165792
1625630400000,0.06514,0.06569,0.06503,0.06535,224812131
1625644800000,0.06535,0.06595,0.06525,0.06567,191476790
1625659200000,0.06568,0.06589,0.06499,0.06506,175028009
1625673600000,0.06507,0.06558,0.06489,0.06546,129763578
1625688000000,0.06547,0.06547,0.0641,0.06429,142063700
1625702400000,0.06429,0.06444,0.06234,0.06298,282524610
1625716800000,0.06294,0.06295,0.06065,0.06107,380225830
1625731200000,0.06106,0.06171,0.06037,0.06167,307582004
1625745600000,0.06165,0.06185,0.06088,0.06158,229286270
1625760000000,0.06158,0.06204,0.06123,0.0619,192920834
1625774400000,0.06191,0.06201,0.06015,0.06105,268911414
1625788800000,0.06104,0.06108,0.05905,0.06067,404484380
1625803200000,0.06067,0.06144,0.06047,0.06082,224346578
1625817600000,0.06082,0.06103,0.05994,0.0601,218497589
1625832000000,0.0601,0.0624,0.05975,0.06229,362619706
1625846400000,0.06229,0.06251,0.06155,0.0617,161152792
1625860800000,0.06171,0.06256,0.06165,0.06217,141430976
1625875200000,0.06217,0.06302,0.0616,0.06187,188750471
1625889600000,0.06187,0.0621,0.0612,0.06178,157938951
1625904000000,0.06178,0.06273,0.06131,0.06253,240551066
1625918400000,0.06252,0.06252,0.0614,0.0618,181724633
1625932800000,0.0618,0.06226,0.0606,0.0611,216304126
1625947200000,0.0611,0.06148,0.06049,0.06141,114235341
1625961600000,0.0614,0.0617,0.06075,0.06088,119782015
1625976000000,0.06088,0.06119,0.06058,0.06109,107721884
1625990400000,0.06111,0.06156,0.06094,0.06155,117952750
1626004800000,0.06155,0.062,0.06122,0.06195,109613241
1626019200000,0.06196,0.06213,0.06158,0.06166,114017450
1626033600000,0.06166,0.06253,0.0615,0.06181,158842944
1626048000000,0.06182,0.06263,0.06151,0.06254,144600043
1626062400000,0.06256,0.06286,0.06208,0.06233,131714331
1626076800000,0.06233,0.06255,0.06127,0.06132,178389843
1626091200000,0.0613,0.06151,0.06092,0.06104,147754444
1626105600000,0.06103,0.06131,0.05946,0.05977,307182154
1626120000000,0.05975,0.0603,0.05946,0.05998,139464843
1626134400000,0.05998,0.06065,0.05962,0.06035,152756469
1626148800000,0.06036,0.06056,0.05911,0.06047,218211100
1626163200000,0.06048,0.06062,0.05974,0.05993,128409405
1626177600000,0.05993,0.06004,0.05896,0.05986,206561166
1626192000000,0.05987,0.06022,0.05876,0.05879,192475670
1626206400000,0.05881,0.0595,0.05858,0.05935,146372428
1626220800000,0.05936,0.05943,0.05671,0.05732,370747108
1626235200000,0.0573,0.05792,0.05697,0.05789,216035021
1626249600000,0.0579,0.059,0.0572,0.05881,320440348
1626264000000,0.05881,0.05997,0.05866,0.05959,231935743
1626278400000,0.0596,0.06008,0.05918,0.05932,170996249
1626292800000,0.05932,0.06028,0.05932,0.05985,110222029
1626307200000,0.05986,0.06073,0.05918,0.0592,238046059
1626321600000,0.0592,0.05927,0.05854,0.05873,163654733
1626336000000,0.05874,0.05958,0.05766,0.05789,267021273
1626350400000,0.05789,0.05843,0.05737,0.0581,233116921
1626364800000,0.0581,0.05832,0.05693,0.05786,203744165
1626379200000,0.05786,0.05844,0.05735,0.05782,178375458
1626393600000,0.05781,0.05874,0.0572,0.05852,203969575
1626408000000,0.05853,0.05879,0.05745,0.05782,131678080
1626422400000,0.05782,0.05785,0.05575,0.05581,290803702
1626436800000,0.05581,0.05768,0.05576,0.05765,240046958
1626451200000,0.05766,0.0577,0.05686,0.05694,176477349
1626465600000,0.05695,0.05727,0.0555,0.05556,171165505
1626480000000,0.05556,0.05654,0.05469,0.05518,331258339
1626494400000,0.05518,0.05592,0.05501,0.05568,140797737
1626508800000,0.05568,0.05667,0.05516,0.05543,280565015
1626523200000,0.05543,0.05611,0.05532,0.05585,196189871
1626537600000,0.05584,0.05658,0.05559,0.05654,180202607
1626552000000,0.05655,0.05667,0.05584,0.05595,175510064
1626566400000,0.05595,0.05749,0.05591,0.05671,253131355
1626580800000,0.05672,0.05678,0.0561,0.05618,120407027
1626595200000,0.05618,0.05696,0.05614,0.05684,151629251
1626609600000,0.05685,0.05696,0.05516,0.05568,248049144
1626624000000,0.05567,0.05633,0.05542,0.05615,137920567
1626638400000,0.05614,0.05674,0.05552,0.05588,166697592
1626652800000,0.05589,0.05621,0.05506,0.05566,138994494
1626667200000,0.05566,0.05626,0.05566,0.05586,132722661
1626681600000,0.05585,0.05602,0.05503,0.05505,150083245
1626696000000,0.05504,0.05524,0.0533,0.05374,395295780
1626710400000,0.05374,0.05401,0.0533,0.05372,151080704
1626724800000,0.05373,0.05396,0.05324,0.0534,202559747
1626739200000,0.05341,0.05423,0.04991,0.05014,646837881
1626753600000,0.05015,0.05038,0.04979,0.05029,250644026
1626768000000,0.0503,0.05045,0.04906,0.05,323130870
1626782400000,0.04999,0.05119,0.04966,0.05104,373147468
1626796800000,0.05103,0.05125,0.05043,0.05094,153839481
1626811200000,0.05093,0.05122,0.05035,0.05042,141970596
1626825600000,0.05042,0.05109,0.04967,0.05103,265082434
1626840000000,0.05104,0.05338,0.05102,0.05306,419537903
1626854400000,0.05306,0.0539,0.05262,0.0538,214628281
1626868800000,0.05379,0.0545,0.0535,0.05445,241810828
1626883200000,0.05446,0.05518,0.05267,0.05275,530061584
1626897600000,0.05274,0.05383,0.05265,0.05383,203301772
1626912000000,0.05383,0.05416,0.05288,0.05332,211688484
1626926400000,0.05332,0.0544,0.05326,0.05419,221507087
1626940800000,0.05419,0.05452,0.05343,0.05409,203971569
1626955200000,0.05409,0.0551,0.05332,0.05502,243428197
1626969600000,0.05502,0.05532,0.0546,0.05511,151133455
1626984000000,0.05512,0.05529,0.05431,0.05523,152768636
1626998400000,0.05522,0.05608,0.05489,0.05557,196710771
1627012800000,0.05557,0.05622,0.05519,0.05553,145493160
1627027200000,0.05554,0.05556,0.05462,0.05476,193162984
1627041600000,0.05476,0.05536,0.05443,0.0545,187670552
1627056000000,0.05449,0.05453,0.05364,0.05437,222842881
1627070400000,0.05436,0.05603,0.05428,0.05597,255809426
1627084800000,0.05598,0.05649,0.05571,0.05646,243801883
1627099200000,0.05645,0.05695,0.05602,0.05661,163101328
1627113600000,0.0566,0.05675,0.05603,0.05645,218615099
1627128000000,0.05646,0.05689,0.05623,0.05644,170564218
1627142400000,0.05644,0.05798,0.0564,0.05666,357447937
1627156800000,0.05665,0.05733,0.05625,0.05725,172433337
1627171200000,0.05724,0.05741,0.05575,0.05647,209275197
1627185600000,0.05647,0.05752,0.05634,0.05734,218733972
1627200000000,0.05735,0.05763,0.05673,0.05702,192075308
1627214400000,0.05703,0.05813,0.05651,0.05687,491828840
1627228800000,0.05686,0.05728,0.05633,0.05704,229216800
1627243200000,0.05704,0.0579,0.05679,0.05786,157053228
1627257600000,0.05787,0.06171,0.0576,0.0616,804996621
1627272000000,0.0616,0.0629,0.06074,0.06115,539130733
1627286400000,0.06116,0.06199,0.06044,0.0618,259465607
1627300800000,0.06181,0.06227,0.06059,0.06162,296747297
1627315200000,0.06161,0.06343,0.06138,0.06198,588404797
1627329600000,0.06198,0.0621,0.05826,0.0584,719655745
1627344000000,0.05841,0.05924,0.05688,0.05777,402141006
1627358400000,0.05777,0.05934,0.05759,0.05885,314460958
1627372800000,0.05885,0.05966,0.05847,0.05965,203024258
1627387200000,0.05965,0.06078,0.05889,0.05963,416947251
1627401600000,0.05962,0.05986,0.05799,0.05874,279119747
1627416000000,0.05875,0.06023,0.05875,0.06016,202690096
1627430400000,0.06017,0.06133,0.05978,0.06045,347728662
1627444800000,0.06043,0.06177,0.05957,0.06148,380560215
1627459200000,0.06148,0.06193,0.06077,0.06161,328576436
1627473600000,0.06161,0.06165,0.06017,0.06097,263848836
1627488000000,0.06098,0.06137,0.0596,0.06084,295074303
1627502400000,0.06084,0.06084,0.05995,0.0607,169161612
1627516800000,0.06069,0.06083,0.0596,0.06031,159672249
1627531200000,0.06028,0.06126,0.06011,0.06082,169558549
1627545600000,0.06083,0.06145,0.06028,0.06051,209097084
1627560000000,0.06052,0.06132,0.06027,0.06127,205816807
1627574400000,0.06127,0.0615,0.0606,0.0609,167293233
1627588800000,0.0609,0.06235,0.06087,0.06187,213215550
1627603200000,0.06186,0.06267,0.06141,0.06234,212502065
1627617600000,0.06234,0.06286,0.06194,0.06228,273115865
1627632000000,0.06228,0.06239,0.0597,0.06021,446397351
1627646400000,0.06022,0.06129,0.06015,0.06128,194377955
1627660800000,0.06127,0.06166,0.0608,0.06163,180698029
1627675200000,0.06164,0.0633,0.06157,0.06326,408122651
1627689600000,0.06325,0.06391,0.06258,0.0633,286293009
1627704000000,0.06331,0.06342,0.0623,0.0631,196359313
1627718400000,0.0631,0.06459,0.06308,0.06384,293794637
1627732800000,0.06383,0.06424,0.06351,0.06417,227677854
1627747200000,0.06418,0.06441,0.0633,0.06376,184606901
1627761600000,0.06375,0.0647,0.0636,0.06397,168065365
1627776000000,0.06397,0.06667,0.06355,0.06641,407704604
1627790400000,0.0664,0.06683,0.06561,0.06568,361500325
1627804800000,0.06568,0.06679,0.06509,0.0655,322330434
1627819200000,0.06549,0.06618,0.065,0.06535,301385799
1627833600000,0.06536,0.06559,0.06371,0.06538,437313362
1627848000000,0.06539,0.06583,0.06229,0.0632,450611763
1627862400000,0.06321,0.06373,0.06211,0.06326,303945245
1627876800000,0.06326,0.06527,0.06288,0.06474,351639031
1627891200000,0.06473,0.06487,0.06389,0.06477,279372783
1627905600000,0.06477,0.06531,0.06376,0.06506,254811577
1627920000000,0.06507,0.0657,0.0646,0.06472,204717342
1627934400000,0.06473,0.06498,0.06423,0.06465,186062921
1627948800000,0.06466,0.06548,0.06369,0.06402,239680675
1627963200000,0.06401,0.06446,0.06282,0.06416,280063418
1627977600000,0.06416,0.06438,0.0636,0.06369,189576122
1627992000000,0.06368,0.06473,0.06288,0.06404,283498100
1628006400000,0.06404,0.06417,0.06306,0.06355,215547228
1628020800000,0.06355,0.06441,0.06326,0.06402,112677354
1628035200000,0.06402,0.06466,0.06351,0.06399,145032419
1628049600000,0.06399,0.06496,0.06372,0.06428,233231089
1628064000000,0.06429,0.06546,0.06373,0.06541,256945990
1628078400000,0.06542,0.06775,0.06534,0.06731,449291096
1628092800000,0.06731,0.06793,0.06719,0.06771,307487293
1628107200000,0.06771,0.068,0.06704,0.06741,174572742
1628121600000,0.0674,0.07039,0.06722,0.07033,687700388
1628136000000,0.07033,0.07092,0.06905,0.0696,483176016
1628150400000,0.0696,0.07063,0.06799,0.06863,666410965
1628164800000,0.06864,0.06962,0.06659,0.06893,719984469
1628179200000,0.06894,0.07015,0.06879,0.06966,390431344
1628193600000,0.06966,0.0705,0.06966,0.07017,200618117
1628208000000,0.07017,0.0715,0.06982,0.0703,425701578
1628222400000,0.0703,0.07142,0.06975,0.07065,262612820
1628236800000,0.07064,0.07097,0.07002,0.07017,198365495
1628251200000,0.07015,0.07134,0.06981,0.07126,269758976
1628265600000,0.07129,0.07254,0.07114,0.07227,372385581
1628280000000,0.07226,0.07248,0.07132,0.07198,196038594
1628294400000,0.07198,0.07477,0.07187,0.07439,584163664
1628308800000,0.07441,0.07554,0.07425,0.07509,280748782
1628323200000,0.07509,0.07639,0.07481,0.07577,331542113
1628337600000,0.07578,0.07655,0.07315,0.07476,553824667
1628352000000,0.07476,0.07485,0.07286,0.07449,353374916
1628366400000,0.07448,0.07544,0.07391,0.07528,231691728
1628380800000,0.07531,0.07622,0.07313,0.07429,328374686
1628395200000,0.07428,0.076,0.07377,0.07538,318983332
1628409600000,0.07538,0.07609,0.0741,0.07444,332483339
1628424000000,0.07445,0.07565,0.07331,0.0735,350720569
1628438400000,0.07349,0.07407,0.07073,0.07145,479602088
1628452800000,0.07144,0.07272,0.07075,0.07192,251432552
1628467200000,0.07193,0.07227,0.06964,0.07082,327805436
1628481600000,0.07083,0.07149,0.07015,0.07122,253065959
1628496000000,0.07121,0.07377,0.07098,0.07368,449926222
1628510400000,0.07369,0.07464,0.07272,0.07436,367218434
1628524800000,0.07437,0.0748,0.07363,0.07384,257852926
1628539200000,0.07387,0.07433,0.0726,0.07397,259450459
1628553600000,0.07395,0.07468,0.0735,0.07385,246987127
1628568000000,0.07384,0.07414,0.07336,0.07389,170729586
1628582400000,0.07389,0.07462,0.07341,0.07444,305361513
1628596800000,0.07445,0.07579,0.07306,0.07341,559491673
1628611200000,0.0734,0.07403,0.07222,0.07402,277355238
1628625600000,0.07403,0.07501,0.07385,0.07465,216769714
1628640000000,0.07466,0.07569,0.07423,0.07561,265133597
1628654400000,0.07561,0.08058,0.07546,0.08057,701188872
1628668800000,0.08057,0.08309,0.07977,0.08225,1209699990
1628683200000,0.08225,0.08521,0.08148,0.08377,1084190026
1628697600000,0.08379,0.0856,0.08335,0.08508,504837857
1628712000000,0.08508,0.08648,0.08189,0.08347,619852117
1628726400000,0.08346,0.09159,0.08339,0.08952,1431662889
1628740800000,0.0895,0.08989,0.08289,0.08627,1408506489
1628755200000,0.08626,0.08693,0.08429,0.08438,679296424
1628769600000,0.08441,0.08533,0.08061,0.08204,790366631
1628784000000,0.08206,0.08408,0.0806,0.08384,567069008
1628798400000,0.08385,0.0846,0.08191,0.08427,401890947
1628812800000,0.08428,0.08644,0.08355,0.08552,553789401
1628827200000,0.08551,0.0884,0.08464,0.08792,518811679
1628841600000,0.08792,0.08879,0.08667,0.08676,496893847
1628856000000,0.08677,0.08807,0.08543,0.08639,402117321
1628870400000,0.0864,0.08745,0.08557,0.08684,298012046
1628884800000,0.08685,0.08963,0.08651,0.08957,371605731
1628899200000,0.08957,0.09089,0.08851,0.08871,359146720
1628913600000,0.08871,0.09068,0.08804,0.09044,258719293
1628928000000,0.09044,0.09221,0.08677,0.08862,919707816
1628942400000,0.08862,0.09063,0.0873,0.09023,501189098
1628956800000,0.09021,0.09289,0.08958,0.09168,852869816
1628971200000,0.09166,0.09347,0.08942,0.09273,532274882
1628985600000,0.09273,0.09535,0.09272,0.09366,589297513
1629000000000,0.09365,0.09408,0.08965,0.09059,640825276
1629014400000,0.09059,0.09199,0.09007,0.0909,476583023
1629028800000,0.09087,0.09177,0.0895,0.09075,395677838
1629043200000,0.09075,0.09133,0.08925,0.09127,316618928
1629057600000,0.09126,0.09346,0.0911,0.09301,364149221
1629072000000,0.09301,0.09478,0.0922,0.09291,413145780
1629086400000,0.09291,0.09445,0.09288,0.09369,290366421
1629100800000,0.09369,0.09622,0.09302,0.09612,497132057
1629115200000,0.09612,0.09684,0.09108,0.0924,775826017
1629129600000,0.0924,0.09349,0.09048,0.0906,396050292
1629144000000,0.09059,0.09125,0.08819,0.08937,511901356
1629158400000,0.08938,0.09097,0.08682,0.09061,498316603
1629172800000,0.09064,0.09108,0.08784,0.08914,443760813
1629187200000,0.08913,0.09225,0.08907,0.09181,415243556
1629201600000,0.0918,0.09231,0.08903,0.08914,404881895
1629216000000,0.08916,0.09048,0.08805,0.08856,332185548
1629230400000,0.08852,0.08878,0.08466,0.0851,586173501
1629244800000,0.08511,0.08595,0.0811,0.08422,635065647
1629259200000,0.08422,0.0861,0.0837,0.08467,349077337
1629273600000,0.08465,0.08624,0.08305,0.08332,366443025
1629288000000,0.08332,0.08648,0.08329,0.08646,412439800
1629302400000,0.08647,0.0876,0.08443,0.08462,367273085
1629316800000,0.08461,0.08571,0.08309,0.08459,297211743
1629331200000,0.08458,0.08545,0.08286,0.08292,360873023
1629345600000,0.08291,0.08367,0.08216,0.08329,370996673
1629360000000,0.08331,0.08388,0.08228,0.08235,285362557
1629374400000,0.08235,0.08512,0.08167,0.08505,356466707
1629388800000,0.08505,0.08756,0.08479,0.08726,544110955
1629403200000,0.08725,0.08846,0.08665,0.08839,278365097
1629417600000,0.08839,0.08899,0.08711,0.08743,345785485
1629432000000,0.08744,0.08839,0.08658,0.08714,287354431
1629446400000,0.08715,0.08833,0.08645,0.08757,289665667
1629460800000,0.08757,0.09043,0.08753,0.09043,408881772
1629475200000,0.09042,0.09083,0.08818,0.08927,307691792
1629489600000,0.08928,0.09072,0.08905,0.09072,253593866
1629504000000,0.09072,0.09082,0.08895,0.09024,327997720
1629518400000,0.09024,0.09041,0.08931,0.09017,199729494
1629532800000,0.09018,0.09056,0.08768,0.08841,382834006
1629547200000,0.08841,0.08988,0.08822,0.08904,291380401
1629561600000,0.08904,0.08977,0.0877,0.08813,219570017
1629576000000,0.08813,0.08906,0.0877,0.08802,149370562
1629590400000,0.08802,0.08944,0.08782,0.08815,201777314
1629604800000,0.08815,0.08934,0.08813,0.08932,210941958
1629619200000,0.08933,0.0902,0.08864,0.08974,291757119
1629633600000,0.08974,0.08992,0.08585,0.08707,375923808
1629648000000,0.08707,0.08756,0.08585,0.08696,223829424
1629662400000,0.08696,0.08826,0.08593,0.08802,190187669
1629676800000,0.08801,0.0904,0.0877,0.09035,294353619
1629691200000,0.09035,0.09093,0.0896,0.09008,298283607
1629705600000,0.09008,0.09175,0.08977,0.09099,392545339
1629720000000,0.09099,0.09151,0.0886,0.08962,446366214
1629734400000,0.08962,0.0903,0.0891,0.08927,208884538
1629748800000,0.08928,0.09036,0.08852,0.08999,181945316
1629763200000,0.08999,0.09066,0.08836,0.08947,219788221
1629777600000,0.08947,0.09108,0.08912,0.09085,304475858
1629792000000,0.09084,0.09114,0.0896,0.09051,273138744
1629806400000,0.09052,0.09052,0.0855,0.08636,554156696
1629820800000,0.08635,0.08651,0.08358,0.08567,473921416
1629835200000,0.08569,0.08641,0.08451,0.08458,193610991
1629849600000,0.08458,0.08633,0.08452,0.08485,228251607
1629864000000,0.08485,0.08664,0.08475,0.08577,194836442
1629878400000,0.08577,0.08582,0.08287,0.08449,333934208
1629892800000,0.0845,0.08742,0.08333,0.08722,490208223
1629907200000,0.08723,0.08769,0.08645,0.08668,275152188
1629921600000,0.08666,0.08778,0.08631,0.08755,155893558
1629936000000,0.08755,0.08845,0.08485,0.08519,300700983
1629950400000,0.08518,0.08572,0.083,0.08362,335553875
1629964800000,0.08364,0.08492,0.08332,0.08396,270498743
1629979200000,0.08396,0.085,0.08178,0.08337,403600300
1629993600000,0.08338,0.08369,0.08181,0.08279,283542586
1630008000000,0.0828,0.08462,0.08263,0.08297,197720069
1630022400000,0.08298,0.08408,0.08143,0.08222,362277655
1630036800000,0.08222,0.08428,0.08165,0.08422,289713583
1630051200000,0.08419,0.08548,0.0834,0.0847,337552332
1630065600000,0.0847,0.08686,0.08403,0.08623,363579159
1630080000000,0.08622,0.08685,0.08582,0.08657,205438455
1630094400000,0.08657,0.08837,0.0859,0.08828,229817568
1630108800000,0.08831,0.08843,0.08682,0.08692,173686080
1630123200000,0.08694,0.08745,0.08638,0.08683,155819545
1630137600000,0.08682,0.08806,0.08678,0.08688,181036183
1630152000000,0.08687,0.08761,0.08637,0.08711,220954476
1630166400000,0.08711,0.08748,0.08654,0.08668,132217397
1630180800000,0.08668,0.08894,0.08657,0.08837,310347932
1630195200000,0.08839,0.09055,0.0871,0.08737,663534812
1630209600000,0.08739,0.08949,0.08671,0.0893,311994448
1630224000000,0.08929,0.0897,0.08789,0.08793,363747402
1630238400000,0.08795,0.08875,0.08711,0.08794,235189547
1630252800000,0.08795,0.08923,0.08766,0.08886,191826168
1630267200000,0.08887,0.08938,0.08801,0.08846,184679148
1630281600000,0.08848,0.08888,0.08645,0.08689,188789135
1630296000000,0.08693,0.08728,0.08629,0.087,190748181
1630310400000,0.087,0.08775,0.08672,0.08724,157248542
1630324800000,0.08725,0.08748,0.08562,0.08736,218774170
1630339200000,0.08736,0.0887,0.08718,0.08868,192145951
1630353600000,0.08869,0.08912,0.08585,0.0862,283070461
1630368000000,0.08621,0.08647,0.0851,0.08637,193563799
1630382400000,0.08638,0.08787,0.08542,0.0877,198993996
1630396800000,0.08769,0.08939,0.08679,0.08917,409459498
1630411200000,0.08917,0.09031,0.08767,0.0889,596584157
1630425600000,0.08889,0.0909,0.08802,0.08891,520448701
1630440000000,0.0889,0.08962,0.08752,0.08888,209400941
1630454400000,0.08888,0.08932,0.08727,0.08855,226571418
1630468800000,0.08853,0.09003,0.08818,0.08966,203275740
1630483200000,0.08964,0.09275,0.08958,0.09143,670563320
1630497600000,0.09143,0.09245,0.09045,0.09184,399094897
1630512000000,0.09183,0.09428,0.09111,0.09304,559032561
1630526400000,0.09304,0.09548,0.09285,0.09515,359562922
1630540800000,0.09515,0.09656,0.09451,0.09539,448641890
1630555200000,0.09539,0.09964,0.09465,0.09803,734522816
1630569600000,0.09803,0.10199,0.09774,0.10137,853837932
1630584000000,0.10137,0.102,0.09711,0.09792,936749806
1630598400000,0.09793,0.10148,0.09793,0.10053,573973435
1630612800000,0.10053,0.10229,0.09945,0.09961,549738909
1630627200000,0.09962,0.10213,0.09762,0.10208,554308440
1630641600000,0.10208,0.10614,0.10157,0.10429,1046394913
1630656000000,0.10429,0.1058,0.10321,0.10423,681863583
1630670400000,0.10423,0.10528,0.10169,0.10218,826542791
1630684800000,0.10219,0.10365,0.10215,0.1023,285989505
1630699200000,0.1023,0.10259,0.1001,0.10174,321354177
1630713600000,0.10174,0.10178,0.0994,0.10123,311536514
1630728000000,0.10123,0.10274,0.10052,0.10249,260180343
1630742400000,0.1025,0.10359,0.10123,0.10195,385668200
1630756800000,0.10194,0.10324,0.1016,0.10199,278911163
1630771200000,0.102,0.10244,0.0999,0.10088,330220316
1630785600000,0.10086,0.10224,0.10078,0.10156,180247489
1630800000000,0.10158,0.10378,0.10121,0.10149,421159352
1630814400000,0.10148,0.10268,0.10106,0.10168,187825018
1630828800000,0.10167,0.10339,0.10165,0.10305,287747780
1630843200000,0.10305,0.10441,0.10257,0.10339,398592235
1630857600000,0.1034,0.10453,0.10332,0.10397,245487147
1630872000000,0.10398,0.10545,0.10339,0.10537,301252053
1630886400000,0.10536,0.10564,0.10359,0.10384,240655007
1630900800000,0.10385,0.1054,0.10343,0.10496,254598861
1630915200000,0.10497,0.10751,0.10426,0.10468,548992896
1630929600000,0.10468,0.1047,0.10082,0.10329,609681378
1630944000000,0.10329,0.10371,0.10228,0.10315,207946629
1630958400000,0.10315,0.10434,0.10272,0.10393,192472739
1630972800000,0.10389,0.10607,0.10347,0.10417,436371756
1630987200000,0.10416,0.10469,0.10145,0.10189,325784420
1631001600000,0.10189,0.10195,0.09551,0.0972,748918080
1631016000000,0.09721,0.09797,0.07405,0.08487,1672359686
1631030400000,0.08487,0.08744,0.08274,0.08372,1048378762
1631044800000,0.08372,0.08576,0.0828,0.08529,438519394
1631059200000,0.0853,0.08834,0.08388,0.0867,442556110
1631073600000,0.08671,0.08975,0.08401,0.08442,824035480
1631088000000,0.08449,0.09319,0.08314,0.0923,1235536126
1631102400000,0.0923,0.09667,0.092,0.09422,1585536271
1631116800000,0.09422,0.09432,0.09242,0.09326,507611614
1631131200000,0.09327,0.09407,0.09129,0.09271,402086019
1631145600000,0.09271,0.09335,0.09039,0.09153,370395259
1631160000000,0.09153,0.09357,0.09113,0.09292,334372213
1631174400000,0.09291,0.09424,0.09216,0.09278,405439701
1631188800000,0.09278,0.09486,0.09,0.09347,629420112
1631203200000,0.09347,0.0944,0.0916,0.09181,320563345
1631217600000,0.09182,0.09318,0.09118,0.09303,187239575
1631232000000,0.09303,0.09585,0.09241,0.09479,499345589
1631246400000,0.09479,0.09503,0.09127,0.0916,293274026
1631260800000,0.09161,0.09222,0.08932,0.0907,397383962
1631275200000,0.09069,0.09074,0.0861,0.08879,561982065
1631289600000,0.0888,0.09042,0.08819,0.0903,212979804
1631304000000,0.09029,0.09099,0.08764,0.09071,335004654
1631318400000,0.0907,0.09372,0.0903,0.0924,361959385
1631332800000,0.09241,0.09656,0.09237,0.09617,757640465
1631347200000,0.09617,0.09707,0.09435,0.09581,519563456
1631361600000,0.0958,0.09636,0.09471,0.09511,240896629
1631376000000,0.09512,0.09575,0.0941,0.09453,219369425
1631390400000,0.09451,0.0956,0.09402,0.0956,183759290
1631404800000,0.0956,0.09988,0.09353,0.09969,914289567
1631419200000,0.09969,0.10057,0.09811,0.09936,607937693
1631433600000,0.09935,0.1176,0.09904,0.11547,4337512700
1631448000000,0.11545,0.11855,0.11143,0.11306,3122282927
1631462400000,0.11305,0.1165,0.11275,0.11418,1408427902
1631476800000,0.11418,0.11433,0.10817,0.11254,1533775842
1631491200000,0.11251,0.11721,0.10602,0.10613,1892851177
1631505600000,0.10609,0.10974,0.10282,0.10459,1610419978
1631520000000,0.10458,0.10641,0.10269,0.10614,1239808005
1631534400000,0.10614,0.11007,0.09802,0.10323,1861786396
1631548800000,0.10324,0.10479,0.10278,0.10462,419331280
1631563200000,0.10461,0.10544,0.10411,0.10463,327560745
1631577600000,0.10465,0.10969,0.1041,0.10883,754367446
1631592000000,0.10883,0.11475,0.10776,0.11335,1528223419
1631606400000,0.11338,0.1205,0.11322,0.11883,3028112651
1631620800000,0.11881,0.12,0.11483,0.1168,2135062647
1631635200000,0.11678,0.12027,0.11569,0.1163,1128253729
1631649600000,0.11629,0.11844,0.11435,0.1183,624149336
1631664000000,0.1183,0.11863,0.1148,0.11563,504335635
1631678400000,0.11565,0.11626,0.11321,0.1156,502333177
1631692800000,0.11559,0.11736,0.1148,0.11566,591483330
1631707200000,0.11568,0.11969,0.11408,0.1177,1462376274
1631721600000,0.11767,0.12316,0.1172,0.11994,1261867861
1631736000000,0.11995,0.12154,0.119,0.12078,490549639
1631750400000,0.1208,0.12252,0.11435,0.11555,1065736991
1631764800000,0.11555,0.11799,0.11526,0.11634,516509100
1631779200000,0.11635,0.11753,0.11483,0.1164,716107863
1631793600000,0.11636,0.11733,0.11206,0.11682,885920565
1631808000000,0.11681,0.11857,0.11478,0.11543,579185603
1631822400000,0.11544,0.11671,0.11256,0.11602,411822556
1631836800000,0.11601,0.12038,0.11528,0.11946,725876113
1631851200000,0.11947,0.12061,0.114,0.11426,811324942
1631865600000,0.11428,0.1159,0.10561,0.10813,1293323667
1631880000000,0.10811,0.11086,0.10429,0.10624,1537404148
1631894400000,0.10624,0.10743,0.10319,0.10582,786507194
1631908800000,0.10582,0.10598,0.10355,0.10546,438152376
1631923200000,0.10546,0.1071,0.1033,0.10693,516075814
1631937600000,0.10693,0.1091,0.1068,0.10735,603332657
1631952000000,0.10737,0.10808,0.10639,0.1067,380597554
1631966400000,0.1067,0.10795,0.10604,0.10666,373196474
1631980800000,0.10668,0.10679,0.10519,0.10606,245700818
1631995200000,0.10607,0.1061,0.10434,0.10587,214617401
1632009600000,0.10584,0.10597,0.10366,0.10407,219224874
1632024000000,0.10407,0.10594,0.1039,0.10585,316317943
1632038400000,0.10585,0.10761,0.10333,0.10379,432412017
1632052800000,0.10378,0.1055,0.10296,0.1051,302139355
1632067200000,0.1051,0.10566,0.10425,0.10485,293483604
1632081600000,0.10486,0.10546,0.10226,0.10372,291371583
1632096000000,0.10371,0.10376,0.09407,0.09592,905617121
1632110400000,0.0959,0.09699,0.09298,0.09403,532056107
1632124800000,0.09401,0.09899,0.09132,0.09272,1431254615
1632139200000,0.09269,0.09526,0.0892,0.09464,1096422392
1632153600000,0.09465,0.09574,0.09169,0.09348,484610767
1632168000000,0.09344,0.09509,0.09058,0.0913,428924629
1632182400000,0.0913,0.09336,0.08655,0.09217,909402587
1632196800000,0.09217,0.09416,0.09011,0.09413,425208312
1632211200000,0.09409,0.09524,0.09329,0.09411,450087145
1632225600000,0.09409,0.09495,0.0916,0.09393,545573546
1632240000000,0.09392,0.09567,0.0918,0.09237,988061403
1632254400000,0.0924,0.0932,0.08633,0.08819,981712645
1632268800000,0.08819,0.09075,0.0865,0.0898,533301597
1632283200000,0.08978,0.09257,0.08884,0.09234,311160177
1632297600000,0.09232,0.09258,0.0904,0.09081,271234472
1632312000000,0.09083,0.09533,0.0906,0.09521,360405268
1632326400000,0.09522,0.09875,0.09484,0.09721,533932853
1632340800000,0.09719,0.09873,0.09656,0.0987,240706205
1632355200000,0.0987,0.10065,0.09748,0.09996,361259908
1632369600000,0.09997,0.1002,0.09815,0.09941,205632585
1632384000000,0.09942,0.09959,0.096,0.09658,260531872
1632398400000,0.09659,0.09864,0.09603,0.09691,260775460
1632412800000,0.09692,0.09907,0.09661,0.09867,220674606
1632427200000,0.09866,0.09929,0.0977,0.09918,155921295
1632441600000,0.09918,0.09938,0.09661,0.09665,176156980
1632456000000,0.09665,0.09756,0.0954,0.0968,257053658
1632470400000,0.0968,0.09766,0.08598,0.09155,1140380608
1632484800000,0.09157,0.09278,0.08914,0.091,543984254
1632499200000,0.09099,0.09253,0.09044,0.0921,246863743
1632513600000,0.0921,0.09355,0.09152,0.0922,179706651
1632528000000,0.09219,0.09362,0.0912,0.09247,258761186
1632542400000,0.09247,0.09372,0.09107,0.09128,198613998
1632556800000,0.09126,0.09247,0.0892,0.09086,311425913
1632571200000,0.09087,0.09194,0.08975,0.09121,247818564
1632585600000,0.0912,0.09128,0.08968,0.09079,221628569
1632600000000,0.0908,0.09096,0.08937,0.09049,171774501
1632614400000,0.0905,0.0908,0.08729,0.08839,293301368
1632628800000,0.0884,0.08864,0.08303,0.08428,415212395
1632643200000,0.08426,0.0889,0.08335,0.08812,497661824
1632657600000,0.08812,0.08922,0.08772,0.08885,244711069
1632672000000,0.08886,0.08912,0.08773,0.08818,174134954
1632686400000,0.08818,0.08918,0.08676,0.08766,245363334
1632700800000,0.08765,0.0903,0.08666,0.08958,254418722
1632715200000,0.08958,0.09056,0.08881,0.0889,223429080
1632729600000,0.0889,0.08984,0.08852,0.08956,206150592
1632744000000,0.08957,0.08985,0.08782,0.08862,260163640
1632758400000,0.08863,0.08887,0.08722,0.08756,201886717
1632772800000,0.08753,0.08842,0.08578,0.08589,214141437
1632787200000,0.08587,0.0871,0.08523,0.08672,197161357
1632801600000,0.0867,0.08717,0.08469,0.08506,225103637
1632816000000,0.08506,0.08589,0.0846,0.08579,261721465
1632830400000,0.08585,0.08644,0.08417,0.08428,338371184
1632844800000,0.08429,0.08517,0.08307,0.0841,266551599
1632859200000,0.0841,0.08497,0.08281,0.08297,169975534
1632873600000,0.08298,0.08584,0.08249,0.08582,252878510
1632888000000,0.08583,0.08656,0.08553,0.08642,156737769
1632902400000,0.08642,0.08795,0.08562,0.08748,283428960
1632916800000,0.08748,0.08772,0.08582,0.08611,256973858
1632931200000,0.08611,0.08632,0.08488,0.08517,167037550
1632945600000,0.08517,0.08598,0.0844,0.08578,146728882
1632960000000,0.08579,0.08883,0.08544,0.08869,290807591
1632974400000,0.08869,0.08897,0.08775,0.08794,151008323
1632988800000,0.08794,0.08844,0.08703,0.08764,164446147
1633003200000,0.08764,0.08897,0.08745,0.08845,214911921
1633017600000,0.08843,0.0896,0.08782,0.08874,235284902
1633032000000,0.08873,0.0895,0.08801,0.08942,136137226
1633046400000,0.08941,0.09005,0.08843,0.08879,177898972
1633060800000,0.08878,0.09032,0.0887,0.09024,178346911
1633075200000,0.09024,0.09419,0.09019,0.0935,543514215
1633089600000,0.09349,0.09432,0.09211,0.0931,355447046
1633104000000,0.09309,0.09407,0.09272,0.09391,251371147
1633118400000,0.09391,0.09486,0.09326,0.09484,227771546
1633132800000,0.09485,0.09488,0.09267,0.09291,213307935
1633147200000,0.0929,0.09357,0.09252,0.09311,144236775
1633161600000,0.0931,0.09341,0.09236,0.09337,164058145
1633176000000,0.09338,0.09542,0.09305,0.09514,340680402
1633190400000,0.09512,0.09575,0.09455,0.09572,229090102
1633204800000,0.09572,0.09589,0.09312,0.09334,237804952
1633219200000,0.09333,0.09442,0.09256,0.09426,258538884
1633233600000,0.09425,0.0949,0.09398,0.09421,137774951
1633248000000,0.09424,0.09517,0.09331,0.09506,214256557
1633262400000,0.09506,0.09675,0.09442,0.09471,315696298
1633276800000,0.0947,0.09648,0.09444,0.09614,250592672
1633291200000,0.09614,0.09643,0.09389,0.09495,222962769
1633305600000,0.09496,0.09521,0.09208,0.09211,246633611
1633320000000,0.09211,0.09275,0.0913,0.09268,225272116
1633334400000,0.09266,0.09271,0.09074,0.09148,196737847
1633348800000,0.0915,0.0938,0.08977,0.09183,375348108
1633363200000,0.09184,0.0935,0.09158,0.09304,288835431
1633377600000,0.09304,0.09444,0.09181,0.09353,210068720
1633392000000,0.09355,0.0943,0.09292,0.09429,219868961
1633406400000,0.0943,0.09625,0.09362,0.09585,299400773
1633420800000,0.09585,0.09652,0.0949,0.09547,292930451
1633435200000,0.09547,0.09623,0.09343,0.09419,368372170
1633449600000,0.09419,0.09628,0.09401,0.09596,264220001
1633464000000,0.09598,0.0986,0.09594,0.09628,406312821
1633478400000,0.09629,0.09659,0.09446,0.09457,270096324
1633492800000,0.09457,0.09507,0.09321,0.09385,250264722
1633507200000,0.09385,0.09416,0.09111,0.09265,382958893
1633521600000,0.09265,0.0966,0.09216,0.09618,606952528
1633536000000,0.09618,0.09731,0.09544,0.09585,280770749
1633550400000,0.09585,0.09606,0.09473,0.09554,172042829
1633564800000,0.09557,0.09651,0.09336,0.09584,441028771
1633579200000,0.09585,0.09794,0.09567,0.0979,373361032
1633593600000,0.0979,0.0985,0.09513,0.09597,447615980
1633608000000,0.09597,0.0968,0.09413,0.0955,345015651
1633622400000,0.09551,0.09643,0.09504,0.09545,244968861
1633636800000,0.09545,0.0966,0.09504,0.09558,148340278
1633651200000,0.09559,0.0981,0.09533,0.09771,355927946
1633665600000,0.09772,0.09906,0.09691,0.0985,387554032
1633680000000,0.09852,0.09957,0.09796,0.0983,433182827
1633694400000,0.0983,0.09858,0.09674,0.09843,294770854
1633708800000,0.09843,0.09878,0.09771,0.09844,148519269
1633723200000,0.09845,0.09845,0.09643,0.09775,175797297
1633737600000,0.09779,0.10212,0.09704,0.10128,579914641
1633752000000,0.10127,0.10182,0.09984,0.10179,298261010
1633766400000,0.10179,0.10562,0.10096,0.10319,888138344
1633780800000,0.10319,0.1053,0.10291,0.10481,482812367
1633795200000,0.10481,0.10515,0.10284,0.103,307706489
1633809600000,0.103,0.10389,0.10241,0.10314,167582957
1633824000000,0.10314,0.10319,0.09927,0.10113,416096063
1633838400000,0.10113,0.10305,0.10092,0.10231,278449902
1633852800000,0.10231,0.10264,0.1007,0.10198,250190718
1633867200000,0.10198,0.10229,0.10056,0.10193,254219467
1633881600000,0.10194,0.10211,0.1003,0.10079,143293430
1633896000000,0.10078,0.10195,0.09713,0.09746,369608078
1633910400000,0.09745,0.09984,0.09683,0.09972,300004376
1633924800000,0.09973,0.10092,0.09932,0.10071,182894463
1633939200000,0.10071,0.101,0.09826,0.09889,195905138
1633953600000,0.09891,0.09946,0.09801,0.09846,225257454
1633968000000,0.09848,0.09865,0.09646,0.09654,183425374
1633982400000,0.09654,0.09725,0.09522,0.09709,220376105
1633996800000,0.09709,0.0971,0.09328,0.09421,279684608
1634011200000,0.09421,0.09452,0.09351,0.09418,226981988
1634025600000,0.09417,0.09498,0.09137,0.09298,325761655
1634040000000,0.09298,0.09504,0.09167,0.09467,325386953
1634054400000,0.09468,0.09538,0.09402,0.09416,193949886
1634068800000,0.09415,0.09561,0.0931,0.09556,182188054
1634083200000,0.09554,0.0966,0.09493,0.09636,154779551
1634097600000,0.09637,0.09688,0.09351,0.09364,276410533
1634112000000,0.09364,0.09518,0.09339,0.09505,204288639
1634126400000,0.09506,0.0956,0.094,0.09531,147830941
1634140800000,0.09531,0.09669,0.09512,0.09668,169007726
1634155200000,0.09668,0.09805,0.09621,0.09797,180437097
1634169600000,0.09797,0.09865,0.09707,0.09813,174245200
1634184000000,0.09814,0.09824,0.09719,0.09735,139514828
1634198400000,0.09734,0.09961,0.09731,0.09914,238114655
1634212800000,0.09914,0.09937,0.09702,0.09757,247556834
1634227200000,0.09757,0.09783,0.09645,0.09729,231632387
1634241600000,0.09729,0.09769,0.09653,0.09739,115969594
1634256000000,0.09739,0.09812,0.0954,0.09778,283965335
1634270400000,0.0978,0.09887,0.09719,0.09769,289648809
1634284800000,0.0977,0.09784,0.09506,0.09742,265499095
1634299200000,0.09741,0.10322,0.09727,0.09876,1077518835
1634313600000,0.09877,0.10052,0.09844,0.09988,337277131
1634328000000,0.09988,0.10035,0.09855,0.09868,229103508
1634342400000,0.09866,0.09994,0.0984,0.09864,158823892
1634356800000,0.09864,0.1,0.09845,0.09977,150895630
1634371200000,0.09978,0.10098,0.09961,0.10063,197630703
1634385600000,0.10062,0.10114,0.09842,0.0992,328388147
1634400000000,0.09921,0.09956,0.0982,0.09875,150981347
1634414400000,0.09874,0.09924,0.09807,0.09877,105955792
1634428800000,0.09876,0.09929,0.09752,0.099,146644974
1634443200000,0.09901,0.0999,0.09884,0.09911,166178573
1634457600000,0.09911,0.10072,0.0991,0.09946,257526467
1634472000000,0.09946,0.10232,0.09924,0.10125,640174165
1634486400000,0.10125,0.102,0.09973,0.09999,257153905
1634500800000,0.09999,0.09999,0.09607,0.0988,485066143
1634515200000,0.09878,0.09951,0.09838,0.0987,246015527
1634529600000,0.09869,0.09919,0.0981,0.09818,171758652
1634544000000,0.09817,0.09892,0.09692,0.09792,279025360
1634558400000,0.09791,0.09877,0.09701,0.09831,215465074
1634572800000,0.09831,0.09858,0.09707,0.09772,189914625
1634587200000,0.09773,0.09845,0.09743,0.09819,112403185
1634601600000,0.09819,0.09936,0.09789,0.09925,182360867
1634616000000,0.09924,0.09945,0.09846,0.09906,174730153
1634630400000,0.09907,0.10105,0.09907,0.10051,447388054
1634644800000,0.1005,0.10066,0.09863,0.09991,345653877
1634659200000,0.09991,0.10094,0.09968,0.09981,222056237
1634673600000,0.0998,0.10081,0.0996,0.10061,147071952
1634688000000,0.10062,0.10111,0.10015,0.10037,155643069
1634702400000,0.10037,0.10306,0.10021,0.10305,307313290
1634716800000,0.10306,0.10625,0.10272,0.10294,1267891142
1634731200000,0.10293,0.10437,0.10216,0.1042,567807967
1634745600000,0.1042,0.10428,0.1026,0.10347,363458525
1634760000000,0.10348,0.10389,0.10254,0.10337,228241122
1634774400000,0.10336,0.10459,0.10178,0.10364,573473939
1634788800000,0.10364,0.10465,0.103,0.10404,324203234
1634803200000,0.10404,0.1061,0.10282,0.10351,635798670
1634817600000,0.10351,0.10419,0.09943,0.10102,662619668
1634832000000,0.10102,0.1013,0.09988,0.10016,246934055
1634846400000,0.10018,0.1008,0.09956,0.09968,177771491
1634860800000,0.09967,0.10254,0.09951,0.10169,272085485
1634875200000,0.1017,0.10205,0.10079,0.10186,206604994
1634889600000,0.10187,0.10197,0.10106,0.10176,184999774
1634904000000,0.10176,0.10185,0.09874,0.09957,493907100
1634918400000,0.09955,0.1002,0.09857,0.09955,252473707
1634932800000,0.09954,0.1,0.09867,0.09992,129079486
1634947200000,0.09992,0.10018,0.099,0.10015,157869993
1634961600000,0.10014,0.10075,0.09962,0.10036,176644191
1634976000000,0.10034,0.10071,0.09883,0.10047,201918162
1634990400000,0.10048,0.10091,0.09981,0.10089,171338295
1635004800000,0.1009,0.1013,0.09955,0.09973,194471754
1635019200000,0.09974,0.10082,0.09959,0.10081,126130752
1635033600000,0.10081,0.10099,0.09997,0.10037,129941982
1635048000000,0.10037,0.10044,0.09969,0.10024,120860764
1635062400000,0.10024,0.10163,0.09966,0.10001,337244342
1635076800000,0.10003,0.10031,0.09811,0.09849,415220520
1635091200000,0.09849,0.09903,0.09719,0.09835,222153318
1635105600000,0.09835,0.09954,0.09817,0.09923,135585378
1635120000000,0.09923,0.10106,0.09879,0.10089,202544454
1635134400000,0.1009,0.10144,0.10058,0.10106,188758414
1635148800000,0.10105,0.10134,0.10062,0.10106,172025941
1635163200000,0.10105,0.10151,0.10071,0.10147,232664194
1635177600000,0.10146,0.10192,0.10025,0.1004,291261999
1635192000000,0.1004,0.10105,0.10033,0.10079,136569007
1635206400000,0.10078,0.10495,0.10047,0.10313,789235586
1635220800000,0.10315,0.10602,0.10236,0.10542,726555520
1635235200000,0.10542,0.10585,0.1034,0.10444,573559493
1635249600000,0.10443,0.10473,0.10176,0.10324,420616545
1635264000000,0.10323,0.10408,0.10242,0.10286,342188043
1635278400000,0.10285,0.10365,0.1002,0.10126,360008420
1635292800000,0.10126,0.10228,0.10075,0.10186,204076358
1635307200000,0.10185,0.10283,0.09819,0.09827,421819755
1635321600000,0.09828,0.09828,0.08675,0.0924,1197653362
1635336000000,0.09239,0.0936,0.09192,0.09247,347031281
1635350400000,0.09247,0.09339,0.0907,0.09218,339816026
1635364800000,0.09217,0.09273,0.09053,0.09061,238170474
1635379200000,0.09062,0.09246,0.0905,0.09219,268936679
1635393600000,0.09218,0.09323,0.09139,0.09293,416421768
1635408000000,0.09294,0.09599,0.09286,0.0946,408930704
1635422400000,0.0946,0.09539,0.09401,0.09497,323700856
1635436800000,0.09493,0.09568,0.09337,0.09522,410078361
1635451200000,0.09522,0.0963,0.09439,0.09528,230962035
1635465600000,0.0953,0.09712,0.09464,0.09682,291618386
1635480000000,0.09682,0.09708,0.09517,0.09549,227096526
1635494400000,0.09548,0.09687,0.0952,0.09634,203412278
1635508800000,0.09634,0.09851,0.09597,0.09819,374950231
1635523200000,0.09816,0.09947,0.09811,0.09877,251471545
1635537600000,0.09877,0.0997,0.09847,0.09968,139176447
1635552000000,0.09967,0.10195,0.09788,0.10159,442973529
1635566400000,0.10159,0.10482,0.10094,0.1025,616109656
1635580800000,0.10251,0.10363,0.10098,0.10302,490271216
1635595200000,0.10302,0.10313,0.09852,0.10081,637783026
1635609600000,0.1008,0.10261,0.09987,0.10185,425202058
1635624000000,0.10185,0.10236,0.09928,0.10122,337775855
1635638400000,0.1012,0.10254,0.09964,0.10044,337691175
1635652800000,0.10045,0.10138,0.09992,0.10128,261109291
1635667200000,0.10129,0.10228,0.09811,0.09847,574917409
1635681600000,0.09848,0.10021,0.0975,0.09935,490939095
1635696000000,0.09933,0.10145,0.09876,0.1002,327811512
1635710400000,0.1002,0.10178,0.09993,0.1016,224797485
1635724800000,0.10161,0.10202,0.09856,0.0988,358701218
1635739200000,0.09881,0.10117,0.09787,0.10106,257718167
1635753600000,0.10106,0.10222,0.10064,0.101,258721316
1635768000000,0.10101,0.10149,0.10015,0.10082,223299954
1635782400000,0.10082,0.10089,0.09947,0.10051,202800569
1635796800000,0.10049,0.10077,0.09964,0.10059,89430595
1635811200000,0.1006,0.1017,0.09989,0.10135,222741021
1635825600000,0.10133,0.1029,0.10125,0.10175,241658294
1635840000000,0.10175,0.10381,0.10156,0.1028,289343078
1635854400000,0.10281,0.11074,0.10281,0.10906,1500500284
1635868800000,0.10906,0.10953,0.10793,0.10854,428041745
1635883200000,0.10853,0.10865,0.10645,0.10758,270914519
1635897600000,0.10758,0.10806,0.10515,0.10558,314100877
1635912000000,0.10558,0.10727,0.10543,0.10709,284992624
1635926400000,0.10708,0.10944,0.1055,0.10714,579323894
1635940800000,0.10715,0.10728,0.10204,0.10398,777623227
1635955200000,0.10399,0.10675,0.10345,0.10625,570213029
1635969600000,0.10627,0.10695,0.1051,0.10604,218620411
1635984000000,0.10605,0.10619,0.10475,0.10562,145605943
1635998400000,0.10561,0.10733,0.10387,0.10405,296506392
1636012800000,0.10403,0.10532,0.10366,0.10424,297402966
1636027200000,0.10424,0.10619,0.102,0.1024,408010322
1636041600000,0.10242,0.10348,0.10152,0.10314,216242304
1636056000000,0.10316,0.10379,0.10272,0.10339,97893354
1636070400000,0.10338,0.10429,0.10243,0.10415,123362544
1636084800000,0.10415,0.10515,0.10407,0.10462,138093389
1636099200000,0.10463,0.1051,0.1037,0.10391,210486317
1636113600000,0.1039,0.1063,0.103,0.1034,411598626
1636128000000,0.10342,0.10448,0.10316,0.10354,140937595
1636142400000,0.10354,0.10386,0.10218,0.10354,158279952
1636156800000,0.10354,0.10398,0.10266,0.10359,120412361
1636171200000,0.1036,0.10438,0.10251,0.10302,147698870
1636185600000,0.10301,0.10345,0.09942,0.10042,294448769
1636200000000,0.1004,0.10151,0.09947,0.10125,177572718
1636214400000,0.10126,0.10202,0.10073,0.10197,98987377
1636228800000,0.10198,0.10263,0.10177,0.10261,86821558
1636243200000,0.10262,0.10336,0.10203,0.10321,112262128
1636257600000,0.10322,0.10339,0.10251,0.10293,86540963
1636272000000,0.10294,0.10372,0.1022,0.10354,148964441
1636286400000,0.10354,0.10487,0.10315,0.10441,227286110
1636300800000,0.10441,0.10498,0.1041,0.10457,157526685
1636315200000,0.10457,0.10498,0.10383,0.10463,129001858
1636329600000,0.10463,0.1076,0.10451,0.10752,358086028
1636344000000,0.10752,0.10826,0.10646,0.10747,310220359
1636358400000,0.10748,0.10767,0.10626,0.10735,234131327
1636372800000,0.10735,0.108,0.10582,0.1079,282994798
1636387200000,0.10792,0.10933,0.10763,0.10831,278897444
1636401600000,0.10831,0.11016,0.10772,0.11012,231591721
1636416000000,0.11013,0.1128,0.10865,0.11225,428255587
1636430400000,0.11227,0.11256,0.11076,0.11159,260617679
1636444800000,0.11159,0.1147,0.11076,0.11214,539165847
1636459200000,0.11214,0.11499,0.11056,0.11308,495656591
1636473600000,0.11308,0.11566,0.11217,0.11447,492202119
1636488000000,0.11446,0.11542,0.11287,0.11451,289042082
1636502400000,0.11451,0.11772,0.11307,0.11319,652211973
1636516800000,0.11319,0.11437,0.11188,0.114,271077596
1636531200000,0.114,0.1158,0.11343,0.11527,309489155
1636545600000,0.11524,0.11729,0.11372,0.1167,454919918
1636560000000,0.1167,0.11716,0.11104,0.11117,384635621
1636574400000,0.11117,0.11187,0.10237,0.10661,1048653446
1636588800000,0.1066,0.1081,0.10482,0.10793,317770169
1636603200000,0.10793,0.10985,0.10739,0.10945,222563919
1636617600000,0.10945,0.11056,0.10817,0.10988,257186193
1636632000000,0.10988,0.1103,0.10831,0.10892,337525889
1636646400000,0.10893,0.10983,0.10837,0.10974,161141376
1636660800000,0.10973,0.10988,0.10855,0.10896,101637986
1636675200000,0.10895,0.10982,0.10753,0.10977,207844421
1636689600000,0.10977,0.11099,0.10813,0.10887,201424029
1636704000000,0.10885,0.10974,0.1063,0.10699,298411478
1636718400000,0.10699,0.10814,0.10623,0.10684,200717824
1636732800000,0.10686,0.10773,0.1047,0.10707,218920862
1636747200000,0.10705,0.10824,0.10705,0.10804,102461514
1636761600000,0.10805,0.10886,0.10752,0.10843,121604861
1636776000000,0.10843,0.11047,0.10786,0.11044,182442800
1636790400000,0.11045,0.11222,0.11021,0.11158,424001699
1636804800000,0.11159,0.1134,0.11021,0.11307,375808154
1636819200000,0.11306,0.11436,0.11159,0.1124,434577653
1636833600000,0.11239,0.11361,0.11218,0.1126,160531127
1636848000000,0.11261,0.11418,0.11121,0.1119,238950390
1636862400000,0.1119,0.11224,0.11069,0.11144,158515856
1636876800000,0.11144,0.1158,0.11061,0.11574,361581767
1636891200000,0.11575,0.11735,0.11371,0.11445,878436955
1636905600000,0.11446,0.11675,0.11361,0.11652,591960760
1636920000000,0.11651,0.11753,0.11552,0.11711,292714102
1636934400000,0.11711,0.11935,0.11577,0.11895,518043038
1636948800000,0.11894,0.12799,0.11873,0.12541,1596020817
1636963200000,0.1254,0.12946,0.12371,0.12789,1830702429
1636977600000,0.1279,0.12811,0.12425,0.12612,1348402780
1636992000000,0.12614,0.12666,0.12376,0.12525,850955676
1637006400000,0.12526,0.12526,0.121,0.12391,828630831
1637020800000,0.12391,0.12395,0.11188,0.11363,1912167343
1637035200000,0.11363,0.11526,0.11126,0.1133,925469591
1637049600000,0.11328,0.11423,0.10489,0.11023,1374452534
1637064000000,0.11023,0.11278,0.10905,0.11121,672724999
1637078400000,0.11121,0.11215,0.10979,0.11098,352807609
1637092800000,0.11098,0.11165,0.10836,0.10937,324869454
1637107200000,0.10936,0.11066,0.10672,0.10781,522153015
1637121600000,0.10783,0.11066,0.10692,0.1099,354069743
1637136000000,0.1099,0.1138,0.10862,0.11352,760233620
1637150400000,0.11352,0.11364,0.10961,0.11099,423752777
1637164800000,0.111,0.11294,0.11014,0.11138,319278816
1637179200000,0.11137,0.11201,0.11025,0.11129,192362330
1637193600000,0.11129,0.11263,0.10999,0.11001,366719823
1637208000000,0.11002,0.11096,0.10689,0.10773,388902263
1637222400000,0.10774,0.10809,0.10539,0.10646,302961636
1637236800000,0.10646,0.10708,0.10156,0.10329,519667448
1637251200000,0.10328,0.1037,0.09942,0.10217,527302210
1637265600000,0.10219,0.10247,0.09954,0.10041,324038581
1637280000000,0.10044,0.10214,0.09785,0.09889,385060024
1637294400000,0.09886,0.1013,0.09865,0.10056,258003859
1637308800000,0.10055,0.10296,0.1005,0.10248,297564274
1637323200000,0.10248,0.10524,0.10224,0.1048,278653934
1637337600000,0.1048,0.1056,0.10402,0.10431,208131918
1637352000000,0.10432,0.1045,0.10324,0.10386,129546238
1637366400000,0.10386,0.10509,0.10364,0.10411,166715006
1637380800000,0.10412,0.10505,0.10372,0.10386,143439102
1637395200000,0.10387,0.10552,0.10376,0.10541,140222007
1637409600000,0.10541,0.10576,0.10201,0.10224,232739146
1637424000000,0.10222,0.10499,0.10138,0.10452,234365365
1637438400000,0.10453,0.10541,0.10441,0.10523,105110255
1637452800000,0.10523,0.10704,0.10442,0.10535,255210070
1637467200000,0.10535,0.10678,0.10515,0.10621,144698437
1637481600000,0.10622,0.10734,0.10535,0.10611,224494367
1637496000000,0.1061,0.1084,0.10577,0.10828,246160717
1637510400000,0.10828,0.1097,0.10801,0.10872,282735664
1637524800000,0.10874,0.1097,0.10619,0.10654,196069264
1637539200000,0.10654,0.10705,0.10211,0.10286,366768159
1637553600000,0.10287,0.10348,0.1015,0.10302,184414212
1637568000000,0.10302,0.10403,0.10265,0.10329,124472231
1637582400000,0.10329,0.10484,0.10195,0.10364,275030845
1637596800000,0.10364,0.10399,0.10122,0.10151,238946810
1637611200000,0.10153,0.1025,0.10115,0.10184,162184606
1637625600000,0.10185,0.10318,0.10111,0.10293,151205513
1637640000000,0.10294,0.10341,0.1016,0.10195,130338322
1637654400000,0.10195,0.10343,0.101,0.10186,305571708
1637668800000,0.10188,0.1035,0.10147,0.1029,152981320
1637683200000,0.10289,0.10346,0.10229,0.10304,160315460
1637697600000,0.10305,0.10344,0.1027,0.10289,110571272
1637712000000,0.10292,0.10379,0.10004,0.10027,270246982
1637726400000,0.10026,0.10094,0.09918,0.10015,171657771
1637740800000,0.10013,0.10106,0.09924,0.09961,174293236
1637755200000,0.09961,0.09979,0.0964,0.09817,340798671
1637769600000,0.09816,0.09826,0.09641,0.0968,154100815
1637784000000,0.09678,0.09798,0.09628,0.09793,119040093
1637798400000,0.09791,0.09952,0.09723,0.09948,173005377
1637812800000,0.09948,0.09958,0.09822,0.09861,131611887
1637827200000,0.09861,0.09977,0.09783,0.09917,197853293
1637841600000,0.09918,0.10123,0.09905,0.10073,242917230
1637856000000,0.10073,0.10125,0.1,0.10031,186599255
1637870400000,0.10031,0.1006,0.09941,0.10026,110926851
1637884800000,0.10027,0.10146,0.09877,0.10031,208943390
1637899200000,0.1003,0.10091,0.09735,0.09816,230163605
1637913600000,0.09814,0.09816,0.09064,0.09075,1020699061
1637928000000,0.09076,0.0939,0.09015,0.09285,366766107
1637942400000,0.09286,0.09397,0.09214,0.0931,144758958
1637956800000,0.0931,0.09344,0.09184,0.09223,115962842
1637971200000,0.09223,0.09384,0.09181,0.09332,143586929
1637985600000,0.09333,0.09468,0.09284,0.09342,150113157
1638000000000,0.09343,0.09515,0.09339,0.09414,176108651
1638014400000,0.09413,0.09513,0.09394,0.09476,121553824
1638028800000,0.09477,0.09541,0.0942,0.09425,116992316
1638043200000,0.09425,0.09447,0.09268,0.09341,143607769
1638057600000,0.09339,0.09375,0.08959,0.09014,294702467
1638072000000,0.09014,0.09151,0.0897,0.0913,163484910
1638086400000,0.09129,0.09215,0.09064,0.09172,153531771
1638100800000,0.09172,0.09259,0.09094,0.09221,139741802
1638115200000,0.09221,0.09231,0.08931,0.0918,267306833
1638129600000,0.09179,0.09534,0.09178,0.09519,236605609
1638144000000,0.09518,0.0957,0.09434,0.09462,195150494
1638158400000,0.09463,0.09625,0.09458,0.09625,133338659
1638172800000,0.09625,0.09638,0.09431,0.09537,189165435
1638187200000,0.09537,0.09648,0.09521,0.09596,146821376
1638201600000,0.09596,0.09723,0.09535,0.09592,203205505
1638216000000,0.09592,0.09681,0.09579,0.09658,80771307
1638230400000,0.09658,0.0973,0.09573,0.09655,154207840
1638244800000,0.09656,0.09751,0.09491,0.09595,212327289
1638259200000,0.09596,0.09816,0.09519,0.09815,185754276
1638273600000,0.09814,0.09997,0.09768,0.09774,320606317
1638288000000,0.09774,0.09838,0.09628,0.09763,263638175
1638302400000,0.09764,0.09776,0.09625,0.09652,84552368
1638316800000,0.09653,0.09791,0.09612,0.09788,108791169
1638331200000,0.09788,0.09826,0.09682,0.09782,135571341
1638345600000,0.09782,0.09825,0.09715,0.09759,122968228
1638360000000,0.09758,0.0998,0.09735,0.09966,159516305
1638374400000,0.09966,0.10073,0.09824,0.09867,214715659
1638388800000,0.09868,0.09873,0.09579,0.09689,202552909
1638403200000,0.09688,0.09734,0.09491,0.09523,183127116
1638417600000,0.09523,0.09673,0.09509,0.09655,145482593
1638432000000,0.09655,0.0975,0.09615,0.09637,149914913
1638446400000,0.09638,0.09774,0.09598,0.09714,169776040
1638460800000,0.09715,0.09776,0.09631,0.09733,129116212
1638475200000,0.09734,0.09826,0.09717,0.09752,108612923
1638489600000,0.0975,0.0986,0.09708,0.09819,172158591
1638504000000,0.09819,0.10027,0.09783,0.09995,209188182
1638518400000,0.09996,0.10092,0.09907,0.10057,213509252
1638532800000,0.10056,0.10198,0.09936,0.09954,290773614
1638547200000,0.09952,0.09969,0.09639,0.09647,419882325
1638561600000,0.09647,0.09659,0.09351,0.09387,477683597
1638576000000,0.09385,0.09397,0.08974,0.08978,306446349
1638590400000,0.08975,0.09131,0.07198,0.08152,1697408570
1638604800000,0.08151,0.08334,0.08096,0.08208,475476440
1638619200000,0.08208,0.08585,0.08208,0.08544,321480830
1638633600000,0.08544,0.08689,0.08473,0.08663,236010496
1638648000000,0.08663,0.08705,0.08545,0.08684,179964564
1638662400000,0.08684,0.08777,0.08472,0.08587,216984620
1638676800000,0.08587,0.08648,0.08526,0.08617,174181862
1638691200000,0.08619,0.08653,0.08508,0.08574,145675362
1638705600000,0.08575,0.08667,0.08197,0.08277,404648240
1638720000000,0.08277,0.08457,0.08244,0.08377,294492417
1638734400000,0.08377,0.08448,0.08264,0.0843,208505108
1638748800000,0.08431,0.08435,0.08153,0.08326,267843037
1638763200000,0.08325,0.08394,0.08073,0.08162,204626625
1638777600000,0.08161,0.08311,0.07881,0.08111,498235950
1638792000000,0.08111,0.0874,0.08069,0.08475,1084578525
1638806400000,0.08476,0.08528,0.08347,0.08468,260314848
1638820800000,0.08469,0.08758,0.08431,0.08721,355554305
1638835200000,0.08721,0.08896,0.0866,0.08773,273073621
1638849600000,0.08773,0.0898,0.08717,0.08886,193414978
1638864000000,0.08885,0.09206,0.08848,0.09178,423369954
1638878400000,0.0918,0.09259,0.08914,0.09145,426485460
1638892800000,0.09148,0.0917,0.08969,0.09071,233155969
1638907200000,0.09072,0.09146,0.08896,0.08994,245900975
1638921600000,0.08994,0.0934,0.08959,0.09103,371656331
1638936000000,0.09103,0.09366,0.09099,0.09235,263121302
1638950400000,0.09235,0.09356,0.0896,0.09063,317103964
1638964800000,0.09063,0.09379,0.09006,0.09292,303087290
1638979200000,0.09293,0.0933,0.09182,0.09265,136487600
1638993600000,0.09266,0.09324,0.09205,0.09234,105848750
1639008000000,0.09234,0.09337,0.09009,0.09042,162195210
1639022400000,0.09042,0.09188,0.09021,0.09156,151265692
1639036800000,0.09157,0.09185,0.09018,0.09128,241656350
1639051200000,0.09127,0.09195,0.08883,0.08981,263505823
1639065600000,0.0898,0.0925,0.08854,0.08908,505783244
1639080000000,0.08908,0.09022,0.08845,0.08854,167524600
1639094400000,0.08853,0.09051,0.08847,0.08969,201443149
1639108800000,0.08968,0.09044,0.08852,0.08918,212954626
1639123200000,0.08917,0.09247,0.08897,0.09228,313935048
1639137600000,0.09228,0.09325,0.08908,0.08965,449515492
1639152000000,0.08964,0.0899,0.08853,0.08969,216648636
1639166400000,0.08968,0.09032,0.08729,0.0876,183673587
1639180800000,0.08759,0.08962,0.0864,0.08885,260541166
1639195200000,0.08885,0.09048,0.08879,0.0895,175707957
1639209600000,0.08949,0.09067,0.08911,0.09005,152239617
1639224000000,0.09006,0.09111,0.08993,0.09104,126868060
1639238400000,0.09104,0.09179,0.09036,0.0905,137145951
1639252800000,0.0905,0.09166,0.09006,0.09157,99785644
1639267200000,0.09156,0.09218,0.09042,0.09122,119467312
1639281600000,0.09122,0.09145,0.09063,0.09111,84792311
1639296000000,0.09112,0.09134,0.08968,0.09124,130445579
1639310400000,0.09125,0.0918,0.091,0.09108,146229732
1639324800000,0.09108,0.09233,0.09074,0.09164,138119188
1639339200000,0.09165,0.09208,0.09085,0.09096,85994746
1639353600000,0.09097,0.09149,0.08871,0.08941,179256746
1639368000000,0.08941,0.09012,0.0885,0.08872,112057392
1639382400000,0.08876,0.08953,0.08814,0.08915,112225144
1639396800000,0.08915,0.08922,0.08576,0.08622,196121188
1639411200000,0.08621,0.08711,0.08382,0.08511,327720450
1639425600000,0.0851,0.08563,0.08406,0.08489,170226372
1639440000000,0.08489,0.0856,0.08393,0.08436,151399464
1639454400000,0.08435,0.08534,0.08363,0.08525,145688526
1639468800000,0.08525,0.08692,0.08504,0.08671,162373219
1639483200000,0.08672,0.08738,0.08546,0.08592,159462073
1639497600000,0.08592,0.08645,0.08499,0.08582,137844153
1639512000000,0.08582,0.08767,0.08579,0.08703,135302756
1639526400000,0.08703,0.0874,0.08616,0.08696,96637405
1639540800000,0.08696,0.08729,0.08619,0.08683,132307788
1639555200000,0.08682,0.08733,0.08624,0.0864,98705982
1639569600000,0.0864,0.08663,0.0829,0.08299,197809492
1639584000000,0.08299,0.087,0.0828,0.08675,352055568
1639598400000,0.08675,0.08877,0.0866,0.0875,236970883
1639612800000,0.08751,0.0881,0.08692,0.0871,91226753
1639627200000,0.0871,0.08735,0.08661,0.08678,84320879
1639641600000,0.08678,0.08788,0.08657,0.08778,104409309
1639656000000,0.08778,0.08778,0.08663,0.0871,145377460
1639670400000,0.0871,0.08733,0.08565,0.08602,128143605
1639684800000,0.08602,0.0865,0.08513,0.0853,102945489
1639699200000,0.08531,0.08598,0.08424,0.08509,121377070
1639713600000,0.08508,0.08538,0.08393,0.08455,138424675
1639728000000,0.08456,0.08512,0.08088,0.08147,705120683
1639742400000,0.08149,0.0822,0.07833,0.08042,961466667
1639756800000,0.08042,0.08181,0.0795,0.07977,278546110
1639771200000,0.07978,0.08061,0.07889,0.07946,203145833
1639785600000,0.07947,0.081,0.07859,0.08048,208345749
1639800000000,0.08048,0.08156,0.08021,0.08064,187900937
1639814400000,0.08061,0.08214,0.08055,0.08198,161073392
1639828800000,0.08199,0.08229,0.08091,0.08115,161592603
1639843200000,0.08114,0.08141,0.0802,0.08029,114755083
1639857600000,0.08027,0.08073,0.08006,0.08038,95668786
1639872000000,0.08038,0.0817,0.07996,0.08131,141949476
1639886400000,0.08133,0.08177,0.08114,0.08124,81184910
1639900800000,0.08125,0.08143,0.08018,0.08053,103132112
1639915200000,0.08054,0.08132,0.08,0.08054,146330831
1639929600000,0.08054,0.08096,0.07934,0.07956,90240121
1639944000000,0.07955,0.08097,0.0793,0.07933,286950142
1639958400000,0.07933,0.08004,0.07868,0.07892,141149504
1639972800000,0.07892,0.07957,0.07778,0.07795,154060229
1639987200000,0.07795,0.0781,0.0764,0.07682,187371288
1640001600000,0.0768,0.07683,0.0748,0.07566,244442351
1640016000000,0.07565,0.07773,0.07549,0.07766,139714250
1640030400000,0.07767,0.07846,0.07704,0.07753,142678278
1640044800000,0.07755,0.07838,0.07684,0.07814,124981476
1640059200000,0.07814,0.07893,0.07758,0.07783,196028399
1640073600000,0.07783,0.07861,0.0777,0.07833,142489391
1640088000000,0.07834,0.07887,0.07767,0.07799,139184884
1640102400000,0.078,0.07855,0.07772,0.07855,97381973
1640116800000,0.07855,0.07928,0.07819,0.07879,110950892
1640131200000,0.07879,0.07972,0.07868,0.0795,264334383
1640145600000,0.0795,0.0799,0.07923,0.0798,111847928
1640160000000,0.07981,0.08025,0.07905,0.07984,175391611
1640174400000,0.07984,0.0802,0.07829,0.07976,264761774
1640188800000,0.07977,0.08019,0.07931,0.08015,177661341
1640203200000,0.08015,0.08034,0.07882,0.07907,129755295
1640217600000,0.07908,0.07983,0.07811,0.07977,163985524
1640232000000,0.07976,0.07986,0.07795,0.07818,117536073
1640246400000,0.07818,0.0792,0.0779,0.07886,154772073
1640260800000,0.07886,0.08003,0.0788,0.08001,146728671
1640275200000,0.08,0.08272,0.07967,0.08236,408723883
1640289600000,0.08237,0.0827,0.0819,0.0827,170922152
1640304000000,0.0827,0.08304,0.08203,0.08226,152192914
1640318400000,0.08225,0.0826,0.08162,0.08224,104658393
1640332800000,0.08224,0.08321,0.08205,0.0825,134377059
1640347200000,0.0825,0.08315,0.08123,0.08216,181213212
1640361600000,0.08215,0.08249,0.08101,0.08119,147818468
1640376000000,0.08119,0.08166,0.08022,0.08084,133596161
1640390400000,0.08084,0.08139,0.08029,0.08042,94308287
1640404800000,0.08042,0.08104,0.08011,0.08096,87200378
1640419200000,0.08095,0.08131,0.08051,0.0813,102593440
1640433600000,0.0813,0.0817,0.08112,0.08153,85119255
1640448000000,0.08153,0.082,0.08081,0.08161,138681448
1640462400000,0.08161,0.08217,0.08136,0.08148,104215699
1640476800000,0.0815,0.08189,0.07959,0.07983,165576118
1640491200000,0.07982,0.08055,0.07959,0.08048,96114021
1640505600000,0.08048,0.08099,0.0797,0.08035,163293529
1640520000000,0.08034,0.08094,0.08005,0.08073,98866753
1640534400000,0.08073,0.0815,0.08071,0.08123,101255343
1640548800000,0.08122,0.08187,0.08053,0.08144,144282209
1640563200000,0.08145,0.08167,0.08102,0.08155,74147022
1640577600000,0.08154,0.08163,0.08113,0.08137,76227529
1640592000000,0.08137,0.08185,0.08082,0.08184,129805616
1640606400000,0.08183,0.08235,0.08117,0.08214,301729177
1640620800000,0.08215,0.08278,0.08205,0.08213,212287241
1640635200000,0.08217,0.08247,0.08087,0.08111,184241249
1640649600000,0.08111,0.08113,0.07818,0.07889,347608173
1640664000000,0.0789,0.0789,0.07723,0.07848,239800300
1640678400000,0.07847,0.07963,0.07831,0.07945,201045140
1640692800000,0.07945,0.07973,0.0781,0.07894,213413353
1640707200000,0.07895,0.07898,0.07669,0.07729,262626860
1640721600000,0.07729,0.07809,0.07688,0.07709,158952854
1640736000000,0.07706,0.07861,0.07689,0.07859,187258805
1640750400000,0.07862,0.08002,0.0782,0.07913,370995145
1640764800000,0.07913,0.07987,0.07819,0.07845,317461599
1640779200000,0.07845,0.07849,0.07603,0.07797,450249022
1640793600000,0.07798,0.07819,0.07679,0.07708,210793828
1640808000000,0.07708,0.07793,0.07601,0.07642,217549817
1640822400000,0.07641,0.07691,0.0755,0.07635,169954372
1640836800000,0.07634,0.07766,0.07634,0.07738,178470572
1640851200000,0.07738,0.07815,0.07676,0.07801,154652669
1640865600000,0.07801,0.07858,0.0775,0.07754,159632623
1640880000000,0.07754,0.07798,0.07742,0.07773,118639947
1640894400000,0.07773,0.07795,0.07702,0.07779,151520119
1640908800000,0.07777,0.07795,0.07647,0.07681,159399362
1640923200000,0.07681,0.07705,0.076,0.07654,134117636
1640937600000,0.07652,0.07835,0.07632,0.07791,242614770
1640952000000,0.0779,0.07931,0.07732,0.07763,446983595
1640966400000,0.0776,0.07764,0.07354,0.07363,288500608
1640980800000,0.07362,0.07549,0.07346,0.07533,184671712
1640995200000,0.07531,0.07612,0.07517,0.07584,114171456
1641009600000,0.07584,0.07664,0.0754,0.07615,127868615
1641024000000,0.07614,0.07627,0.07544,0.07572,120118071
1641038400000,0.07572,0.07672,0.07568,0.07638,119586701
1641052800000,0.07639,0.07682,0.07617,0.0763,123812022
1641067200000,0.07629,0.07663,0.07591,0.07654,75494670
1641081600000,0.07654,0.07711,0.07618,0.07673,157475316
1641096000000,0.07674,0.07688,0.07605,0.07626,82286483
1641110400000,0.07626,0.07692,0.07595,0.0767,88246226
1641124800000,0.07671,0.07799,0.07646,0.07787,130716227
1641139200000,0.07787,0.07832,0.07677,0.07709,158739879
1641153600000,0.07708,0.07804,0.07694,0.07762,90475804
1641168000000,0.07762,0.07811,0.07733,0.07754,108731533
1641182400000,0.07751,0.07786,0.07667,0.07683,114714771
1641196800000,0.07683,0.07777,0.07665,0.07765,132713871
1641211200000,0.07766,0.07818,0.07724,0.07738,211917737
1641225600000,0.07738,0.07754,0.07692,0.077,149079366
1641240000000,0.07701,0.07725,0.07616,0.07702,204971328
1641254400000,0.07701,0.07715,0.07589,0.07643,109523961
1641268800000,0.07642,0.07681,0.07603,0.07681,75943272
1641283200000,0.07681,0.07738,0.07659,0.07735,99464125
1641297600000,0.07735,0.07808,0.07696,0.07725,226982026
1641312000000,0.07725,0.07747,0.0757,0.07632,273695491
1641326400000,0.07633,0.07677,0.07582,0.0759,114580259
1641340800000,0.07591,0.07672,0.07566,0.07658,102907514
1641355200000,0.07659,0.07728,0.07648,0.07708,120587982
1641369600000,0.07709,0.07745,0.07645,0.07668,190092533
1641384000000,0.07666,0.07729,0.07609,0.07703,209779599
1641398400000,0.07703,0.0771,0.07332,0.07336,392153323
1641412800000,0.07336,0.07367,0.0689,0.07106,607895091
1641427200000,0.07106,0.07131,0.06939,0.06942,218951723
1641441600000,0.06944,0.07076,0.06918,0.07066,203289059
1641456000000,0.07067,0.07074,0.06916,0.06995,244107086
1641470400000,0.06996,0.07072,0.06955,0.07033,173995126
1641484800000,0.07033,0.07134,0.07001,0.07121,154241660
1641499200000,0.0712,0.07143,0.07075,0.07103,89289885
1641513600000,0.07101,0.07117,0.06795,0.06804,198549610
1641528000000,0.06805,0.06835,0.06639,0.06763,379322905
1641542400000,0.06764,0.06915,0.06746,0.0687,224784025
1641556800000,0.0687,0.06915,0.06642,0.06733,357976974
1641571200000,0.06733,0.06874,0.0665,0.06845,259920028
1641585600000,0.06846,0.06873,0.06762,0.06819,130594954
1641600000000,0.06819,0.06912,0.06785,0.06858,170269509
1641614400000,0.06859,0.06911,0.06852,0.06888,111236563
1641628800000,0.06888,0.06918,0.06796,0.06817,104924829
1641643200000,0.06818,0.0683,0.06646,0.0668,259878672
1641657600000,0.0668,0.06702,0.06393,0.06432,466883353
1641672000000,0.06432,0.06625,0.06401,0.06534,199201651
1641686400000,0.06535,0.06606,0.06485,0.06566,161477183
1641700800000,0.06566,0.06628,0.06562,0.06581,109164793
1641715200000,0.0658,0.0661,0.06508,0.06593,107544668
1641729600000,0.06593,0.06601,0.065,0.06553,125310230
1641744000000,0.06554,0.06721,0.06536,0.06712,203648501
1641758400000,0.06712,0.06723,0.06587,0.0661,121843772
1641772800000,0.06609,0.06666,0.06586,0.06634,97846480
1641787200000,0.06634,0.06688,0.06627,0.06669,97337591
1641801600000,0.0667,0.06676,0.06542,0.06582,167259511
1641816000000,0.06582,0.06597,0.06104,0.06288,723659979
1641830400000,0.06288,0.06512,0.06182,0.06259,609073054
1641844800000,0.06259,0.06354,0.06226,0.06339,137372907
1641859200000,0.0634,0.06424,0.06289,0.06418,162296337
1641873600000,0.06419,0.06435,0.06374,0.06427,122122107
1641888000000,0.06427,0.06465,0.06332,0.06393,149528166
1641902400000,0.06391,0.06448,0.06338,0.06417,271967037
1641916800000,0.06416,0.06567,0.06398,0.06481,398383713
1641931200000,0.06482,0.06499,0.06462,0.06486,79337856
1641945600000,0.06489,0.06588,0.06489,0.06569,108433911
1641960000000,0.06569,0.06584,0.06533,0.06561,81647278
1641974400000,0.06561,0.06775,0.06555,0.06709,271888678
1641988800000,0.06707,0.06823,0.06683,0.06775,281480503
1642003200000,0.06774,0.06803,0.06738,0.06794,152368603
1642017600000,0.06795,0.06833,0.06772,0.06804,76608801
1642032000000,0.06802,0.06839,0.06714,0.06741,155984358
1642046400000,0.06741,0.06836,0.06736,0.06824,81875488
1642060800000,0.06825,0.06856,0.06731,0.06744,157777808
1642075200000,0.06743,0.06844,0.06622,0.06677,278590529
1642089600000,0.06676,0.06734,0.06613,0.06671,233747636
1642104000000,0.0667,0.06674,0.06584,0.06614,217194038
1642118400000,0.06613,0.06699,0.0658,0.0668,132983785
1642132800000,0.0668,0.06791,0.06676,0.06744,166869380
1642147200000,0.06744,0.06796,0.06585,0.06641,338513327
1642161600000,0.06641,0.06756,0.06592,0.06732,224033749
1642176000000,0.06732,0.06802,0.06708,0.0677,113823096
1642190400000,0.06772,0.06852,0.0673,0.06758,211601449
1642204800000,0.06758,0.06799,0.06731,0.06786,88189715
1642219200000,0.06786,0.06837,0.06763,0.06836,105921953
1642233600000,0.06837,0.06843,0.06774,0.06793,127473260
1642248000000,0.06793,0.06867,0.0669,0.06866,246480282
1642262400000,0.06866,0.06907,0.0685,0.06905,162344011
1642276800000,0.06905,0.06931,0.06836,0.06838,103495889
1642291200000,0.06836,0.06961,0.06822,0.06933,147001954
1642305600000,0.06934,0.07035,0.06908,0.06987,166911919
1642320000000,0.06988,0.07027,0.06938,0.06973,192642233
1642334400000,0.06973,0.07004,0.06894,0.06942,181538321
1642348800000,0.06942,0.06999,0.06923,0.06931,112326939
1642363200000,0.06929,0.06986,0.0691,0.06984,78596813
1642377600000,0.06984,0.07117,0.06968,0.07009,265221692
1642392000000,0.0701,0.07039,0.06881,0.07023,260737902
1642406400000,0.07024,0.0724,0.07006,0.07148,470747036
1642420800000,0.07147,0.07151,0.07041,0.07064,310727413
1642435200000,0.07063,0.07087,0.06956,0.07071,321527924
1642449600000,0.07072,0.07095,0.0696,0.07081,254887430
1642464000000,0.07082,0.07135,0.0692,0.06953,286162836
1642478400000,0.06953,0.06974,0.06852,0.06897,242747577
1642492800000,0.06897,0.06902,0.06739,0.06849,271977371
1642507200000,0.06849,0.06872,0.06777,0.06811,265624252
1642521600000,0.0681,0.0682,0.06734,0.06805,196424188
1642536000000,0.06804,0.06908,0.06764,0.0684,141919443
1642550400000,0.06841,0.06855,0.06708,0.06752,296718976
1642564800000,0.06753,0.0682,0.06641,0.06679,236247568
1642579200000,0.06678,0.06829,0.06606,0.06824,262245883
1642593600000,0.06823,0.0696,0.06811,0.06853,353039720
1642608000000,0.06852,0.0696,0.0682,0.06873,257847832
1642622400000,0.06871,0.06949,0.06854,0.06911,198879518
1642636800000,0.06911,0.0699,0.06801,0.06834,338815367
1642651200000,0.06835,0.06892,0.0683,0.06881,140951483
1642665600000,0.06881,0.06983,0.06852,0.06968,165807475
1642680000000,0.06967,0.072,0.0695,0.07169,544854081
1642694400000,0.07171,0.07192,0.07075,0.07095,208845561
1642708800000,0.07094,0.07109,0.06733,0.06763,549357608
1642723200000,0.06762,0.06858,0.06574,0.06585,706881352
1642737600000,0.06585,0.06709,0.06571,0.06662,263014653
1642752000000,0.06661,0.06707,0.06594,0.06621,185581209
1642766400000,0.0662,0.06627,0.06347,0.06455,500190567
1642780800000,0.06456,0.06485,0.06343,0.06352,202803147
1642795200000,0.06352,0.06411,0.05966,0.06099,771303613
1642809600000,0.06097,0.062,0.05963,0.06039,380961969
1642824000000,0.06039,0.06055,0.05483,0.05508,613410970
1642838400000,0.0551,0.05704,0.0524,0.05654,1128967351
1642852800000,0.05653,0.05898,0.05528,0.05531,652812683
1642867200000,0.05531,0.0572,0.05481,0.05531,480857529
1642881600000,0.05534,0.05762,0.05507,0.05675,363790761
1642896000000,0.05677,0.05782,0.0562,0.05691,250836906
1642910400000,0.05691,0.05815,0.0567,0.05781,331249064
1642924800000,0.05778,0.05849,0.05751,0.05772,300865563
1642939200000,0.05771,0.0578,0.05527,0.05614,395452130
1642953600000,0.05613,0.0566,0.05543,0.05569,247192493
1642968000000,0.05569,0.05825,0.05547,0.05749,393009860
1642982400000,0.05748,0.05754,0.05459,0.05503,321373798
1642996800000,0.05503,0.05585,0.05473,0.0549,256576959
1643011200000,0.05492,0.05573,0.0517,0.05242,690321300
1643025600000,0.05243,0.0535,0.05091,0.05331,742007768
1643040000000,0.05331,0.05437,0.05175,0.05384,505017130
1643054400000,0.05384,0.05564,0.0537,0.05503,249201360
1643068800000,0.05502,0.05579,0.05424,0.05527,250648584
1643083200000,0.05526,0.05544,0.05427,0.05473,192329711
1643097600000,0.05473,0.05544,0.05444,0.05507,220753265
1643112000000,0.05507,0.05588,0.05421,0.05501,326162612
1643126400000,0.055,0.05603,0.05485,0.05554,225062860
1643140800000,0.05552,0.05616,0.0551,0.05583,179851247
1643155200000,0.05584,0.05627,0.05529,0.05598,186341301
1643169600000,0.05598,0.05691,0.05597,0.05646,154583221
1643184000000,0.05646,0.05735,0.05644,0.05726,163110428
1643198400000,0.05727,0.05802,0.05673,0.0575,243203608
1643212800000,0.05751,0.05894,0.05681,0.05719,532053572
1643227200000,0.0572,0.0572,0.05525,0.05616,335166312
1643241600000,0.05617,0.05653,0.05436,0.0546,274685717
1643256000000,0.0546,0.0556,0.05451,0.05549,130424891
1643270400000,0.0555,0.05643,0.05519,0.05641,154544690
1643284800000,0.05641,0.05713,0.05625,0.05674,191887760
1643299200000,0.05674,0.05693,0.0559,0.05602,177912299
1643313600000,0.05602,0.05651,0.05494,0.05645,273702005
1643328000000,0.05645,0.0569,0.05573,0.0568,173675757
1643342400000,0.05681,0.05717,0.05629,0.05634,138106206
1643356800000,0.05633,0.05668,0.05597,0.05632,140136210
1643371200000,0.05632,0.05688,0.05582,0.05686,180120287
1643385600000,0.05687,0.05722,0.05635,0.05668,167756271
1643400000000,0.05669,0.05766,0.0566,0.05756,135577898
1643414400000,0.05756,0.05778,0.05708,0.05761,127302267
1643428800000,0.05762,0.05848,0.0576,0.05843,107849307
1643443200000,0.05843,0.05899,0.05817,0.05885,168716673
1643457600000,0.05884,0.05986,0.05852,0.05896,239593499
1643472000000,0.05894,0.05966,0.05875,0.05949,130139960
1643486400000,0.05948,0.06036,0.05928,0.0603,153096998
1643500800000,0.06031,0.06046,0.05917,0.0596,163679956
1643515200000,0.0596,0.06051,0.05957,0.06034,194672771
1643529600000,0.06034,0.06042,0.05983,0.06021,121990433
1643544000000,0.06021,0.06039,0.05958,0.05995,143960353
1643558400000,0.05996,0.06019,0.05832,0.05842,187266154
1643572800000,0.05842,0.05927,0.05815,0.05856,193172894
1643587200000,0.05857,0.0587,0.05655,0.057,277763658
1643601600000,0.05699,0.05741,0.05659,0.05739,160372710
1643616000000,0.05738,0.05819,0.05733,0.05806,138076422
1643630400000,0.05807,0.05884,0.05748,0.05851,222691114
1643644800000,0.0585,0.05934,0.05827,0.05854,254260949
1643659200000,0.05854,0.05915,0.05841,0.059,106415826
1643673600000,0.05902,0.05987,0.05889,0.05977,118498882
1643688000000,0.05978,0.05994,0.05907,0.05936,106516649
1643702400000,0.05937,0.06002,0.05874,0.05954,143281677
1643716800000,0.05954,0.05988,0.05911,0.05962,143017835
1643731200000,0.05962,0.06,0.0594,0.05954,132506041
1643745600000,0.05953,0.06023,0.05952,0.05977,176329782
1643760000000,0.05976,0.06029,0.05966,0.06008,118404659
1643774400000,0.06007,0.06061,0.05988,0.06041,175260938
1643788800000,0.06041,0.06113,0.06034,0.06102,168927570
1643803200000,0.06102,0.06151,0.0598,0.05992,289592011
1643817600000,0.05992,0.06032,0.05934,0.06024,158589831
1643832000000,0.06024,0.06024,0.05836,0.05842,234064625
1643846400000,0.05843,0.05895,0.05828,0.05868,153119278
1643860800000,0.05867,0.05925,0.05858,0.0592,107204126
1643875200000,0.05921,0.05937,0.05811,0.05893,209954417
1643889600000,0.05893,0.05939,0.05819,0.05919,188231500
1643904000000,0.0592,0.05946,0.05869,0.05904,149104814
1643918400000,0.05904,0.05983,0.05864,0.05979,174957475
1643932800000,0.05978,0.06061,0.05959,0.06038,195669394
1643947200000,0.06038,0.06366,0.06033,0.06354,439234612
1643961600000,0.06354,0.06379,0.06282,0.06332,384222326
1643976000000,0.06332,0.06387,0.06193,0.06317,470064865
1643990400000,0.06316,0.06412,0.06314,0.06384,209450443
1644004800000,0.06384,0.06459,0.06351,0.06439,124447900
1644019200000,0.0644,0.06453,0.06348,0.06428,212291457
1644033600000,0.06428,0.06594,0.06403,0.06584,338241387
1644048000000,0.06584,0.06615,0.06501,0.06549,213680178
1644062400000,0.06549,0.06591,0.06506,0.06573,162059611
1644076800000,0.06573,0.06578,0.06388,0.06453,186785575
1644091200000,0.06453,0.06516,0.06431,0.0646,83569299
1644105600000,0.0646,0.06556,0.06454,0.06512,144794997
1644120000000,0.06513,0.06553,0.06477,0.06531,133306340
1644134400000,0.06531,0.06564,0.06486,0.06548,137841984
1644148800000,0.06547,0.06592,0.06425,0.0649,164536694
1644163200000,0.06491,0.06541,0.06479,0.06526,97820107
1644177600000,0.06525,0.06633,0.06509,0.06613,157522516
1644192000000,0.06613,0.06662,0.06517,0.0665,177064059
1644206400000,0.0665,0.06711,0.06622,0.06703,148052670
1644220800000,0.06702,0.06762,0.0667,0.0676,186876796
1644235200000,0.0676,0.06854,0.0673,0.06847,227751645
1644249600000,0.06847,0.06933,0.06792,0.06891,275171132
1644264000000,0.06889,0.06925,0.0681,0.0685,229796676
1644278400000,0.0685,0.06937,0.06772,0.06935,269104245
1644292800000,0.06934,0.07024,0.06904,0.06953,273036295
1644307200000,0.06953,0.06965,0.06755,0.06873,300642259
1644321600000,0.06872,0.06873,0.06682,0.0674,291082925
1644336000000,0.06741,0.06767,0.0667,0.06709,179920057
1644350400000,0.06709,0.0682,0.06696,0.06801,152903546
1644364800000,0.06802,0.06854,0.06731,0.06741,145304827
1644379200000,0.06741,0.06851,0.06735,0.0684,193643416
1644393600000,0.0684,0.06873,0.0678,0.06862,218757329
1644408000000,0.06861,0.06947,0.06848,0.06915,192411596
1644422400000,0.06914,0.0697,0.06882,0.06955,145160540
1644436800000,0.06955,0.07002,0.06944,0.06986,150170294
1644451200000,0.06986,0.06997,0.06875,0.06911,151602316
1644465600000,0.06911,0.07027,0.06898,0.07023,184741268
1644480000000,0.07023,0.0716,0.07023,0.07132,320008206
1644494400000,0.07132,0.07164,0.06852,0.07044,598016837
1644508800000,0.07045,0.07073,0.06927,0.06933,269254108
1644523200000,0.06935,0.06966,0.06829,0.06844,196450522
1644537600000,0.06843,0.06844,0.0671,0.06759,268064828
1644552000000,0.0676,0.06806,0.06715,0.06791,177479511
1644566400000,0.06791,0.06791,0.06534,0.06551,376094428
1644580800000,0.06551,0.06661,0.06539,0.0663,268738686
1644595200000,0.0663,0.06637,0.0645,0.06462,271756317
1644609600000,0.06462,0.06474,0.06325,0.06392,197620369
1644624000000,0.06392,0.06504,0.06362,0.06421,173772843
1644638400000,0.06421,0.06429,0.06201,0.06313,268136797
1644652800000,0.06313,0.0639,0.06277,0.06374,231496676
1644667200000,0.06374,0.06434,0.06309,0.06383,250781399
1644681600000,0.06383,0.0647,0.06357,0.06418,188385198
1644696000000,0.06418,0.06442,0.06272,0.06348,151043736
1644710400000,0.06349,0.06383,0.06311,0.06373,111087890
1644724800000,0.06373,0.06429,0.0636,0.06424,104996831
1644739200000,0.06424,0.06482,0.06394,0.06449,134218848
1644753600000,0.0645,0.06499,0.06419,0.06461,155195272
1644768000000,0.06461,0.06468,0.06361,0.06378,158704568
1644782400000,0.06379,0.06468,0.06365,0.06423,138095961
1644796800000,0.06422,0.06446,0.06317,0.06383,197993495
1644811200000,0.06383,0.0642,0.06347,0.06387,183293138
1644825600000,0.06387,0.06428,0.06344,0.06418,180303450
1644840000000,0.06419,0.06541,0.064,0.06483,285399320
1644854400000,0.06483,0.06516,0.06362,0.06373,217188112
1644868800000,0.06373,0.06487,0.06361,0.06437,161776116
1644883200000,0.06438,0.06574,0.06432,0.06536,204956508
1644897600000,0.06536,0.06615,0.0653,0.06614,144397252
1644912000000,0.06614,0.06662,0.06593,0.06631,252716391
1644926400000,0.0663,0.06671,0.06582,0.06624,183061320
1644940800000,0.06623,0.06656,0.06602,0.06623,98630911
1644955200000,0.06622,0.06698,0.06603,0.06683,148880517
1644969600000,0.06683,0.06688,0.0659,0.06618,146989882
1644984000000,0.06617,0.06644,0.06551,0.06643,105929713
1644998400000,0.06643,0.06692,0.06608,0.06662,147677947
1645012800000,0.06661,0.06679,0.06557,0.06609,173507963
1645027200000,0.0661,0.06674,0.06541,0.06662,171231751
1645041600000,0.06662,0.06677,0.06613,0.06636,87028413
1645056000000,0.06636,0.06711,0.06614,0.06615,177290520
1645070400000,0.06615,0.06642,0.06522,0.06641,274224067
1645084800000,0.06641,0.06645,0.065,0.06564,191668147
1645099200000,0.06563,0.06577,0.0641,0.06452,216300259
1645113600000,0.06452,0.0648,0.06272,0.06333,240059530
1645128000000,0.06333,0.06334,0.0619,0.0624,194555303
1645142400000,0.06241,0.06305,0.06195,0.06294,144281060
1645156800000,0.06294,0.06353,0.06275,0.0635,96023140
1645171200000,0.0635,0.064,0.06325,0.06339,190311481
1645185600000,0.06339,0.06408,0.06241,0.0627,274840452
1645200000000,0.06269,0.06322,0.06215,0.06318,174232417
1645214400000,0.06319,0.06325,0.06269,0.06299,95874553
1645228800000,0.06299,0.06401,0.06294,0.06364,122395578
1645243200000,0.06364,0.06423,0.06356,0.06407,91901228
1645257600000,0.06407,0.06435,0.06336,0.06362,261721938
1645272000000,0.06362,0.0643,0.06323,0.06407,385347215
1645286400000,0.06407,0.06438,0.06301,0.06308,177424677
1645300800000,0.06308,0.06354,0.06279,0.06344,117292381
1645315200000,0.06344,0.06353,0.06234,0.06255,131724292
1645329600000,0.06255,0.06259,0.06113,0.06148,286754841
1645344000000,0.06148,0.06202,0.06094,0.06198,239153030
1645358400000,0.06199,0.06234,0.06143,0.062,196431901
1645372800000,0.06199,0.06221,0.06163,0.06198,110158665
1645387200000,0.06199,0.06274,0.06162,0.06195,175988782
1645401600000,0.06195,0.06333,0.06167,0.06304,198580319
1645416000000,0.06305,0.0636,0.06303,0.06351,148203432
1645430400000,0.0635,0.06366,0.06146,0.06182,247898099
1645444800000,0.06182,0.0632,0.0611,0.06281,440403840
1645459200000,0.06281,0.06296,0.06121,0.06157,278899947
1645473600000,0.06156,0.06182,0.05899,0.05941,333195138
1645488000000,0.05942,0.06082,0.05895,0.05935,377984569
1645502400000,0.05936,0.06038,0.05919,0.05985,334212127
1645516800000,0.05986,0.06119,0.05983,0.06109,255909035
1645531200000,0.06108,0.06223,0.06065,0.06162,296779928
1645545600000,0.06163,0.06243,0.0612,0.06229,293577055
1645560000000,0.06229,0.06276,0.06183,0.06259,232710994
1645574400000,0.06259,0.06301,0.06205,0.06279,273611688
1645588800000,0.06279,0.06322,0.06226,0.06241,213425799
1645603200000,0.0624,0.06344,0.06218,0.06317,250432543
1645617600000,0.06318,0.06351,0.06281,0.06315,224279713
1645632000000,0.06314,0.06385,0.06192,0.06203,280809529
1645646400000,0.06203,0.06223,0.06057,0.06072,196970002
1645660800000,0.06072,0.06133,0.05726,0.0575,524322431
1645675200000,0.05751,0.0581,0.05599,0.058,667993146
1645689600000,0.058,0.05866,0.05738,0.05802,470516981
1645704000000,0.05803,0.0592,0.0577,0.05866,459429651
1645718400000,0.05866,0.06033,0.05824,0.06025,399544454
1645732800000,0.06025,0.06193,0.05972,0.06101,488693498
1645747200000,0.06101,0.06156,0.06059,0.06143,221789901
1645761600000,0.06144,0.06209,0.06113,0.06162,152135309
1645776000000,0.0616,0.06169,0.06083,0.06152,190471261
1645790400000,0.06153,0.0628,0.05862,0.06004,661648354
1645804800000,0.06004,0.06029,0.0554,0.05653,1320840297
1645819200000,0.05654,0.06025,0.05628,0.05935,905934092
1646092800000,0.06173,0.06267,0.06123,0.06128,362109632
1646107200000,0.06128,0.06178,0.06096,0.06172,163613341
1646121600000,0.06172,0.06216,0.06102,0.06172,204062189
1646136000000,0.06173,0.06282,0.06128,0.06169,432727478
1646150400000,0.06169,0.062,0.06124,0.0616,176491031
1646164800000,0.0616,0.06217,0.06139,0.06216,100008390
1646179200000,0.06216,0.06277,0.06142,0.06267,202104730
1646193600000,0.06267,0.06293,0.06151,0.06184,165421450
1646208000000,0.06184,0.06256,0.06146,0.06236,153429855
1646222400000,0.06236,0.06244,0.06072,0.06166,437169693
1646236800000,0.06166,0.06196,0.061,0.06142,130826218
1646251200000,0.06142,0.06183,0.06129,0.06149,87011929
1646265600000,0.0615,0.06159,0.06033,0.06072,147827321
1646280000000,0.06072,0.06113,0.06034,0.06109,152340728
1646294400000,0.06109,0.0612,0.06015,0.06046,205886984
1646308800000,0.06045,0.06096,0.05952,0.05985,228712643
1646323200000,0.05986,0.05994,0.059,0.05932,171014238
1646337600000,0.05932,0.06005,0.05909,0.05988,127902413
1646352000000,0.05988,0.06017,0.0584,0.05866,255629659
1646366400000,0.05866,0.05888,0.05816,0.0588,138307877
1646380800000,0.05879,0.05957,0.05826,0.05935,180146166
1646395200000,0.05936,0.05969,0.05821,0.05877,300848972
1646409600000,0.05876,0.05911,0.05798,0.05809,178062540
1646424000000,0.0581,0.05824,0.05739,0.05824,204284895
1646438400000,0.05824,0.05854,0.05759,0.05845,183236677
1646452800000,0.05847,0.05861,0.05785,0.05849,153355217
1646467200000,0.05848,0.05896,0.05825,0.05885,207724163
1646481600000,0.05885,0.06045,0.05881,0.06037,391077216
1646496000000,0.06038,0.0609,0.06013,0.06031,385025471
1646510400000,0.06032,0.06067,0.06011,0.0603,132629960
1646524800000,0.06031,0.06059,0.06004,0.06014,157308789
1646539200000,0.06014,0.06057,0.0596,0.06015,164321168
1646553600000,0.06015,0.06087,0.05936,0.05943,427726439
1646568000000,0.05943,0.05995,0.05921,0.05949,184270081
1646582400000,0.05949,0.05985,0.05917,0.0593,135753133
1646596800000,0.05931,0.05994,0.05855,0.05881,172374050
1646611200000,0.0588,0.05884,0.05792,0.05832,196058378
1646625600000,0.05832,0.05892,0.05826,0.05857,142828383
1646640000000,0.05858,0.05929,0.05835,0.05925,130480444
1646654400000,0.05925,0.06062,0.05925,0.06022,265985422
1646668800000,0.0602,0.06047,0.05801,0.05808,275600545
1646683200000,0.05808,0.0589,0.05771,0.0585,179067496
1646697600000,0.05849,0.0605,0.05838,0.06044,193375763
1646712000000,0.06043,0.06066,0.05956,0.06042,274296832
1646726400000,0.06042,0.06114,0.0604,0.06077,221113700
1646740800000,0.06078,0.06099,0.06014,0.06056,203842237
1646755200000,0.06056,0.06095,0.0601,0.06056,179518326
1646769600000,0.06056,0.06062,0.06003,0.0605,105596598
1646784000000,0.0605,0.06227,0.06048,0.06206,263716108
1646798400000,0.06207,0.06262,0.06159,0.06184,245871547
1646812800000,0.06185,0.0621,0.06122,0.06154,220268244
1646827200000,0.06154,0.06196,0.0611,0.06177,242392590
1646841600000,0.06176,0.0619,0.06027,0.06061,353633622
1646856000000,0.0606,0.06084,0.06029,0.06073,164157060
1646870400000,0.06073,0.06081,0.0583,0.05867,667919799
1646884800000,0.05866,0.05884,0.05774,0.05864,403727305
1646899200000,0.05863,0.05939,0.05838,0.05932,270278672
1646913600000,0.05932,0.0595,0.05821,0.05867,504938136
1646928000000,0.05867,0.05982,0.05864,0.05978,209292638
1646942400000,0.05977,0.05997,0.05943,0.05984,95478877
1646956800000,0.05983,0.05986,0.05886,0.05957,232941523
1646971200000,0.05956,0.0605,0.05934,0.06032,276848860
1646985600000,0.06033,0.06074,0.05984,0.06069,233968811
1647000000000,0.06067,0.06088,0.05975,0.06001,198457809
1647014400000,0.06001,0.06007,0.05933,0.05977,182056500
1647028800000,0.05977,0.06063,0.05962,0.06018,256683661
1647043200000,0.06018,0.06071,0.05959,0.05966,241768937
1647057600000,0.05966,0.06014,0.05952,0.05986,194241916
1647072000000,0.05986,0.0601,0.05962,0.05989,102490437
1647086400000,0.0599,0.06014,0.05958,0.0598,139172902
1647100800000,0.05979,0.0601,0.05954,0.05958,93117869
1647115200000,0.05956,0.05978,0.0595,0.0596,70976092
1647129600000,0.05961,0.06012,0.05947,0.0601,109245436
1647144000000,0.06009,0.06027,0.05991,0.05992,89941761
1647158400000,0.05992,0.06003,0.05964,0.05975,89977380
1647172800000,0.05975,0.0601,0.05924,0.06003,149819008
1647187200000,0.06002,0.06015,0.05963,0.05964,105764059
1647201600000,0.05963,0.05989,0.05882,0.05926,179682350
1647216000000,0.05927,0.0598,0.05882,0.05974,152731004
1647230400000,0.05975,0.06041,0.05971,0.06019,200492323
1647244800000,0.0602,0.06043,0.05986,0.06001,139581427
1647259200000,0.06,0.0601,0.05955,0.06003,148101169
1647273600000,0.06002,0.06017,0.05941,0.05977,166023885
1647288000000,0.05976,0.06036,0.05957,0.06001,155850701
1647302400000,0.06001,0.06017,0.05949,0.05967,162761178
1647316800000,0.05966,0.0601,0.05952,0.05977,159219471
1647331200000,0.05978,0.06032,0.05969,0.06026,172965838
1647345600000,0.06025,0.06057,0.05985,0.06032,228042692
1647360000000,0.06032,0.06065,0.06016,0.0605,130282285
1647374400000,0.06049,0.06064,0.06011,0.06045,101488360
1647388800000,0.06045,0.06154,0.05987,0.06007,288992946
1647403200000,0.06007,0.06047,0.05982,0.06029,111951948
1647417600000,0.06028,0.06076,0.06021,0.06051,128199886
1647432000000,0.06051,0.06061,0.06,0.06039,167853815
1647446400000,0.0604,0.06069,0.05933,0.06064,292206169
1647460800000,0.06064,0.06108,0.06054,0.06105,155911798
1647475200000,0.06106,0.06111,0.0607,0.06086,91304927
1647489600000,0.06086,0.06102,0.06049,0.06071,108120953
1647504000000,0.06071,0.06098,0.06055,0.06063,118911168
1647518400000,0.06062,0.06109,0.06055,0.06092,124604953
1647532800000,0.06093,0.06105,0.06071,0.0609,72589981
1647547200000,0.06091,0.06092,0.06058,0.06067,66419951
1647561600000,0.06067,0.06079,0.06015,0.06042,100096368
1647576000000,0.06042,0.06074,0.06029,0.06039,73090999
1647590400000,0.06039,0.06046,0.06001,0.06015,89766216
1647604800000,0.06016,0.06054,0.06002,0.06047,126732516
1647619200000,0.06048,0.06128,0.06045,0.06122,150525829
1647633600000,0.06124,0.06185,0.06117,0.0616,244291215
1647648000000,0.0616,0.06187,0.06122,0.06142,112838305
1647662400000,0.06143,0.0617,0.06128,0.06138,84998717
1647676800000,0.06137,0.06173,0.06129,0.06155,93843444
1647691200000,0.06156,0.06207,0.06136,0.06203,196118605
1647705600000,0.06203,0.06218,0.06182,0.06201,117366956
1647720000000,0.06201,0.06209,0.06136,0.0619,134937833
1647734400000,0.06189,0.06206,0.06138,0.06195,135832565
1647748800000,0.06195,0.06247,0.0618,0.06182,153490782
1647763200000,0.06184,0.06195,0.06112,0.06138,161771665
1647777600000,0.06139,0.06179,0.06076,0.06118,203921746
1647792000000,0.06118,0.06159,0.06077,0.06132,128786500
1647806400000,0.06132,0.0617,0.06098,0.0615,94011326
1647820800000,0.0615,0.0617,0.06068,0.06107,136948549
1647835200000,0.06108,0.06145,0.06084,0.06121,112112546
1647849600000,0.06121,0.06171,0.06104,0.06145,141016376
1647864000000,0.06145,0.06187,0.06107,0.06143,155573936
1647878400000,0.06143,0.06172,0.06107,0.06172,118131655
1647892800000,0.06171,0.06181,0.06148,0.06175,80524973
1647907200000,0.06175,0.06275,0.06157,0.06266,199182393
1647921600000,0.06265,0.06381,0.06265,0.06311,312406710
1647936000000,0.06311,0.06359,0.06278,0.06349,136108020
1647950400000,0.06349,0.06392,0.063,0.06317,173921988
1647964800000,0.06317,0.06332,0.06269,0.06279,136404609
1647979200000,0.0628,0.06343,0.06272,0.0634,98544565
1647993600000,0.0634,0.06479,0.06314,0.06347,323307834
1648008000000,0.06347,0.06407,0.06315,0.06373,153695372
1648022400000,0.06374,0.06399,0.06346,0.06384,98895734
1648036800000,0.06384,0.06487,0.06357,0.06467,200261897
1648051200000,0.06467,0.0649,0.06379,0.06396,189210899
1648065600000,0.06395,0.06438,0.06363,0.06428,107169187
1648080000000,0.06429,0.0647,0.0637,0.06384,156048529
1648094400000,0.06384,0.06514,0.06383,0.06461,140566851
1648108800000,0.06461,0.06507,0.06429,0.06507,191987517
1648123200000,0.06507,0.06553,0.06442,0.0653,261067456
1648137600000,0.0653,0.06559,0.06497,0.06544,130524268
1648152000000,0.06543,0.06596,0.06526,0.06563,150587730
1648166400000,0.06563,0.06625,0.06514,0.0662,168710237
1648180800000,0.0662,0.06667,0.06601,0.06617,163504537
1648195200000,0.06617,0.06621,0.06555,0.06612,162548641
1648209600000,0.06613,0.06619,0.06455,0.0648,247908671
1648224000000,0.0648,0.06501,0.06378,0.06473,221363122
1648238400000,0.06473,0.06494,0.06427,0.06433,91217582
1648252800000,0.06433,0.06474,0.06377,0.06403,162029320
1648267200000,0.06403,0.06477,0.0639,0.06447,131149107
1648281600000,0.06448,0.06473,0.06433,0.06451,86445501
1648296000000,0.06452,0.06518,0.0642,0.06476,254219339
1648310400000,0.06477,0.06505,0.06466,0.06492,92905445
1648324800000,0.06493,0.06639,0.06484,0.06629,232275430
1648339200000,0.06629,0.06697,0.06592,0.06681,230498442
1648353600000,0.06681,0.06726,0.06659,0.06723,113777676
1648368000000,0.06723,0.06731,0.06654,0.06672,123736450
1648382400000,0.06671,0.06954,0.06576,0.06868,640983232
1648396800000,0.06867,0.06883,0.06755,0.06811,304018316
1648411200000,0.06811,0.06929,0.06804,0.06896,265826030
1648425600000,0.06896,0.06945,0.06852,0.06931,195604730
1648440000000,0.06932,0.07131,0.06893,0.07065,554906835
1648454400000,0.07065,0.0715,0.06989,0.07149,248484583
1648468800000,0.07149,0.07199,0.0708,0.07088,324217540
1648483200000,0.07088,0.07129,0.07021,0.07103,170272703
1648497600000,0.07102,0.07146,0.06844,0.06914,263156217
1648512000000,0.06913,0.07106,0.06896,0.07062,201318765
1648526400000,0.07063,0.07253,0.07063,0.07156,450522431
1648540800000,0.07155,0.07188,0.07083,0.07145,275587505
1648555200000,0.07145,0.07167,0.0701,0.07031,335966139
1648569600000,0.0703,0.07042,0.06911,0.06978,285546376
1648584000000,0.06977,0.06994,0.06826,0.0694,208670495
1648598400000,0.0694,0.0694,0.0674,0.0687,240803768
1648612800000,0.0687,0.07025,0.06848,0.07008,250411891
1648627200000,0.07007,0.07352,0.0697,0.0723,1210109810
1648641600000,0.07231,0.07453,0.07125,0.07181,1019813571
1648656000000,0.0718,0.07258,0.071,0.07141,303303792
1648670400000,0.07142,0.07362,0.0711,0.07337,294400244
1648684800000,0.07338,0.07648,0.07337,0.07411,799656357
1648699200000,0.07411,0.07719,0.07403,0.07613,551418900
1648713600000,0.07613,0.07965,0.07605,0.0779,1171948723
1648728000000,0.0779,0.07821,0.07301,0.07476,911897066
1648742400000,0.07476,0.07642,0.07345,0.07588,662229616
1648756800000,0.07589,0.07615,0.07326,0.07395,326205734
1648944000000,0.07323,0.07349,0.07208,0.07275,246334326
1648958400000,0.07274,0.07322,0.07274,0.07302,92948378
1648972800000,0.07303,0.07313,0.07242,0.07278,89090682
1648987200000,0.07278,0.07325,0.07233,0.07313,162855111
1649001600000,0.07313,0.07335,0.07237,0.07289,109490976
1649016000000,0.0729,0.07376,0.07269,0.07313,131469709
1649030400000,0.07313,0.07319,0.07178,0.0719,158188252
1649044800000,0.07189,0.07226,0.07164,0.07213,130922519
1649059200000,0.07214,0.07218,0.0706,0.07141,188738705
1649073600000,0.07141,0.07178,0.06969,0.0699,255398158
1649088000000,0.0699,0.07006,0.06876,0.06998,233919980
1649102400000,0.06998,0.07118,0.06968,0.07071,163780065
1649116800000,0.07072,0.07178,0.07061,0.07158,149218470
1649131200000,0.07157,0.07184,0.07083,0.07113,117352673
1649145600000,0.07114,0.07126,0.07039,0.07087,99016060
1649160000000,0.07088,0.07151,0.06958,0.06964,269814391
1649174400000,0.06964,0.07009,0.06935,0.06996,134723360
1649188800000,0.06995,0.07021,0.06913,0.06927,114977124
1649203200000,0.06927,0.06937,0.06628,0.06732,352094482
1649217600000,0.06731,0.06827,0.06711,0.06776,108699725
1649232000000,0.06776,0.06793,0.06627,0.06646,192284411
1649246400000,0.06646,0.06699,0.06462,0.06544,348641291
1649260800000,0.06544,0.06572,0.06351,0.06435,395323375
1649275200000,0.06435,0.06447,0.06291,0.06301,177263503
1649289600000,0.06302,0.06409,0.06257,0.0638,204489038
1649304000000,0.06379,0.06478,0.06368,0.06449,141361862
1649318400000,0.06449,0.0647,0.06333,0.06423,202979952
1649332800000,0.06423,0.06454,0.06273,0.06344,265355643
1649347200000,0.06344,0.06398,0.06314,0.06365,129774208
1649361600000,0.06365,0.06468,0.06352,0.06428,117066140
1649376000000,0.06429,0.06495,0.0638,0.06492,134127503
1649390400000,0.06493,0.06517,0.06419,0.06471,114581726
1649404800000,0.0647,0.06482,0.06312,0.06328,180296273
1649419200000,0.06329,0.06386,0.06248,0.06354,244285095
1649433600000,0.06355,0.06391,0.06284,0.06304,202338197
1649448000000,0.06304,0.06339,0.06205,0.06254,166804277
1649462400000,0.06255,0.06319,0.06237,0.06297,157876438
1649476800000,0.06297,0.0637,0.06291,0.06351,128935562
1649491200000,0.06351,0.06353,0.06303,0.06323,109255550
1649505600000,0.06323,0.06343,0.0622,0.06235,175703225
1649520000000,0.06236,0.06327,0.06225,0.06317,126392350
1649534400000,0.06317,0.06402,0.06285,0.06391,117991039
1649548800000,0.06392,0.06405,0.06341,0.06364,117496243
1649563200000,0.06364,0.0638,0.0633,0.06337,83210075
1649577600000,0.06338,0.06351,0.06291,0.06333,122898756
1649592000000,0.06333,0.06348,0.06279,0.06322,105408122
1649606400000,0.06323,0.06429,0.063,0.06393,129461470
1649620800000,0.06394,0.06408,0.0621,0.06231,219601322
1649635200000,0.0623,0.06248,0.06111,0.06151,207168121
1649649600000,0.0615,0.06205,0.06145,0.06184,77070075
1649664000000,0.06185,0.06195,0.05902,0.05922,450385462
1649678400000,0.05922,0.05949,0.05844,0.05882,250116058
1649692800000,0.05883,0.05956,0.05869,0.05894,135271148
1649707200000,0.05892,0.05903,0.05762,0.0582,270665902
1649721600000,0.05819,0.05851,0.05786,0.05816,143847813
1649736000000,0.05816,0.05933,0.0581,0.05911,134650360
1649750400000,0.05912,0.05991,0.05898,0.05986,126011816
1649764800000,0.05986,0.0604,0.05943,0.05986,214754405
1649779200000,0.05985,0.0601,0.05893,0.05901,124250141
1649793600000,0.05901,0.06014,0.05895,0.05988,150211923
1649808000000,0.05988,0.06004,0.05929,0.0599,144555487
1649822400000,0.0599,0.0603,0.05971,0.06012,77887142
1649836800000,0.06012,0.06062,0.05994,0.06001,160486570
1649851200000,0.06001,0.06121,0.05964,0.06108,277370228
1649865600000,0.06108,0.06123,0.06065,0.06087,112286898
1649880000000,0.06087,0.0615,0.06075,0.06147,76903033
1649894400000,0.06149,0.06189,0.06128,0.06163,125076142
1649908800000,0.06164,0.06186,0.06134,0.06153,97640342
1649923200000,0.06153,0.06214,0.06055,0.06064,396214454
1649937600000,0.06064,0.06109,0.05973,0.05983,256821380
1649952000000,0.05982,0.06006,0.05932,0.05964,147481100
1649966400000,0.05963,0.06016,0.05953,0.06009,72497862
1649980800000,0.0601,0.06081,0.05979,0.06081,100108474
1649995200000,0.0608,0.06133,0.0606,0.06119,162948467
1650009600000,0.0612,0.06165,0.06118,0.06151,168092645
1650024000000,0.06151,0.06179,0.06075,0.06166,181048315
1650038400000,0.06166,0.06218,0.06126,0.06183,148993521
1650052800000,0.06182,0.06221,0.06166,0.06179,104033122
1650067200000,0.06179,0.06212,0.06136,0.062,114171185
1650081600000,0.062,0.06221,0.06177,0.06178,57289066
1650096000000,0.06177,0.06217,0.06173,0.06192,71197301
1650110400000,0.06192,0.06212,0.06115,0.06138,106987372
1650124800000,0.06137,0.06145,0.06084,0.06122,93650853
1650139200000,0.06121,0.06226,0.06104,0.06185,114740362
1650153600000,0.06186,0.06201,0.06151,0.0619,89672579
1650168000000,0.06189,0.06225,0.0617,0.06198,88081605
1650182400000,0.06195,0.0627,0.06192,0.06255,142569076
1650196800000,0.06256,0.06288,0.0623,0.06242,133886829
1650211200000,0.06242,0.06246,0.06101,0.06152,184806752
1650225600000,0.06152,0.06159,0.05977,0.06003,200169877
1650240000000,0.06004,0.06072,0.05977,0.06041,119382341
1650254400000,0.06042,0.06044,0.05879,0.0594,321929923
1650268800000,0.05941,0.06008,0.05938,0.05984,183271445
1650283200000,0.05985,0.0605,0.0598,0.05994,165773520
1650297600000,0.05994,0.06137,0.05954,0.06115,255617598
1650312000000,0.06115,0.06165,0.06111,0.06146,150637000
1650326400000,0.06146,0.06187,0.06122,0.0614,137770289
1650340800000,0.06139,0.06164,0.06112,0.06119,100661825
1650355200000,0.0612,0.06179,0.06107,0.06139,129191224
1650369600000,0.06138,0.06271,0.0613,0.06243,228984570
1650384000000,0.06242,0.06361,0.06241,0.0635,218498414
1650398400000,0.06349,0.06359,0.06301,0.06311,123721994
1650412800000,0.0631,0.06333,0.06262,0.0629,109157819
1650427200000,0.0629,0.06341,0.06281,0.06296,111495838
1650441600000,0.06297,0.06346,0.06244,0.06318,188260706
1650456000000,0.06318,0.06325,0.0622,0.06256,245571117
1650470400000,0.06257,0.06263,0.06175,0.06218,154283893
1650484800000,0.06219,0.06292,0.06204,0.0626,92747757
1650499200000,0.06259,0.06318,0.06258,0.06287,103025498
1650513600000,0.06287,0.06323,0.06237,0.06314,107866180
1650528000000,0.06314,0.06493,0.06272,0.06449,346473986
1650542400000,0.06447,0.07487,0.06436,0.07171,9455050341
1650556800000,0.07171,0.07324,0.07033,0.07153,3002967658
1650571200000,0.07154,0.07451,0.07004,0.0711,4592253681
1650585600000,0.07111,0.07249,0.06679,0.06736,3377058035
1650600000000,0.06736,0.0694,0.06671,0.06827,1917780104
1650614400000,0.06826,0.06857,0.06739,0.06842,1222935738
1650628800000,0.06842,0.06876,0.0663,0.06753,1270854733
1650643200000,0.06753,0.06829,0.06651,0.06739,842513544
1650657600000,0.06738,0.06784,0.0664,0.06656,394248191
1650672000000,0.06656,0.06868,0.06643,0.06865,610348331
1650686400000,0.06864,0.0693,0.0675,0.06771,593856211
1650700800000,0.06771,0.06813,0.0674,0.06784,233716976
1650715200000,0.06784,0.06871,0.06763,0.06791,426863531
1650729600000,0.06791,0.06817,0.06721,0.06744,281693442
1650744000000,0.06744,0.06889,0.06725,0.06759,377299246
1650758400000,0.06759,0.06792,0.06675,0.06746,277565569
1650772800000,0.06746,0.06755,0.06549,0.0658,455890930
1650787200000,0.0658,0.06603,0.06515,0.06561,331953231
1650801600000,0.06561,0.06573,0.06454,0.06539,434333404
1650816000000,0.06539,0.06655,0.06483,0.06622,346097411
1650830400000,0.06622,0.06635,0.06555,0.06562,138675732
1650844800000,0.06563,0.06577,0.0626,0.06382,614559179
1650859200000,0.06382,0.06397,0.06174,0.06207,366899700
1650873600000,0.06207,0.06352,0.06169,0.06341,320976021
1650888000000,0.06342,0.06433,0.0629,0.0636,733163075
1650902400000,0.06359,0.06471,0.06354,0.06466,264018779
1650916800000,0.06467,0.0655,0.06426,0.06528,210124806
1650931200000,0.06528,0.06567,0.06492,0.06519,186582461
1650945600000,0.0652,0.06545,0.06459,0.06491,177534047
1650960000000,0.0649,0.06523,0.06438,0.06471,157921197
1650974400000,0.06471,0.06508,0.06239,0.06253,527950711
1650988800000,0.06252,0.063,0.06202,0.06219,301029887
1651003200000,0.06219,0.06281,0.06148,0.06184,314333941
1651017600000,0.06185,0.06263,0.06162,0.06239,155178534
1651032000000,0.0624,0.06365,0.06235,0.06365,290539971
1651046400000,0.06365,0.06373,0.0624,0.06317,291571985
1651060800000,0.06318,0.06352,0.06202,0.06259,258095768
1651075200000,0.06259,0.06283,0.06226,0.06258,117644636
1651089600000,0.06258,0.06324,0.06254,0.06315,94671387
1651104000000,0.06315,0.0636,0.06298,0.06352,119195493
1651118400000,0.06352,0.06386,0.06314,0.06364,175509381
1651132800000,0.06364,0.06407,0.0633,0.06353,189684630
1651147200000,0.06354,0.0637,0.06242,0.06297,288303334
1651161600000,0.06296,0.06388,0.06285,0.06358,167491601
1651176000000,0.06359,0.06382,0.06317,0.06368,124455860
1651190400000,0.06369,0.06417,0.0632,0.06332,177383433
1651204800000,0.06333,0.06474,0.0631,0.06474,169255962
1651219200000,0.06474,0.07006,0.0647,0.06732,4134015348
1651233600000,0.06733,0.06757,0.06388,0.06471,1824883072
1651248000000,0.06472,0.06474,0.063,0.06314,640475965
1651262400000,0.06314,0.06444,0.06262,0.06363,573775341
1651276800000,0.06363,0.06524,0.0634,0.06404,677068412
1651291200000,0.06404,0.06447,0.06348,0.06385,344735861
1651305600000,0.06384,0.06394,0.06324,0.06365,239784163
1651320000000,0.06365,0.0639,0.06205,0.06263,311726434
1651334400000,0.06264,0.063,0.06177,0.06272,233542451
1651348800000,0.06272,0.06466,0.06216,0.06255,1094741540
1651363200000,0.06255,0.06336,0.0615,0.06286,455818637
1651377600000,0.06286,0.06762,0.06281,0.06738,1513344724
1651392000000,0.06739,0.06781,0.0656,0.06579,1302849490
1651406400000,0.06579,0.06885,0.06558,0.06841,3200952957
1651420800000,0.06841,0.06872,0.0672,0.06783,1208427976
1651435200000,0.06784,0.07171,0.06746,0.07078,1728764178
1651449600000,0.07077,0.07219,0.07011,0.07112,1623264592
1651464000000,0.07113,0.07367,0.07028,0.07292,1604465232
1651478400000,0.07292,0.07328,0.06893,0.06936,2143028601
1651492800000,0.06935,0.07143,0.06641,0.06676,2480119499
1651507200000,0.06676,0.06717,0.06444,0.06676,1548296466
1651521600000,0.06678,0.069,0.06611,0.06893,625308561
1651536000000,0.06892,0.071,0.06808,0.07031,1418492414
1651550400000,0.0703,0.07056,0.06885,0.0703,653077151
1651564800000,0.07029,0.07285,0.06952,0.07278,1274764268
1651579200000,0.07278,0.07528,0.07107,0.07235,3221422773
1651593600000,0.07235,0.07333,0.07021,0.07088,1864266792
1651608000000,0.07088,0.07277,0.06971,0.07254,1547800136
1651622400000,0.07255,0.07337,0.07001,0.07008,1290495597
1651636800000,0.07007,0.07779,0.06988,0.07725,2991673527
1651651200000,0.07724,0.08145,0.07653,0.08081,4837479866
1651665600000,0.08081,0.082,0.07509,0.07523,4086714285
1651680000000,0.07523,0.08248,0.07491,0.08205,3471139032
1651694400000,0.08208,0.08707,0.08143,0.08627,2111310384
1651708800000,0.08627,0.09,0.08608,0.08641,3117326993
1651723200000,0.0864,0.08888,0.08475,0.08561,2503606578
1651737600000,0.08561,0.08627,0.08251,0.08399,2041913088
1651752000000,0.08398,0.08487,0.0775,0.0783,4031978101
1651766400000,0.07829,0.07915,0.0715,0.07451,4185036838
1651780800000,0.0745,0.0755,0.07281,0.07445,1566154956
1651795200000,0.07445,0.08026,0.0726,0.07994,2323992952
1651809600000,0.07995,0.08015,0.0762,0.07882,2425992293
1651824000000,0.07882,0.083,0.07828,0.08097,3575058672
1651838400000,0.08097,0.08663,0.07806,0.08393,5748849890
1651852800000,0.08392,0.0845,0.08072,0.08245,2966597962
1651867200000,0.08246,0.08845,0.08114,0.08624,3787413838
1651881600000,0.08625,0.08869,0.08441,0.08542,4457013104
1651896000000,0.08542,0.08604,0.08035,0.08262,4168937549
1651910400000,0.08263,0.08574,0.08255,0.08354,3246709242
1651924800000,0.08354,0.08517,0.08175,0.08394,2743081464
1651939200000,0.08393,0.089,0.08301,0.08554,2398470943
1651953600000,0.08553,0.08747,0.07971,0.08346,5050510716
1651968000000,0.08346,0.08484,0.0801,0.08394,3073345176
1651982400000,0.08394,0.0855,0.08023,0.08058,2219459478
1651996800000,0.08058,0.08373,0.08034,0.08277,1583352879
1652011200000,0.08276,0.0909,0.08143,0.08894,5573433227
1652025600000,0.08892,0.09285,0.08576,0.08848,5718148825
1652040000000,0.08848,0.08865,0.0862,0.08796,1765384448
1652054400000,0.08795,0.0882,0.08326,0.08387,2394917440
1652068800000,0.08387,0.08537,0.08288,0.08432,1579389580
1652083200000,0.08433,0.08625,0.07936,0.08032,3964966568
1652097600000,0.08031,0.08043,0.07625,0.07754,4578852226
1652112000000,0.07754,0.07969,0.07188,0.07361,5729917801
1652126400000,0.07361,0.07802,0.07222,0.07258,2801793147
1652140800000,0.07257,0.08012,0.07127,0.0759,3645116947
1652155200000,0.07591,0.08188,0.07576,0.07885,2167353846
1652169600000,0.07884,0.08058,0.07755,0.08001,1590310680
1652184000000,0.08,0.08248,0.07728,0.07992,2646024174
1652198400000,0.07993,0.08211,0.07885,0.0799,1530763239
1652212800000,0.07991,0.07998,0.07362,0.07688,2637690521
1652227200000,0.07687,0.07989,0.0748,0.07847,1746793899
1652241600000,0.07847,0.0802,0.07263,0.07481,2411290283
1652256000000,0.07481,0.0768,0.06252,0.0627,5875171492
1652270400000,0.06266,0.08662,0.06106,0.07634,10219755336
1652284800000,0.07633,0.07673,0.07249,0.07306,2393166688
1652299200000,0.07304,0.077,0.06885,0.0748,2483537228
1652313600000,0.0748,0.07952,0.07417,0.07448,2570764981
1652328000000,0.07442,0.08222,0.07079,0.07221,4240509854
1652342400000,0.07218,0.07388,0.06937,0.07066,2394083204
1652356800000,0.07066,0.07385,0.06903,0.07122,1937301693
1652371200000,0.07119,0.07325,0.06866,0.069,1041409009
1652385600000,0.06902,0.06953,0.06543,0.06719,1130119714
1652400000000,0.06718,0.07387,0.0663,0.0729,1510270666
1652414400000,0.07289,0.07467,0.07111,0.0712,1207845167
1652428800000,0.0712,0.07513,0.071,0.07474,1065701323
1652443200000,0.07474,0.07654,0.07272,0.07387,1669537977
1652457600000,0.07387,0.07535,0.07214,0.07509,1142548904
1652472000000,0.0751,0.07637,0.07374,0.07424,624184571
1652486400000,0.07424,0.07608,0.07362,0.07395,666026558
1652500800000,0.07395,0.0753,0.07234,0.07502,656892817
1652515200000,0.07504,0.07546,0.07247,0.0734,1055209978
1652529600000,0.07341,0.07391,0.0705,0.07178,997905989
1652544000000,0.07178,0.07464,0.07105,0.07134,876165524
1652558400000,0.07135,0.07277,0.07128,0.07237,514293147
1652572800000,0.07237,0.0724,0.06973,0.07037,616922263
1652587200000,0.07038,0.07055,0.06906,0.06926,580129941
1652601600000,0.06928,0.07033,0.0677,0.0699,1008157211
1652616000000,0.06989,0.07078,0.0675,0.06822,1115246758
1652630400000,0.0682,0.07059,0.068,0.07043,735983839
1652644800000,0.07044,0.07281,0.07003,0.07234,848596370
1652659200000,0.07235,0.07243,0.07046,0.07112,619903932
1652673600000,0.07113,0.07139,0.06852,0.06891,704571115
1652688000000,0.0689,0.06945,0.06787,0.06877,650535417
1652702400000,0.06877,0.06967,0.06681,0.06763,918883081
1652716800000,0.06763,0.06943,0.06729,0.06882,540393228
1652731200000,0.06884,0.07013,0.06878,0.06909,377688078
1652745600000,0.06909,0.07059,0.06878,0.07027,388446689
1652760000000,0.07028,0.07108,0.07003,0.07013,369860057
1652774400000,0.07012,0.07058,0.06979,0.0702,347760620
1652788800000,0.0702,0.07176,0.06945,0.0703,681828188
1652803200000,0.07031,0.07358,0.06951,0.07301,922951788
1652817600000,0.07302,0.07402,0.07211,0.07222,514372618
1652832000000,0.07221,0.07283,0.0712,0.0715,337968586
1652846400000,0.07149,0.0721,0.07114,0.07163,271397602
1652860800000,0.07163,0.07258,0.07119,0.07141,441556619
1652875200000,0.07141,0.07151,0.06927,0.06996,763771710
1652889600000,0.06997,0.07218,0.06959,0.07191,682585048
1652904000000,0.07191,0.07232,0.07061,0.07095,465207531
1652918400000,0.07095,0.07231,0.06989,0.07193,562467264
1652932800000,0.07192,0.07343,0.07109,0.07314,755674145
1652947200000,0.07313,0.07509,0.07175,0.07435,1315566609
1652961600000,0.07435,0.07474,0.07286,0.07423,1274218102
1652976000000,0.07423,0.07444,0.07317,0.07318,506792290
1652990400000,0.07319,0.0741,0.07297,0.07355,284550507
1653004800000,0.07355,0.07475,0.07304,0.07432,401197390
1653019200000,0.07432,0.07507,0.07328,0.07359,512586924
1653033600000,0.07359,0.07499,0.07354,0.07483,462687259
1653048000000,0.07483,0.07495,0.07182,0.07277,911062506
1653062400000,0.07278,0.07357,0.0698,0.07036,1039015275
1653076800000,0.07035,0.0718,0.07002,0.07114,533782433
1653091200000,0.07114,0.07152,0.07029,0.07146,359113776
1653105600000,0.07146,0.07197,0.07103,0.07167,281668996
1653120000000,0.07168,0.0721,0.07148,0.07198,214002862
1653134400000,0.07198,0.07586,0.07173,0.07486,1352433100
1653148800000,0.07485,0.07491,0.0735,0.07382,415016019
1653163200000,0.07381,0.07444,0.07342,0.07397,193030842
1653177600000,0.07396,0.07439,0.07365,0.07422,175904471
1653192000000,0.07422,0.07514,0.07353,0.07502,250453425
1653206400000,0.07502,0.07572,0.07463,0.07531,483310913
1653220800000,0.07531,0.07784,0.07531,0.07606,671001603
1653235200000,0.07606,0.07756,0.0756,0.07714,415486950
1653249600000,0.07714,0.07866,0.07681,0.07813,439297243
1653264000000,0.07812,0.0789,0.07664,0.07723,491107456
1653278400000,0.07722,0.0783,0.077,0.07787,357858533
1653292800000,0.07789,0.07846,0.07675,0.07751,363004380
1653307200000,0.07752,0.07781,0.07571,0.07627,544009378
1653321600000,0.07628,0.08264,0.07609,0.07945,2146072034
1653336000000,0.07944,0.08137,0.07591,0.0761,1089918799
1653350400000,0.07608,0.07782,0.07588,0.07756,675282934
1653364800000,0.07755,0.07872,0.07715,0.07827,439967619
1653379200000,0.07826,0.083,0.07678,0.08106,2024623603
1653393600000,0.08106,0.08315,0.07916,0.08196,2545825120
1653408000000,0.08195,0.083,0.0803,0.08185,1885972254
1653422400000,0.08186,0.08189,0.07998,0.08059,578311066
1653436800000,0.08059,0.08384,0.08008,0.08281,1019206675
1653451200000,0.0828,0.08284,0.08048,0.08152,665173483
1653465600000,0.08153,0.08172,0.07966,0.08014,664793173
1653480000000,0.08013,0.08539,0.08,0.08404,2185800027
1653494400000,0.08403,0.0845,0.08316,0.08363,873806256
1653508800000,0.08363,0.08863,0.08347,0.08467,1131712799
1653523200000,0.08467,0.0866,0.0846,0.08508,853057011
1653537600000,0.08509,0.08516,0.08143,0.0818,1318867196
1653552000000,0.08181,0.08188,0.07856,0.08089,1653527852
1653566400000,0.08089,0.08444,0.07981,0.08335,2736768319
1653580800000,0.08335,0.08639,0.082,0.08212,1940212838
1653595200000,0.08212,0.08345,0.08102,0.08219,941815363
1653609600000,0.0822,0.08259,0.07827,0.08006,1237577176
1653624000000,0.08007,0.08166,0.07832,0.08078,1124736985
1653638400000,0.08078,0.08312,0.08044,0.08251,1132741872
1653652800000,0.08252,0.08397,0.0799,0.08069,1439603862
1653667200000,0.0807,0.08114,0.0785,0.07955,790561931
1653681600000,0.07955,0.08082,0.07884,0.08082,495362941
1653696000000,0.08081,0.0811,0.07891,0.08012,504325826
1653710400000,0.08011,0.08048,0.07942,0.07987,303382048
1653724800000,0.07988,0.08276,0.07911,0.08221,1034448342
1653739200000,0.08222,0.08262,0.0813,0.08234,587468406
1653753600000,0.08234,0.08243,0.08146,0.08221,272498205
1653768000000,0.0822,0.08228,0.08062,0.08114,306987754
1653782400000,0.08114,0.08146,0.07983,0.08037,363664449
1653796800000,0.08037,0.08124,0.08006,0.08075,258374809
1653811200000,0.08073,0.08172,0.07989,0.08162,522104670
1653825600000,0.08162,0.08232,0.08133,0.08162,474689680
1653840000000,0.08162,0.082,0.07806,0.07929,766139927
1653854400000,0.07929,0.08085,0.07902,0.08052,538403262
1653868800000,0.08051,0.08383,0.08012,0.08305,782055225
1653883200000,0.08305,0.08436,0.08255,0.08343,585652508
1653897600000,0.08342,0.08376,0.08163,0.08243,585756225
1653912000000,0.08243,0.08288,0.08124,0.082,497974811
1653926400000,0.08199,0.08324,0.08166,0.08254,439622235
1653940800000,0.08254,0.08446,0.08236,0.08321,590191781
1653955200000,0.08321,0.08376,0.08164,0.08193,600060365
1653969600000,0.08194,0.08194,0.07989,0.08082,770458296
1653984000000,0.08081,0.08155,0.08031,0.08101,398550380
1653998400000,0.08101,0.0814,0.07923,0.08112,857147480
1654012800000,0.08112,0.08135,0.08023,0.08105,304937013
1654027200000,0.08105,0.08456,0.08103,0.08443,742832254
1654041600000,0.08441,0.0845,0.08204,0.08275,559820799
1654056000000,0.08275,0.08458,0.08229,0.08412,748325498
1654070400000,0.08411,0.09143,0.08397,0.08957,3819722239
1654084800000,0.08957,0.09242,0.088,0.0881,3268107102
1654099200000,0.08809,0.08918,0.08505,0.08563,2227794792
1654113600000,0.08563,0.08564,0.0832,0.08352,1202412222
1654128000000,0.08351,0.08369,0.08101,0.08241,1109154893
1654142400000,0.08242,0.0831,0.08156,0.08239,689184923
1654156800000,0.08238,0.08463,0.08193,0.08445,675027917
1654171200000,0.08446,0.08567,0.08277,0.08489,1322559607
1654185600000,0.08489,0.08529,0.08285,0.08341,578930984
1654200000000,0.08343,0.08462,0.08325,0.08425,376073916
1654214400000,0.08425,0.08644,0.08398,0.08569,493585658
1654228800000,0.0857,0.08594,0.08408,0.08448,373049437
1654243200000,0.08448,0.08483,0.08151,0.08192,809662826
1654257600000,0.08191,0.08229,0.08026,0.08082,803781894
1654272000000,0.08082,0.08174,0.08066,0.08113,317072095
1654286400000,0.08113,0.0822,0.08065,0.08104,318449236
1654300800000,0.08105,0.08131,0.07605,0.07705,1415706680
1654315200000,0.07706,0.0796,0.07677,0.07949,942887767
1654329600000,0.07949,0.08026,0.079,0.0795,436187617
1654344000000,0.07949,0.08022,0.0785,0.08013,723755137
1654358400000,0.0801,0.08054,0.07915,0.08022,390490961
1654372800000,0.08023,0.08079,0.08,0.08037,218190476
1654387200000,0.08037,0.08062,0.07926,0.07962,239191575
1654401600000,0.07962,0.0803,0.07909,0.07983,203257782
1654416000000,0.07983,0.08124,0.07951,0.08097,413862888
1654430400000,0.08097,0.0825,0.08088,0.08198,681998709
1654444800000,0.08199,0.08269,0.0812,0.08221,386110181
1654459200000,0.08221,0.08234,0.08124,0.08143,208280764
1654473600000,0.08144,0.08379,0.081,0.08329,532737710
1654488000000,0.08328,0.08472,0.08279,0.08428,534728243
1654502400000,0.08427,0.08487,0.0834,0.0835,424814923
1654516800000,0.08352,0.08375,0.08204,0.08273,539473489
1654531200000,0.08272,0.08279,0.08148,0.08158,294624078
1654545600000,0.08158,0.08225,0.08121,0.08155,274557216
1654560000000,0.08155,0.08176,0.07876,0.07987,679963701
1654574400000,0.07989,0.08111,0.07956,0.08094,351169397
1654588800000,0.08095,0.08148,0.07974,0.07997,594545350
1654603200000,0.07996,0.08199,0.07973,0.081,479843734
1654617600000,0.08101,0.0825,0.08053,0.08237,454860232
1654632000000,0.08238,0.0831,0.08116,0.08179,484200160
1654646400000,0.08178,0.08264,0.07959,0.0798,471531841
1654660800000,0.07981,0.08134,0.07951,0.08112,319365998
1654675200000,0.08113,0.08155,0.08006,0.08021,297360341
1654689600000,0.08023,0.08129,0.0798,0.08071,450629389
1654704000000,0.08071,0.0814,0.08035,0.08128,236677485
1654718400000,0.08129,0.08138,0.08033,0.08057,147935924
1654732800000,0.08057,0.08106,0.07995,0.08102,203229975
1654747200000,0.08102,0.08168,0.08063,0.08156,197337722
1654761600000,0.08156,0.08193,0.08052,0.08056,310834640
1654776000000,0.08056,0.08148,0.08036,0.08126,371131651
1654790400000,0.08127,0.08165,0.08075,0.08082,206222199
1654804800000,0.08083,0.08139,0.08052,0.08097,139826019
1654819200000,0.08096,0.0814,0.08,0.08119,244519606
1654833600000,0.08119,0.08159,0.08091,0.08093,167967439
1654848000000,0.08093,0.08124,0.0804,0.08083,246950378
1654862400000,0.08085,0.08111,0.07927,0.07991,643827863
1654876800000,0.07991,0.08014,0.07883,0.07917,465930058
1654891200000,0.07918,0.07966,0.07866,0.07884,197550526
1654905600000,0.07884,0.07979,0.07857,0.07932,227705754
1654920000000,0.07932,0.08035,0.07928,0.0801,202600542
1654934400000,0.0801,0.08015,0.0775,0.07781,521814409
1654948800000,0.07781,0.07821,0.07457,0.07545,1009460372
1654963200000,0.07545,0.07735,0.07522,0.07676,481390224
1654977600000,0.07675,0.07675,0.0756,0.07615,223263823
1654992000000,0.07615,0.07665,0.07426,0.07478,577587332
1655006400000,0.07478,0.07527,0.0739,0.07505,409811993
1655020800000,0.07505,0.07665,0.07494,0.07628,496922402
1655035200000,0.07627,0.0786,0.07478,0.07807,1502330033
1655049600000,0.07806,0.0786,0.07661,0.07665,371255092
1655064000000,0.07665,0.07713,0.07581,0.07605,534243653
1655078400000,0.07604,0.07665,0.07238,0.07295,1275858174
1655092800000,0.07295,0.07445,0.05952,0.06061,7329172163
1655107200000,0.06062,0.06767,0.06012,0.06289,9573411761
1655121600000,0.06289,0.0651,0.06133,0.06422,3741541258
1655136000000,0.06423,0.06777,0.06338,0.06421,1934266934
1655150400000,0.06417,0.066,0.06246,0.06381,1334740145
1655164800000,0.06382,0.06498,0.05509,0.06065,4943865673
1655179200000,0.06066,0.064,0.05965,0.06213,2964036913
1655193600000,0.06214,0.06237,0.05801,0.05835,1899323203
1655208000000,0.05835,0.06041,0.05728,0.05923,3436131187
1655222400000,0.05922,0.05963,0.05316,0.05463,3473938537
1655236800000,0.05462,0.05864,0.05147,0.05555,5865720376
1655251200000,0.05553,0.05649,0.05348,0.05386,2647454446
1655265600000,0.05385,0.05387,0.04665,0.04757,8216319617
1655280000000,0.04757,0.05831,0.04567,0.0545,15717898480
1655294400000,0.05451,0.06132,0.05384,0.0552,7923027776
1655308800000,0.0552,0.0635,0.05362,0.05945,8415554564
1655323200000,0.05946,0.064,0.05901,0.06295,2804657202
1655337600000,0.06294,0.06575,0.06265,0.06379,2119478285
1655352000000,0.06379,0.06397,0.06041,0.06077,2842349777
1655366400000,0.06077,0.06165,0.05807,0.05941,3788096873
1655380800000,0.05941,0.06189,0.05881,0.06009,3211847389
1655395200000,0.06008,0.06143,0.05932,0.06028,1599367811
1655409600000,0.06028,0.06085,0.05808,0.05919,1341371971
1655424000000,0.0592,0.06333,0.05853,0.06091,2272712763
1655438400000,0.06092,0.06173,0.06032,0.06115,1178647765
1655452800000,0.06116,0.06177,0.0599,0.06041,893545145
1655467200000,0.0604,0.06075,0.05872,0.06015,1588518533
1655481600000,0.06013,0.06052,0.05964,0.0599,710534151
1655496000000,0.05989,0.06035,0.05963,0.05982,314414924
1655510400000,0.05983,0.06132,0.05947,0.05992,773685040
1655524800000,0.05992,0.061,0.05735,0.05788,1649788977
1655539200000,0.05789,0.06391,0.05683,0.06012,3371119604
1655553600000,0.06012,0.06261,0.05955,0.06142,1383016154
1655568000000,0.06141,0.06212,0.05895,0.05903,1726030827
1655582400000,0.05904,0.062,0.05831,0.06082,1797816399
1655596800000,0.06083,0.06108,0.05961,0.06002,695808604
1655611200000,0.06003,0.06057,0.05955,0.0601,662393804
1655625600000,0.06009,0.06299,0.05999,0.06218,1147776182
1655640000000,0.06217,0.06249,0.06144,0.06214,613915543
1655654400000,0.06214,0.06254,0.05812,0.06116,3632859953
1655668800000,0.06116,0.06241,0.06091,0.06125,835775690
1655683200000,0.06125,0.06151,0.05977,0.0599,797016578
1655697600000,0.05991,0.06046,0.05932,0.06,617477897
1655712000000,0.06,0.06186,0.05992,0.06138,1008003346
1655726400000,0.06138,0.06223,0.06054,0.06165,827088369
1655740800000,0.06165,0.06172,0.06021,0.06074,623671809
1655755200000,0.06075,0.06145,0.06043,0.06108,386580395
1655769600000,0.06108,0.06435,0.0609,0.0625,1036825557
1655784000000,0.06249,0.06365,0.06229,0.06296,710534215
1655798400000,0.06297,0.06587,0.06272,0.06435,1041835950
1655812800000,0.06435,0.06683,0.0641,0.06614,804296238
1655827200000,0.06613,0.06642,0.06509,0.06519,402789201
1655841600000,0.06519,0.06549,0.06435,0.06487,339395157
1655856000000,0.06487,0.06531,0.06373,0.06381,382848389
1655870400000,0.06381,0.06578,0.06373,0.06421,660889937
1655884800000,0.06422,0.06478,0.06387,0.06428,473322521
1655899200000,0.06428,0.06459,0.06318,0.0633,531401477
1655913600000,0.0633,0.06392,0.063,0.06366,397476352
1655928000000,0.06366,0.06374,0.06283,0.06301,315262943
1655942400000,0.06302,0.06446,0.06281,0.0637,264498451
1655956800000,0.0637,0.06464,0.06362,0.06387,279170005
1655971200000,0.06387,0.06422,0.06315,0.06353,355780158
1655985600000,0.06354,0.06388,0.06205,0.06239,517831357
1656000000000,0.06239,0.06293,0.06157,0.06285,359183522
1656014400000,0.06286,0.06379,0.06265,0.06372,330861217
1656028800000,0.06371,0.06475,0.06352,0.06416,407975625
1656043200000,0.06416,0.06474,0.06362,0.06375,340495012
1656057600000,0.06376,0.06575,0.06375,0.06533,436231945
1656072000000,0.06532,0.066,0.06502,0.06517,392912427
1656086400000,0.06516,0.06627,0.06511,0.0662,254790431
1656100800000,0.06622,0.06678,0.06569,0.06578,238788185
1656115200000,0.06577,0.06628,0.06526,0.06569,192131780
1656129600000,0.06569,0.06591,0.06467,0.06559,240427170
1656144000000,0.06559,0.06585,0.06484,0.06489,210868467
1656158400000,0.0649,0.06494,0.06351,0.06358,308022189
1656172800000,0.06358,0.0645,0.06355,0.06431,157723915
1656187200000,0.06432,0.06496,0.06418,0.06473,138522424
1656201600000,0.06473,0.06523,0.06441,0.06473,139399765
1656216000000,0.06472,0.06513,0.06454,0.06483,117600443
1656230400000,0.06482,0.06547,0.0646,0.06535,150575478
1656244800000,0.06535,0.06565,0.06401,0.06429,263679603
1656259200000,0.06429,0.06545,0.06388,0.06534,269790355
1656273600000,0.06534,0.06588,0.06475,0.06496,371105894
1656288000000,0.06495,0.06851,0.06481,0.06776,762692009
1656302400000,0.06776,0.0686,0.06756,0.06811,595614007
1656316800000,0.06812,0.07043,0.06812,0.06931,955121817
1656331200000,0.0693,0.06956,0.06761,0.06795,1023755384
1656345600000,0.06795,0.06834,0.06708,0.06786,515823048
1656360000000,0.06787,0.06849,0.06676,0.06698,323709136
1656374400000,0.06698,0.0671,0.06501,0.06558,498262124
1656388800000,0.06558,0.06688,0.06538,0.06676,328368493
1656403200000,0.06677,0.06818,0.06652,0.06797,466087286
1656417600000,0.06796,0.0683,0.06619,0.06633,463268801
1656432000000,0.06632,0.06785,0.06553,0.06761,647210177
1656446400000,0.0676,0.06763,0.06569,0.0658,353130274
1656460800000,0.0658,0.06654,0.06525,0.06577,316921051
1656475200000,0.06576,0.0659,0.0645,0.06543,388787697
1656489600000,0.06543,0.06606,0.065,0.06546,343144144
1656504000000,0.06546,0.06585,0.06441,0.06489,388208234
1656518400000,0.06488,0.06498,0.06388,0.06496,313816002
1656532800000,0.06497,0.06545,0.06433,0.06482,221186522
1656547200000,0.06483,0.06483,0.06385,0.06462,144058533
1656561600000,0.06462,0.06597,0.06355,0.0637,649596190
1656576000000,0.06371,0.06383,0.0628,0.06344,594585099
1656590400000,0.06345,0.06369,0.06168,0.06343,611826233
1656604800000,0.06343,0.06399,0.06259,0.06342,347697446
1656619200000,0.06343,0.06508,0.06257,0.06475,346626880
1656633600000,0.06474,0.06697,0.06418,0.06485,602650018
1656648000000,0.06484,0.06547,0.06442,0.06507,378713981
1656662400000,0.06508,0.06565,0.06437,0.06506,357160833
1656676800000,0.06507,0.06558,0.06405,0.0643,348879149
1656691200000,0.06429,0.0652,0.06418,0.06509,234172759
1656705600000,0.0651,0.06556,0.06476,0.06505,142409882
1656720000000,0.06505,0.06546,0.06453,0.06463,212110882
1656734400000,0.06464,0.06518,0.06454,0.0649,106722067
1656748800000,0.06491,0.06505,0.06421,0.0648,135703374
1656763200000,0.06479,0.06524,0.0645,0.06472,163105925
1656777600000,0.06471,0.06536,0.06453,0.06527,127279432
1656792000000,0.06526,0.06531,0.06461,0.06465,105197483
1656806400000,0.06466,0.06487,0.06401,0.06413,195411972
1656820800000,0.06413,0.06452,0.06321,0.06335,404456688
1656835200000,0.06336,0.06356,0.06303,0.06329,223398831
1656849600000,0.06329,0.06363,0.06235,0.06353,352668465
1656864000000,0.06352,0.06527,0.06337,0.065,361698145
1656878400000,0.06501,0.06643,0.06498,0.06622,478046451
1656892800000,0.06622,0.06728,0.06584,0.06625,582895022
1656907200000,0.06626,0.06644,0.06555,0.06559,342035331
1656921600000,0.06558,0.06734,0.06538,0.0672,460408723
1656936000000,0.06719,0.06771,0.06636,0.06699,382683669
1656950400000,0.06698,0.06759,0.06684,0.0671,191349427
1656964800000,0.06709,0.06736,0.06668,0.06729,250643212
1656979200000,0.06729,0.06977,0.06725,0.06856,470954992
1656993600000,0.06856,0.069,0.06822,0.06828,206423345
1657008000000,0.06828,0.06833,0.06671,0.06687,363256939
1657022400000,0.06687,0.06723,0.06645,0.06693,282043616
1657036800000,0.06693,0.06823,0.06675,0.06808,270879670
1657051200000,0.06807,0.06896,0.06803,0.06806,256712334
1657065600000,0.06807,0.06847,0.06717,0.06772,190710527
1657080000000,0.06773,0.06828,0.06748,0.06789,176274229
1657094400000,0.06788,0.06857,0.06747,0.06759,221920434
1657108800000,0.06759,0.06778,0.06663,0.06686,285052246
1657123200000,0.06685,0.06749,0.06675,0.06709,214729267
1657137600000,0.0671,0.06788,0.06701,0.06749,136930102
1657152000000,0.06749,0.06771,0.06701,0.06716,116019977
1657166400000,0.06717,0.06726,0.06602,0.06653,464822990
1657180800000,0.06652,0.0677,0.06644,0.06724,275160274
1657195200000,0.06724,0.06846,0.06697,0.06829,292711452
1657209600000,0.06829,0.06882,0.06796,0.06872,194619916
1657224000000,0.06872,0.06878,0.0682,0.06854,134353019
1657238400000,0.06855,0.06983,0.0682,0.0694,236704713
1657252800000,0.06941,0.06954,0.0685,0.06873,178835854
1657267200000,0.06873,0.06886,0.06802,0.06819,195303042
1657281600000,0.06818,0.06878,0.06755,0.06852,307426003
1657296000000,0.06852,0.06943,0.06801,0.0692,254501592
1657310400000,0.0692,0.06949,0.06879,0.06894,116086065
1657324800000,0.06893,0.07018,0.06887,0.0697,206478927
1657339200000,0.0697,0.07032,0.0695,0.07014,149274246
1657353600000,0.07014,0.07163,0.07008,0.07071,306320036
1657368000000,0.07071,0.07112,0.07033,0.07086,265701685
1657382400000,0.07086,0.07098,0.07001,0.0701,172429025
1657396800000,0.07009,0.07033,0.06965,0.06973,112006064
1657411200000,0.06973,0.07006,0.06869,0.06901,186975669
1657425600000,0.069,0.06904,0.06836,0.06886,127447954
1657440000000,0.06886,0.06895,0.06814,0.06864,149537550
1657454400000,0.06864,0.06887,0.06742,0.0675,257116951
1657468800000,0.0675,0.06784,0.06713,0.06753,145613062
1657483200000,0.06752,0.06775,0.0671,0.06755,141364198
1657497600000,0.06755,0.0677,0.06641,0.06658,183573426
1657512000000,0.06658,0.06667,0.06562,0.06597,233873671
1657526400000,0.06597,0.06663,0.06582,0.06618,129855656
1657540800000,0.06618,0.06658,0.06533,0.06543,202258164
1657555200000,0.06543,0.06598,0.06535,0.06558,145364329
1657569600000,0.06559,0.06573,0.06442,0.06468,230705924
1657584000000,0.06468,0.06535,0.06427,0.06523,169902025
1657598400000,0.06524,0.06572,0.06447,0.06459,174226581
1657612800000,0.06458,0.06524,0.06447,0.06513,205370217
1657627200000,0.06513,0.0655,0.0648,0.06527,173394535
1657641600000,0.06526,0.06555,0.06452,0.06458,165417057
1657656000000,0.06458,0.06521,0.06444,0.06453,167620942
1657670400000,0.06452,0.06522,0.0643,0.06516,139461108
1657684800000,0.06516,0.0657,0.06498,0.06563,110243820
1657699200000,0.06562,0.0659,0.0654,0.06567,133296113
1657713600000,0.06565,0.06614,0.06352,0.06462,696306720
1657728000000,0.06463,0.06571,0.06426,0.06532,255034730
1657742400000,0.06531,0.0665,0.06518,0.06621,170011631
1657756800000,0.0662,0.06656,0.06597,0.0661,140612421
1657771200000,0.06611,0.06613,0.06535,0.06545,109608724
1657785600000,0.06546,0.06551,0.06512,0.06531,109588740
1657800000000,0.06531,0.06608,0.06492,0.06602,243526906
1657814400000,0.06602,0.06753,0.06591,0.06711,293314400
1657828800000,0.06712,0.06726,0.06664,0.06674,93513882
1657843200000,0.06674,0.06742,0.06643,0.06707,112636918
1657857600000,0.06707,0.06735,0.06691,0.06727,102388560
1657872000000,0.06727,0.06765,0.06713,0.06715,108903532
1657886400000,0.06715,0.06745,0.0668,0.06687,124606050
1657900800000,0.06686,0.06777,0.06655,0.06766,122861999
1657915200000,0.06767,0.06795,0.06695,0.06698,88926177
1657929600000,0.06699,0.06707,0.06653,0.06698,78992938
1657944000000,0.06698,0.06703,0.06602,0.06611,104671952
1657958400000,0.0661,0.06674,0.06607,0.06655,87979720
1657972800000,0.06653,0.06745,0.0665,0.06742,136713357
1657987200000,0.06741,0.06947,0.06735,0.06891,348838497
1658001600000,0.06891,0.06928,0.06866,0.06889,104292738
1658016000000,0.06889,0.06918,0.06833,0.06878,96694347
1658030400000,0.06879,0.06935,0.0687,0.06889,81696224
1658044800000,0.0689,0.06903,0.06812,0.06861,126572644
1658059200000,0.06862,0.06873,0.06797,0.06845,101770419
1658073600000,0.06845,0.06853,0.06726,0.06765,173972702
1658088000000,0.06765,0.06793,0.06728,0.06738,73550717
1658102400000,0.06739,0.06874,0.0672,0.0686,153682538
1658116800000,0.06861,0.07009,0.06838,0.06981,318955944
1658131200000,0.0698,0.07078,0.06933,0.06974,271376008
1658145600000,0.06974,0.07014,0.06925,0.06993,200346486
1658160000000,0.06993,0.07002,0.06755,0.06803,277666590
1658174400000,0.06804,0.06915,0.06731,0.06876,239284608
1658188800000,0.06875,0.06947,0.06754,0.06785,317306260
1658203200000,0.06785,0.06842,0.06756,0.06785,160349315
1658217600000,0.06785,0.06895,0.06779,0.06854,150577102
1658232000000,0.06854,0.06924,0.06792,0.06877,366256481
1658246400000,0.06877,0.0695,0.06864,0.06897,220659926
1658260800000,0.06898,0.06983,0.06886,0.06901,217834866
1658275200000,0.06902,0.06921,0.06822,0.06908,176704607
1658289600000,0.06908,0.07032,0.06908,0.06916,299856761
1658304000000,0.06915,0.06977,0.06862,0.06932,203484117
1658318400000,0.06933,0.0696,0.06853,0.06902,246105804
1658332800000,0.06901,0.06911,0.06786,0.0683,174128995
1658347200000,0.0683,0.06833,0.06703,0.06744,270169652
1658361600000,0.06745,0.06785,0.06654,0.06664,188473722
1658376000000,0.06665,0.06737,0.06631,0.06693,178688894
1658390400000,0.06694,0.06747,0.06656,0.067,146494129
1658404800000,0.06701,0.06742,0.06671,0.06733,148956106
1658419200000,0.06734,0.068,0.06731,0.06794,135162798
1658433600000,0.06793,0.0682,0.06767,0.06795,82681058
1658448000000,0.06795,0.06855,0.06785,0.06816,100096015
1658462400000,0.06817,0.06888,0.06812,0.0686,119434761
1658476800000,0.0686,0.06904,0.0685,0.06889,119448897
1658491200000,0.06888,0.06898,0.06733,0.06736,224864502
1658505600000,0.06736,0.06774,0.06667,0.06676,139370624
1658520000000,0.06676,0.06716,0.06647,0.06692,98549033
1658534400000,0.06691,0.06764,0.06662,0.06748,80274869
1658548800000,0.06748,0.06785,0.06694,0.06712,111802181
1658563200000,0.06712,0.06731,0.06634,0.0664,108320924
1658577600000,0.0664,0.06668,0.06614,0.06637,106358443
1658592000000,0.06636,0.0665,0.06585,0.0664,103792713
1658606400000,0.06639,0.06709,0.06631,0.0669,102364517
1658620800000,0.0669,0.06736,0.06668,0.06678,108347204
1658635200000,0.06678,0.06754,0.06659,0.06727,133183536
1658649600000,0.06728,0.0676,0.06692,0.06733,64665643
1658664000000,0.06734,0.06747,0.06677,0.06736,87898829
1658678400000,0.06737,0.0675,0.06695,0.0673,62244347
1658692800000,0.0673,0.06777,0.0667,0.06677,104958415
1658707200000,0.06676,0.06694,0.06522,0.06535,198750345
1658721600000,0.06536,0.06581,0.06522,0.06567,99660452
1658736000000,0.06567,0.06572,0.06484,0.06527,122115995
1658750400000,0.06528,0.0653,0.06423,0.06446,263902903
1658764800000,0.06447,0.06488,0.06388,0.06442,165908013
1658779200000,0.06443,0.06508,0.06354,0.06359,199647648
1658793600000,0.0636,0.0636,0.06283,0.0634,213161512
1658808000000,0.0634,0.0637,0.06336,0.06358,78669208
1658822400000,0.06358,0.06419,0.06351,0.06402,124268377
1658836800000,0.06402,0.06473,0.06354,0.06427,257239666
1658851200000,0.06426,0.06483,0.0642,0.06448,210930322
1658865600000,0.06448,0.06538,0.06429,0.0653,220084731
1658880000000,0.0653,0.06561,0.0651,0.06511,163935591
1658894400000,0.06512,0.06651,0.06496,0.06608,263934771
1658908800000,0.06607,0.06635,0.06577,0.06588,119806859
1658923200000,0.06588,0.06688,0.06576,0.06637,214555624
1658937600000,0.06638,0.06815,0.06583,0.06801,382031844
1658952000000,0.068,0.06874,0.06786,0.06862,151946334
1658966400000,0.06863,0.06887,0.06766,0.06834,213030762
1658980800000,0.06835,0.06864,0.06793,0.06802,98455804
1658995200000,0.06802,0.06899,0.06788,0.06894,148617536
1659009600000,0.06894,0.06931,0.06743,0.06917,340202395
1659024000000,0.06916,0.07016,0.06894,0.06966,220732361
1659038400000,0.06966,0.07044,0.06954,0.06962,149560029
1659052800000,0.06963,0.07003,0.06916,0.06991,113515967
1659067200000,0.06992,0.0707,0.06979,0.07011,181631195
1659081600000,0.07011,0.07208,0.06983,0.07048,321812509
1659096000000,0.07048,0.07102,0.06902,0.06926,341907594
1659110400000,0.06925,0.06931,0.06811,0.06885,220391208
1659124800000,0.06889,0.07014,0.06871,0.06918,139093497
1659139200000,0.06917,0.06979,0.06886,0.0694,119790160
1659153600000,0.06939,0.07004,0.06888,0.06989,95636239
1659168000000,0.0699,0.07047,0.06951,0.07021,147543864
1659182400000,0.0702,0.07098,0.07014,0.07088,192245527
1659196800000,0.07088,0.07132,0.06989,0.07014,195398469
1659211200000,0.07013,0.07042,0.06891,0.06907,157648096
1659225600000,0.06907,0.06962,0.06877,0.06922,86941337
1659240000000,0.06923,0.06964,0.06914,0.06937,69657460
1659254400000,0.06937,0.06992,0.06888,0.06973,86810595
1659268800000,0.06973,0.07052,0.06947,0.07033,135024137
1659283200000,0.07034,0.07081,0.0694,0.07002,181538400
1659297600000,0.07001,0.07019,0.0685,0.06878,125598284
1659312000000,0.06877,0.06957,0.06862,0.06955,74028465
1659326400000,0.06955,0.06977,0.06908,0.06947,84736449
1659340800000,0.06947,0.0696,0.06862,0.06908,93312838
1659355200000,0.06907,0.06957,0.06826,0.06913,173772896
1659369600000,0.06913,0.06923,0.0682,0.06865,146489605
1659384000000,0.06865,0.07154,0.06858,0.06979,504193230
1659398400000,0.06979,0.07045,0.06841,0.06855,249653083
1659412800000,0.06856,0.06864,0.06774,0.0683,192419769
1659427200000,0.06829,0.06889,0.06802,0.06853,244080212
1659441600000,0.06853,0.06894,0.06767,0.06884,270180695
1659456000000,0.06886,0.06943,0.06851,0.06869,147604592
1659470400000,0.0687,0.06884,0.06812,0.06823,105576164
1659484800000,0.06824,0.06826,0.06717,0.06799,189072964
1659499200000,0.068,0.06888,0.06795,0.0683,115792984
1659513600000,0.0683,0.06897,0.0683,0.06893,87707869
1659528000000,0.06892,0.06923,0.06845,0.0687,147368195
1659542400000,0.06868,0.06909,0.06858,0.06883,85757092
1659556800000,0.06884,0.06892,0.06755,0.06773,138544843
1659571200000,0.06773,0.06833,0.06749,0.06814,141841698
1659585600000,0.06815,0.06864,0.06775,0.0679,130729542
1659600000000,0.06789,0.06806,0.06757,0.0678,85555074
1659614400000,0.0678,0.06872,0.06757,0.06858,131973992
1659628800000,0.06859,0.06957,0.06787,0.06884,325326750
1659643200000,0.06883,0.06933,0.06859,0.06884,96036703
1659657600000,0.06885,0.06947,0.06805,0.06941,207437164
1659672000000,0.06941,0.06968,0.06927,0.06936,79254912
1659686400000,0.06937,0.07003,0.06908,0.07001,139023215
1659700800000,0.07,0.0701,0.06888,0.06894,186464043
1659715200000,0.06893,0.06937,0.06879,0.06923,85985768
1659729600000,0.06923,0.06987,0.06914,0.06983,75605458
1659744000000,0.06984,0.0699,0.06945,0.06977,73959584
1659758400000,0.06978,0.07014,0.06965,0.07007,76886135
1659772800000,0.07007,0.07015,0.06979,0.06994,67611471
1659787200000,0.06994,0.07059,0.06986,0.06997,160018364
1659801600000,0.06997,0.07008,0.06937,0.06978,91376253
1659816000000,0.06978,0.0699,0.06919,0.06939,63546925
1659830400000,0.0694,0.06976,0.06903,0.06934,113558007
1659844800000,0.06934,0.0697,0.06917,0.06968,88245991
1659859200000,0.06967,0.06986,0.06938,0.0698,63362386
1659873600000,0.06979,0.07034,0.06972,0.06991,139484517
1659888000000,0.0699,0.07021,0.06979,0.06994,43706721
1659902400000,0.06993,0.07024,0.06945,0.06955,55845455
1659916800000,0.06954,0.07009,0.06947,0.0697,90747270
1659931200000,0.0697,0.07043,0.06962,0.07037,122356903
1659945600000,0.07037,0.07087,0.07026,0.07078,132565349
1659960000000,0.07077,0.07108,0.07002,0.07016,159995811
1659974400000,0.07016,0.07042,0.06985,0.07035,74072028
1659988800000,0.07034,0.07058,0.06976,0.07004,88723591
1660003200000,0.07003,0.0704,0.06966,0.07024,80851701
1660017600000,0.07025,0.07091,0.07008,0.0706,96275826
1660032000000,0.07061,0.07099,0.06896,0.06906,267972879
1660046400000,0.06906,0.06932,0.06815,0.06844,205735559
1660060800000,0.06844,0.06891,0.06836,0.06859,148903111
1660075200000,0.06859,0.06896,0.06821,0.06832,107107850
1660089600000,0.06832,0.06847,0.06771,0.06813,115654831
1660104000000,0.06813,0.06859,0.06807,0.06849,75051475
1660118400000,0.06849,0.06888,0.06832,0.06879,84304940
1660132800000,0.06879,0.07044,0.06866,0.07014,335705501
1660147200000,0.07014,0.07027,0.06956,0.06968,83322469
1660161600000,0.06969,0.07033,0.06968,0.07032,60959610
1660176000000,0.07033,0.07114,0.07018,0.07068,185867720
1660190400000,0.07069,0.07111,0.07063,0.07075,118509192
1660204800000,0.07075,0.07079,0.0704,0.07066,113837935
1660219200000,0.07066,0.0711,0.07021,0.07031,194726796
1660233600000,0.07031,0.07088,0.07021,0.07047,102792530
1660248000000,0.07048,0.07076,0.06991,0.0703,109064643
1660262400000,0.07031,0.07072,0.06967,0.07063,108203299
1660276800000,0.07063,0.07069,0.06965,0.07032,187589184
1660291200000,0.07033,0.07049,0.06921,0.06944,183912107
1660305600000,0.06945,0.06995,0.06936,0.06989,114996718
1660320000000,0.06989,0.07014,0.06962,0.07003,79449422
1660334400000,0.07002,0.07045,0.06979,0.07038,65680459
1660348800000,0.07038,0.07111,0.07012,0.07096,144215473
1660363200000,0.07096,0.07122,0.06992,0.06996,155301906
1660377600000,0.06995,0.0702,0.0695,0.06999,210658603
1660392000000,0.07,0.07005,0.06962,0.06994,81219361
1660406400000,0.06993,0.07018,0.06954,0.06967,77795155
1660420800000,0.06967,0.07021,0.0696,0.0699,71433707
1660435200000,0.0699,0.07016,0.06935,0.07014,89594972
1660449600000,0.07014,0.07076,0.0699,0.0705,126024611
1660464000000,0.07051,0.07241,0.07024,0.07117,534350903
1660478400000,0.07117,0.07144,0.07026,0.0712,252197579
1660492800000,0.07121,0.07121,0.06991,0.07052,217109640
1660507200000,0.07052,0.07077,0.07008,0.07032,95021724
1660521600000,0.07032,0.07116,0.07004,0.07037,204925751
1660536000000,0.07037,0.07039,0.06855,0.06883,463980526
1660550400000,0.06883,0.0691,0.06823,0.06836,201652844
1660564800000,0.06835,0.06874,0.06815,0.06866,160726786
1660579200000,0.06865,0.06904,0.06851,0.06885,111317980
1660593600000,0.06886,0.0692,0.0684,0.06881,117491136
1660608000000,0.06882,0.06923,0.0683,0.06884,133478831
1660622400000,0.06885,0.06903,0.06826,0.06896,131688409
1660636800000,0.06897,0.06937,0.06889,0.06899,113540474
1660651200000,0.06899,0.0705,0.06842,0.06976,397956512
1660665600000,0.06977,0.06999,0.06921,0.06958,187966268
1660680000000,0.06957,0.06973,0.06917,0.06968,82074849
1660694400000,0.06968,0.07019,0.06954,0.07012,156237512
1660708800000,0.07012,0.07102,0.06991,0.07,278721602
1660723200000,0.07,0.07043,0.06969,0.06977,170383203
1660737600000,0.06978,0.06983,0.06841,0.06855,281311861
1660752000000,0.06855,0.0692,0.06824,0.0684,129177289
1660766400000,0.0684,0.06864,0.06782,0.06825,140272559
1660780800000,0.06826,0.06846,0.06743,0.0677,158157928
1660795200000,0.0677,0.06857,0.06746,0.06816,165734547
1660809600000,0.06815,0.06842,0.06794,0.06831,106844071
1660824000000,0.06831,0.06861,0.06785,0.06815,132291663
1660838400000,0.06814,0.06829,0.06777,0.06817,91897943
1660852800000,0.06817,0.06838,0.06722,0.06733,133440372
1660867200000,0.06734,0.06734,0.06588,0.0663,268765378
1660881600000,0.06631,0.06651,0.06408,0.06504,331020062
1660896000000,0.06504,0.06505,0.06406,0.0646,224325360
1660910400000,0.06461,0.06534,0.06439,0.0652,179871774
1660924800000,0.06519,0.0656,0.06433,0.06469,207576023
1660939200000,0.06469,0.06488,0.06378,0.06398,165005015
1660953600000,0.06398,0.06521,0.06384,0.06514,131285302
1660968000000,0.06514,0.06553,0.06488,0.06529,137913053
1660982400000,0.06528,0.06555,0.06507,0.06542,100294743
1660996800000,0.06542,0.06559,0.06515,0.06548,152962833
1661011200000,0.06548,0.0658,0.06493,0.06522,234159759
1661025600000,0.06523,0.06586,0.06475,0.06575,185898403
1661040000000,0.06574,0.06595,0.06515,0.06524,99900275
1661054400000,0.06523,0.06534,0.06452,0.06503,174797791
1661068800000,0.06503,0.06558,0.065,0.06552,140445537
1661083200000,0.06552,0.06573,0.06521,0.06551,96891133
1661097600000,0.06551,0.06608,0.06528,0.06586,148155010
1661112000000,0.06586,0.06634,0.06541,0.06584,142681393
1661126400000,0.06585,0.06615,0.06555,0.06576,105988876
1661140800000,0.06575,0.06624,0.06534,0.06541,144988560
1661155200000,0.0654,0.06544,0.06465,0.06509,218648215
1661169600000,0.06509,0.0655,0.06477,0.06537,162775347
1661184000000,0.06537,0.06558,0.06446,0.06462,125153333
1661198400000,0.06463,0.06566,0.06457,0.0656,101186724
1661212800000,0.06559,0.06679,0.06552,0.06566,425114021
1661227200000,0.06566,0.06581,0.06478,0.06561,251065777
1661241600000,0.06561,0.06614,0.06546,0.06591,171874875
1661256000000,0.06591,0.06637,0.06556,0.06616,135686019
1661270400000,0.06615,0.06639,0.06576,0.06611,106110261
1661284800000,0.0661,0.06642,0.06588,0.0663,63958253
1661299200000,0.0663,0.0664,0.06485,0.06507,181144550
1661313600000,0.06507,0.06549,0.06495,0.06516,122988328
1661328000000,0.06517,0.06552,0.06504,0.06546,123983273
1661342400000,0.06546,0.06568,0.06518,0.06556,120296924
1661356800000,0.06557,0.06584,0.06504,0.06526,167802297
1661371200000,0.06526,0.06554,0.06463,0.06473,139219938
1661385600000,0.06474,0.06529,0.06461,0.065,128217539
1661400000000,0.065,0.06574,0.06499,0.06561,116313828
1661414400000,0.06561,0.0657,0.06512,0.06541,110096228
1661428800000,0.0654,0.06549,0.06492,0.06519,97906392
1661443200000,0.0652,0.06539,0.06498,0.06536,69974023
1661457600000,0.06537,0.06558,0.06522,0.06543,58469191
1661472000000,0.06544,0.06544,0.06497,0.06528,99686677
1661486400000,0.06528,0.06548,0.06481,0.06497,111620957
1661500800000,0.06496,0.06561,0.06428,0.06457,301125748
1661515200000,0.06458,0.06558,0.06302,0.0633,493135997
1661529600000,0.0633,0.06333,0.06188,0.06217,283971340
1661544000000,0.06218,0.0624,0.06127,0.06148,189043587
1661558400000,0.06148,0.06196,0.06128,0.06173,124194311
1661572800000,0.06172,0.06218,0.06102,0.06215,199580893
1661587200000,0.06216,0.06237,0.06178,0.06217,135949706
1661601600000,0.06217,0.06268,0.06186,0.06235,154488119
1661616000000,0.06236,0.0627,0.06199,0.06261,106187153
1661630400000,0.06261,0.063,0.06232,0.06283,124982854
1661644800000,0.06283,0.06314,0.06256,0.06265,94402396
1661659200000,0.06266,0.06302,0.06256,0.06294,64532883
1661673600000,0.06293,0.06304,0.0624,0.06258,102853221
1661688000000,0.06259,0.06268,0.06225,0.06259,116632106
1661702400000,0.0626,0.06278,0.0622,0.06226,92354484
1661716800000,0.06225,0.06238,0.06127,0.06135,146335024
1661731200000,0.06135,0.06176,0.06083,0.06171,215348986
1661745600000,0.06172,0.06187,0.06148,0.0617,88903771
1661760000000,0.06169,0.06189,0.0616,0.0618,121802265
1661774400000,0.06179,0.06309,0.06174,0.06284,219047944
1661788800000,0.06283,0.06339,0.06278,0.06283,105461186
1661803200000,0.06283,0.06345,0.06281,0.06333,83039536
1661817600000,0.06334,0.0636,0.06291,0.06322,102132871
1661832000000,0.06323,0.06374,0.06284,0.06323,133873433
1661846400000,0.06324,0.06345,0.06299,0.06313,101595485
1661860800000,0.06312,0.06704,0.06281,0.06522,2077894259
1661875200000,0.06522,0.0653,0.06391,0.06487,594132924
1661889600000,0.06487,0.0651,0.06427,0.06466,203675439
1661904000000,0.06466,0.06543,0.06457,0.06539,197085340
1661918400000,0.06539,0.06588,0.06431,0.06439,202229495
1661932800000,0.0644,0.06459,0.06401,0.06435,176269356
1661947200000,0.06435,0.06453,0.06338,0.06361,266095556
1661961600000,0.06361,0.06378,0.063,0.06353,174588259
1661976000000,0.06352,0.06385,0.06322,0.06332,68651346
1661990400000,0.06332,0.06367,0.06297,0.06307,127009053
1662004800000,0.06307,0.06364,0.06254,0.06267,198524175
1662019200000,0.06267,0.06318,0.06262,0.06314,126342202
1662033600000,0.06314,0.06318,0.06211,0.06225,169412438
1662048000000,0.06225,0.06278,0.062,0.06273,142361158
1662062400000,0.06273,0.06327,0.06272,0.06325,81298912
1662076800000,0.06325,0.06337,0.06268,0.06329,89870700
1662091200000,0.06328,0.06336,0.06303,0.06315,61613047
1662105600000,0.06315,0.0632,0.06267,0.06294,93219988
1662120000000,0.06294,0.0636,0.06275,0.06342,172158284
1662134400000,0.06341,0.06348,0.06221,0.06234,135364572
1662148800000,0.06235,0.06263,0.06222,0.06254,56370082
1662163200000,0.06254,0.06273,0.06243,0.06256,46091875
1662177600000,0.06257,0.06296,0.06229,0.06244,67458405
1662192000000,0.06243,0.06284,0.0624,0.06269,48521665
1662206400000,0.0627,0.06298,0.06259,0.06287,54367072
1662220800000,0.06287,0.06306,0.06257,0.06277,63595879
1662235200000,0.06276,0.06315,0.0627,0.06308,51879427
1662249600000,0.06308,0.06322,0.06247,0.06262,85520169
1662264000000,0.06263,0.06301,0.06257,0.06259,105364477
1662278400000,0.06258,0.0632,0.06251,0.06316,104905170
1662292800000,0.06317,0.06336,0.0627,0.06311,84164369
1662307200000,0.06312,0.06366,0.06294,0.06331,101789538
1662321600000,0.0633,0.06352,0.06309,0.06347,80557586
1662336000000,0.06348,0.06366,0.06297,0.06317,83489561
1662350400000,0.06318,0.06338,0.06267,0.06282,102833318
1662364800000,0.06281,0.06301,0.06234,0.06269,129204489
1662379200000,0.06269,0.063,0.06254,0.06278,132696708
1662393600000,0.06279,0.0628,0.06241,0.06243,73336774
1662408000000,0.06243,0.06315,0.06238,0.0629,134717222
1662422400000,0.0629,0.06365,0.0627,0.06318,167295027
1662436800000,0.06319,0.06352,0.06298,0.06328,119231262
1662451200000,0.06327,0.06404,0.06324,0.06393,156066736
1662465600000,0.06393,0.06404,0.063,0.06312,176772393
1662480000000,0.06311,0.06318,0.06067,0.06076,416618243
1662494400000,0.06076,0.06096,0.06034,0.06062,129032884
1662508800000,0.06062,0.06065,0.05994,0.06025,179695924
1662523200000,0.06026,0.0607,0.06017,0.06063,74172490
1662537600000,0.06063,0.06071,0.06009,0.06029,89643440
1662552000000,0.06028,0.06083,0.06012,0.06066,121161141
1662566400000,0.06067,0.06125,0.06062,0.06102,98716534
1662580800000,0.06102,0.06191,0.061,0.06175,129748183
1662595200000,0.06176,0.0619,0.06,0.06087,378438589
1662609600000,0.06086,0.06101,0.06039,0.06071,148167663
1662624000000,0.0607,0.06129,0.06054,0.06105,163284829
1662638400000,0.06104,0.06113,0.06,0.06059,268185704
1662652800000,0.06059,0.06111,0.06031,0.0611,90550420
1662667200000,0.06109,0.06123,0.06087,0.06121,70421580
1662681600000,0.06121,0.06188,0.0611,0.06182,128097693
1662696000000,0.06182,0.063,0.06181,0.0629,244753894
1662710400000,0.0629,0.06317,0.06283,0.06311,131929832
1662724800000,0.0631,0.06371,0.06262,0.06321,234162187
1662739200000,0.0632,0.0634,0.06283,0.06338,116272235
1662753600000,0.06338,0.06364,0.06295,0.06338,84291763
1662768000000,0.06338,0.06366,0.06292,0.06332,90529269
1662782400000,0.06331,0.06389,0.06315,0.06329,109334872
1662796800000,0.06328,0.06375,0.06324,0.06372,86953329
1662811200000,0.06372,0.06396,0.06324,0.06386,124552014
1662825600000,0.06387,0.06446,0.06372,0.06438,195800792
1662840000000,0.06438,0.06477,0.06393,0.06474,126688334
1662854400000,0.06473,0.06484,0.0644,0.06475,127371970
1662868800000,0.06475,0.06499,0.06369,0.0642,157155224
1662883200000,0.06421,0.06434,0.06391,0.06412,53482114
1662897600000,0.06413,0.06428,0.06376,0.06422,75733718
1662912000000,0.06423,0.0644,0.06401,0.06408,63850301
1662926400000,0.06408,0.06424,0.0634,0.06416,104342289
1662940800000,0.06415,0.06476,0.06344,0.0638,232951306
1662955200000,0.0638,0.06425,0.06352,0.06424,71825077
1662969600000,0.06424,0.06447,0.06368,0.06405,142449237
1662984000000,0.06405,0.06428,0.06335,0.06344,189724715
1662998400000,0.06345,0.06368,0.06301,0.06355,132649123
1663012800000,0.06355,0.06392,0.06343,0.06382,82169735
1663027200000,0.06382,0.06385,0.06285,0.06339,115555075
1663041600000,0.06339,0.06377,0.06331,0.06373,69414459
1663056000000,0.06373,0.06381,0.06341,0.06364,79102384
1663070400000,0.06363,0.06392,0.06133,0.06141,373290450
1663084800000,0.06141,0.06164,0.06074,0.06116,163396546
1663099200000,0.06117,0.06136,0.06053,0.06057,92954213
1663113600000,0.06057,0.06127,0.06044,0.06111,97115660
1663128000000,0.06111,0.06126,0.06077,0.06098,98251699
1663142400000,0.06097,0.06137,0.06079,0.06128,102280236
1663156800000,0.06128,0.06172,0.06099,0.06134,158907720
1663171200000,0.06135,0.06152,0.06076,0.06128,97713239
1663185600000,0.06129,0.06165,0.06101,0.06158,65309928
1663200000000,0.06157,0.06164,0.06045,0.0606,140884626
1663214400000,0.06059,0.06196,0.06052,0.0618,238295239
1663228800000,0.06181,0.06181,0.06139,0.06156,94429241
1663243200000,0.06155,0.06177,0.06065,0.06107,175408468
1663257600000,0.06107,0.06143,0.06104,0.06134,80526629
1663272000000,0.06134,0.06147,0.06088,0.06124,86604795
1663286400000,0.06123,0.06156,0.06086,0.0614,108945175
1663300800000,0.0614,0.06158,0.06122,0.06129,69129750
1663315200000,0.06128,0.06155,0.06086,0.06145,99669974
1663329600000,0.06145,0.06147,0.0606,0.06103,252591344
1663344000000,0.06103,0.0611,0.06047,0.06097,144662615
1663358400000,0.06097,0.0613,0.06076,0.06128,89113285
1663372800000,0.06129,0.0618,0.06126,0.06165,100674477
1663387200000,0.06165,0.06184,0.06128,0.06146,70919757
1663401600000,0.06146,0.0616,0.06129,0.06138,49969391
1663416000000,0.06137,0.06189,0.06135,0.06172,103325213
1663430400000,0.06173,0.0622,0.06167,0.06189,81941467
1663444800000,0.06188,0.06235,0.0618,0.06224,61647843
1663459200000,0.06224,0.06226,0.06181,0.06203,61812135
1663473600000,0.06203,0.06242,0.06199,0.06225,55807444
1663488000000,0.06225,0.06235,0.06145,0.06212,110287703
1663502400000,0.06213,0.06261,0.06182,0.06248,134928482
1663516800000,0.06249,0.06261,0.06146,0.0619,163955296
1663531200000,0.06189,0.0619,0.06068,0.06068,204785572
1663545600000,0.06069,0.06118,0.05976,0.06008,299381811
1663560000000,0.06009,0.06035,0.05931,0.05956,221756967
1663574400000,0.05956,0.05993,0.05912,0.05958,170455101
1663588800000,0.05958,0.06021,0.0594,0.05971,176513070
1663603200000,0.05971,0.06028,0.05943,0.06025,127377623
1663617600000,0.06024,0.06041,0.05996,0.06025,69410792
1663632000000,0.06025,0.06049,0.06003,0.06038,110350213
1663646400000,0.06038,0.06064,0.06008,0.06031,83129707
1663660800000,0.0603,0.06036,0.06004,0.06014,80860105
1663675200000,0.06013,0.06039,0.05964,0.06002,175872014
1663689600000,0.06002,0.06016,0.05937,0.05964,155708121
1663704000000,0.05964,0.05979,0.05932,0.05974,102625165
1663718400000,0.05973,0.06005,0.05961,0.05999,67593412
1663732800000,0.05998,0.06019,0.05923,0.05944,124979779
1663747200000,0.05943,0.05981,0.05922,0.05973,102754341
1663761600000,0.05974,0.05992,0.05943,0.05965,115783497
1663776000000,0.05965,0.0616,0.05951,0.06016,497211876
1663790400000,0.06017,0.06017,0.05856,0.05897,205350501
1663804800000,0.05897,0.05921,0.05862,0.05906,122507825
1663819200000,0.05906,0.05963,0.05906,0.05959,74309484
1663833600000,0.05958,0.06016,0.0594,0.05984,161544837
1663848000000,0.05984,0.05988,0.0592,0.05951,92625590
1663862400000,0.05951,0.0602,0.05923,0.06001,89969674
1663876800000,0.06,0.06044,0.05982,0.06015,85291569
1663891200000,0.06015,0.06071,0.06015,0.06071,113558372
1663905600000,0.06071,0.06115,0.06044,0.06048,145100636
1663920000000,0.06048,0.06076,0.05987,0.05993,122090117
1663934400000,0.05993,0.06016,0.05911,0.05969,148065053
1663948800000,0.05968,0.05985,0.05937,0.0598,102535568
1663963200000,0.05979,0.06061,0.05978,0.06038,99682925
1663977600000,0.06038,0.06095,0.06015,0.06066,93931018
1663992000000,0.06067,0.06089,0.05976,0.06021,124171797
1664006400000,0.0602,0.06047,0.06,0.06044,67674143
1664020800000,0.06044,0.06057,0.06012,0.06024,64626725
1664035200000,0.06025,0.06049,0.06008,0.06011,54747206
1664049600000,0.0601,0.06017,0.0595,0.05978,86364831
1664064000000,0.05978,0.0602,0.05958,0.06017,49352725
1664078400000,0.06016,0.06018,0.0598,0.06002,43375537
1664092800000,0.06002,0.06027,0.05986,0.0602,38971638
1664107200000,0.06021,0.06027,0.05961,0.05987,65358529
1664121600000,0.05986,0.06,0.05943,0.05979,78446920
1664136000000,0.05979,0.05996,0.05937,0.05966,93720639
1664150400000,0.05965,0.05983,0.05906,0.05917,136634488
1664164800000,0.05917,0.05945,0.05887,0.05941,139133888
1664179200000,0.05941,0.05987,0.05908,0.05916,119667136
1664193600000,0.05915,0.05986,0.05907,0.05968,96072878
1664208000000,0.05969,0.0597,0.05924,0.05955,83465369
1664222400000,0.05956,0.05958,0.0591,0.05955,70011877
1664236800000,0.05956,0.06063,0.05951,0.0603,175625738
1664251200000,0.06031,0.06067,0.06023,0.06053,84186404
1664265600000,0.06053,0.06057,0.06017,0.06038,75859351
1664280000000,0.06038,0.06086,0.06032,0.06042,114544481
1664294400000,0.06041,0.06057,0.05891,0.05922,218361726
1664308800000,0.05921,0.05945,0.05894,0.05933,65291436
1664323200000,0.05932,0.05953,0.05829,0.05884,169972214
1664337600000,0.05883,0.05908,0.05856,0.05903,83409660
1664352000000,0.05903,0.05917,0.05831,0.05883,177578084
1664366400000,0.05882,0.05932,0.05881,0.05927,103075362
1664380800000,0.05927,0.05967,0.05904,0.05958,100476518
1664395200000,0.05957,0.05988,0.05948,0.05949,67893978
1664409600000,0.05949,0.06021,0.05945,0.06021,122622086
1664424000000,0.06021,0.06042,0.05976,0.06002,128891944
1664438400000,0.06002,0.06026,0.0599,0.06014,90158887
1664452800000,0.06014,0.06022,0.05927,0.05999,179799114
1664467200000,0.05999,0.06032,0.05972,0.05997,103467927
1664481600000,0.05997,0.062,0.05997,0.06097,517163962
1664496000000,0.06097,0.06158,0.06067,0.06101,283633209
1664510400000,0.061,0.06112,0.06018,0.06036,158559471
1664524800000,0.06036,0.06117,0.06035,0.06091,154008992
1664539200000,0.06091,0.0623,0.06053,0.06171,392493592
1664553600000,0.0617,0.06192,0.06109,0.06117,167116747
1664568000000,0.06116,0.06131,0.06078,0.06097,84466231
1664582400000,0.06096,0.06146,0.06091,0.06122,91138677
1664596800000,0.06122,0.06126,0.06067,0.06089,65810119
1664611200000,0.06089,0.06118,0.06074,0.06105,73693150
1664625600000,0.06105,0.06126,0.06087,0.06115,62335435
1664640000000,0.06114,0.06119,0.06002,0.06028,202212040
1664654400000,0.06028,0.06054,0.05997,0.06045,57583379
1664668800000,0.06046,0.06066,0.06034,0.06047,49475984
1664683200000,0.06047,0.06075,0.06032,0.06063,80999416
1664697600000,0.06063,0.06196,0.06063,0.06133,609580776
1664712000000,0.06133,0.06168,0.06113,0.06154,210304479
1664726400000,0.06153,0.06188,0.0614,0.06166,187527293
1664740800000,0.06166,0.06172,0.0605,0.06086,157913955
1664755200000,0.06086,0.06139,0.06062,0.06112,113460415
1664769600000,0.06111,0.06122,0.0608,0.06121,105813400
1664784000000,0.06121,0.0614,0.06089,0.06134,140555492
1664798400000,0.06133,0.06138,0.06085,0.06103,127476565
1664812800000,0.06104,0.06144,0.06097,0.06125,155763660
1664827200000,0.06125,0.06147,0.06121,0.06131,74623304
1664841600000,0.06132,0.06147,0.06105,0.06113,72545286
1664856000000,0.06112,0.06143,0.061,0.06125,122946328
1664870400000,0.06126,0.06154,0.06101,0.06142,128865816
1664884800000,0.06143,0.06187,0.06123,0.06167,154195970
1664899200000,0.06168,0.0622,0.06162,0.06218,153246869
1664913600000,0.06218,0.06246,0.0619,0.06231,135926069
1664928000000,0.06232,0.0625,0.06206,0.06211,112159087
1664942400000,0.06211,0.06273,0.06205,0.06241,140650469
1664956800000,0.06242,0.06244,0.06196,0.06208,123807819
1664971200000,0.06207,0.06227,0.06185,0.06223,119409370
1664985600000,0.06223,0.06263,0.06218,0.0622,111139828
1665000000000,0.06221,0.06254,0.06211,0.0624,77684552
1665014400000,0.0624,0.06293,0.06186,0.06269,193794727
1665028800000,0.0627,0.06281,0.06231,0.06245,90798222
1665043200000,0.06244,0.0629,0.06226,0.06271,166999867
1665057600000,0.06271,0.06278,0.06222,0.06251,106957221
1665072000000,0.06251,0.06278,0.06237,0.06246,63252304
1665086400000,0.06246,0.06319,0.06223,0.06275,237028090
1665100800000,0.06275,0.06329,0.06272,0.06299,191586297
1665115200000,0.06299,0.06321,0.06266,0.06282,117282766
1665129600000,0.06282,0.06297,0.06265,0.0627,87077039
1665144000000,0.0627,0.06275,0.06205,0.06228,226311387
1665158400000,0.06229,0.0625,0.06189,0.06246,107823366
1665172800000,0.06246,0.06249,0.06227,0.06248,51913586
1665187200000,0.06247,0.06272,0.06241,0.0625,50784892
1665201600000,0.0625,0.06252,0.06186,0.06223,109206230
1665216000000,0.06224,0.06244,0.06209,0.06224,53375776
1665230400000,0.06225,0.06231,0.06204,0.06231,60071396
1665244800000,0.06231,0.06258,0.06211,0.06226,67846891
1665259200000,0.06227,0.06242,0.06161,0.06202,101890781
1665273600000,0.06201,0.0623,0.06195,0.06211,55552664
1665288000000,0.06211,0.06229,0.06188,0.06218,49763552
1665302400000,0.06219,0.0625,0.06215,0.06238,58676544
1665316800000,0.06239,0.06263,0.06235,0.06254,62842297
1665331200000,0.06254,0.06277,0.06239,0.06263,69647302
1665345600000,0.06262,0.06266,0.0622,0.06233,46405804
1665360000000,0.06233,0.06294,0.06223,0.0629,149655159
1665374400000,0.0629,0.0647,0.06289,0.06417,1040204588
1665388800000,0.06417,0.06527,0.06341,0.06394,1143129006
1665403200000,0.06395,0.06407,0.06345,0.06375,377399575
1665417600000,0.06374,0.06375,0.06323,0.06351,193708416
1665432000000,0.0635,0.064,0.06263,0.06269,269324663
1665446400000,0.06268,0.06269,0.06122,0.06159,382378503
1665460800000,0.06158,0.06178,0.0612,0.06167,139126181
1665475200000,0.06167,0.06199,0.06147,0.06198,110847647
1665489600000,0.06198,0.06205,0.06125,0.06169,199619711
1665504000000,0.06169,0.06178,0.06113,0.06145,132038011
1665518400000,0.06146,0.06179,0.0613,0.06163,86362825
1665532800000,0.06163,0.06166,0.06109,0.06143,156751829
1665547200000,0.06144,0.064,0.06143,0.06389,621709234
1665561600000,0.06388,0.06448,0.06264,0.0629,812785010
1665576000000,0.06291,0.06325,0.06181,0.06204,467544525
1665590400000,0.06203,0.0623,0.06172,0.06217,178021203
1665604800000,0.06218,0.06228,0.06157,0.06167,93669712
1665619200000,0.06167,0.06224,0.0613,0.06168,266752395
1665633600000,0.06169,0.06183,0.06006,0.06034,329537680
1665648000000,0.06033,0.06055,0.0593,0.06022,319328399
1665662400000,0.06022,0.06059,0.0588,0.06052,391843619
1665676800000,0.06051,0.06114,0.06022,0.0608,189917361
1665691200000,0.06081,0.06126,0.0608,0.06096,82541875
1665705600000,0.06095,0.06197,0.06065,0.06172,222014660
1665720000000,0.06172,0.06206,0.0614,0.06197,175226009
1665734400000,0.06197,0.06204,0.06156,0.06162,145468656
1665748800000,0.06162,0.06601,0.06158,0.06356,1746911748
1665763200000,0.06356,0.06398,0.06314,0.06347,342061010
1665777600000,0.06346,0.06435,0.06323,0.06389,467022241
1665792000000,0.0639,0.06511,0.06389,0.06418,722933884
1665806400000,0.06418,0.06418,0.06307,0.06334,471240919
1665820800000,0.06334,0.06349,0.06244,0.06259,399311795
1665835200000,0.06259,0.06269,0.06207,0.06212,296738755
1665849600000,0.06212,0.06253,0.0621,0.06246,133744154
1665864000000,0.06247,0.06247,0.06164,0.06172,190919764
1665878400000,0.06171,0.06197,0.0614,0.06172,199171130
1665892800000,0.06172,0.06202,0.06162,0.06184,114217954
1665907200000,0.06184,0.0619,0.06119,0.06155,190808227
1665921600000,0.06154,0.06173,0.06115,0.06145,160106038
1665936000000,0.06144,0.06173,0.06112,0.06172,155988692
1665950400000,0.06171,0.06184,0.06129,0.06181,119072626
1665964800000,0.06181,0.06227,0.06158,0.06226,165137694
1665979200000,0.06225,0.06304,0.06204,0.06249,226835143
1665993600000,0.0625,0.06271,0.06227,0.06246,147162510
1666008000000,0.06246,0.06271,0.06194,0.06217,181434455
1666022400000,0.06218,0.06284,0.0621,0.06281,178447740
1666036800000,0.06281,0.06287,0.06234,0.06262,120209432
1666051200000,0.06262,0.06297,0.06219,0.06253,149878054
1666065600000,0.06252,0.06287,0.0624,0.06275,119786232
1666080000000,0.06275,0.06279,0.06216,0.06255,114963886
1666094400000,0.06256,0.06283,0.06185,0.06251,189237942
1666108800000,0.0625,0.06255,0.06162,0.0618,167563924
1666123200000,0.0618,0.06229,0.06174,0.06215,137868301
1666137600000,0.06214,0.0628,0.06201,0.06259,208458714
1666152000000,0.06259,0.06318,0.06232,0.06263,255008342
1666166400000,0.06263,0.06301,0.06246,0.06293,220990891
1666180800000,0.06294,0.06301,0.06207,0.06259,242279424
1666195200000,0.06258,0.06262,0.06226,0.06248,94321257
1666209600000,0.06248,0.06256,0.06161,0.06168,137115677
1666224000000,0.06168,0.06195,0.06138,0.06189,148469249
1666238400000,0.0619,0.0624,0.06189,0.06233,102703130
1666252800000,0.06233,0.06243,0.06207,0.06231,102715938
1666267200000,0.06231,0.06265,0.06208,0.06236,131081948
1666281600000,0.06236,0.06265,0.06191,0.06232,161743048
1666296000000,0.06233,0.06247,0.06195,0.0621,105707992
1666310400000,0.0621,0.06293,0.06207,0.06246,255054032
1666324800000,0.06246,0.06251,0.0621,0.06219,108977911
1666339200000,0.06218,0.06221,0.0608,0.06099,334445775
1666353600000,0.06099,0.06167,0.0606,0.06167,231120242
1666368000000,0.06166,0.06178,0.0613,0.06162,119097082
1666382400000,0.06163,0.06171,0.06138,0.06162,60895846
1666396800000,0.06162,0.0617,0.06111,0.06142,125761210
1666411200000,0.06141,0.06143,0.06109,0.06121,66317180
1666425600000,0.06122,0.06158,0.06121,0.06149,79466052
1666440000000,0.06149,0.06166,0.06125,0.06159,92848044
1666454400000,0.06158,0.0618,0.0615,0.06177,69408048
1666468800000,0.06178,0.06196,0.06147,0.06155,91644033
1666483200000,0.06155,0.06193,0.06154,0.06175,105869211
1666497600000,0.06175,0.06183,0.0611,0.06136,97305092
1666512000000,0.06136,0.06147,0.061,0.06115,86511329
1666526400000,0.06116,0.0615,0.06113,0.0614,75658613
1666540800000,0.0614,0.06171,0.0612,0.06158,104657763
1666555200000,0.06159,0.06199,0.06149,0.06182,133862638
1666569600000,0.06182,0.062,0.06123,0.06133,129836639
1666584000000,0.06133,0.06147,0.06116,0.06128,85995711
1666598400000,0.06129,0.06176,0.06127,0.06167,106812275
1666612800000,0.06166,0.06166,0.06119,0.06143,128562297
1666627200000,0.06143,0.0618,0.06134,0.06169,92866595
1666641600000,0.06169,0.06181,0.06123,0.06127,119986588
1666656000000,0.06127,0.06156,0.06109,0.06153,143251557
1666670400000,0.06153,0.06162,0.06141,0.06152,71562220
1666684800000,0.06151,0.06153,0.06121,0.06133,88182196
1666699200000,0.06133,0.06198,0.06125,0.06187,201926744
1666713600000,0.06187,0.06286,0.06172,0.06253,336480177
1666728000000,0.06253,0.06261,0.06209,0.06229,116067056
1666742400000,0.0623,0.0627,0.0622,0.06252,115890946
1666756800000,0.06253,0.06288,0.06249,0.06269,136411140
1666771200000,0.06269,0.06332,0.06244,0.06288,219749541
1666785600000,0.06287,0.0636,0.06246,0.06307,307250838
1666800000000,0.06308,0.06335,0.06278,0.06324,124389301
1666814400000,0.06323,0.06376,0.06301,0.06338,118287778
1666828800000,0.06338,0.06393,0.06331,0.06389,164882391
1666843200000,0.06389,0.06414,0.06327,0.06365,202364698
1666857600000,0.06365,0.06386,0.06317,0.06344,116531468
1666872000000,0.06343,0.06371,0.06312,0.06342,155684128
1666886400000,0.06343,0.06369,0.06322,0.06363,77115674
1666900800000,0.06363,0.06364,0.06259,0.06292,206766268
1666915200000,0.06291,0.06309,0.06253,0.0628,124340826
1666929600000,0.06279,0.063,0.0626,0.06265,85720918
1666944000000,0.06266,0.06324,0.06256,0.06306,122959300
1666958400000,0.06306,0.06356,0.06286,0.06323,181630206
1666972800000,0.06322,0.06355,0.06308,0.06352,88093749
1666987200000,0.06351,0.06375,0.06336,0.06351,74096754
1667001600000,0.0635,0.06399,0.06341,0.0639,86154964
1667016000000,0.0639,0.06434,0.06357,0.06412,114857989
1667030400000,0.06411,0.06451,0.06366,0.0638,145858844
1667044800000,0.0638,0.06414,0.06354,0.0636,158680787
1667059200000,0.0636,0.06439,0.0635,0.06408,225586048
1667073600000,0.06408,0.06432,0.06363,0.06423,145293100
1667088000000,0.06423,0.06442,0.0637,0.06416,120422643
1667102400000,0.06416,0.06457,0.06394,0.06455,96639611
1667116800000,0.06456,0.0648,0.06367,0.06403,158176939
1667131200000,0.06403,0.06407,0.06313,0.06338,136092813
1667145600000,0.06338,0.06364,0.06312,0.06347,74047085
1667160000000,0.06348,0.06362,0.06285,0.06307,76423673
1667174400000,0.06306,0.06323,0.06239,0.06282,160355504
1667188800000,0.0628,0.06305,0.06238,0.06276,118827748
1667203200000,0.06277,0.06332,0.06252,0.06329,176391223
1667217600000,0.06329,0.0633,0.06223,0.06268,176053545
1667232000000,0.06268,0.06309,0.06247,0.06296,116833365
1667246400000,0.06297,0.06338,0.06287,0.06321,94794082
1667260800000,0.06322,0.06338,0.06297,0.06321,100060809
1667275200000,0.06322,0.06339,0.06311,0.06324,84854563
1667289600000,0.06324,0.06339,0.06267,0.06298,104948700
1667304000000,0.06297,0.06301,0.06246,0.06273,126759979
1667318400000,0.06272,0.06284,0.06256,0.06273,76808123
1667332800000,0.06273,0.06286,0.06264,0.06272,46454935
1667347200000,0.06272,0.06273,0.06241,0.06261,104991334
1667361600000,0.06261,0.06302,0.06203,0.0622,147510744
1667376000000,0.0622,0.0628,0.06192,0.06216,201796947
1667390400000,0.06216,0.06252,0.06205,0.06243,97912446
1667404800000,0.06243,0.06325,0.06167,0.06178,362276246
1667419200000,0.06178,0.06185,0.06133,0.06151,134592508
1667433600000,0.0615,0.06222,0.06136,0.06184,171935067
1667448000000,0.06184,0.06234,0.06172,0.06205,121348246
1667462400000,0.06206,0.06245,0.06167,0.06183,141269919
1667476800000,0.06182,0.06208,0.06161,0.06178,143457037
1667491200000,0.06177,0.06188,0.0616,0.06169,83667085
1667505600000,0.06169,0.06187,0.06146,0.06165,104398549
1667520000000,0.06166,0.06195,0.06146,0.06189,109086023
1667534400000,0.0619,0.06255,0.06182,0.06255,162947116
1667548800000,0.06254,0.06298,0.06223,0.06236,188095856
1667563200000,0.06236,0.06348,0.06211,0.06293,289642278
1667577600000,0.06294,0.06344,0.06279,0.06344,106724812
1667592000000,0.06343,0.0638,0.06318,0.0638,76214482
1667606400000,0.0638,0.06477,0.06366,0.06436,244264964
1667620800000,0.06436,0.06449,0.06409,0.06431,117859756
1667635200000,0.06432,0.06441,0.06356,0.06435,150828533
1667649600000,0.06434,0.06441,0.06351,0.06389,160479702
1667664000000,0.06388,0.06409,0.06363,0.06392,86193679
1667678400000,0.06392,0.064,0.06307,0.06358,98511919
1667692800000,0.06358,0.06375,0.06323,0.06362,95895713
1667707200000,0.06363,0.0639,0.06341,0.06385,59359823
1667721600000,0.06384,0.06536,0.06381,0.06501,475017904
1667736000000,0.065,0.06505,0.06402,0.06432,213793388
1667750400000,0.06433,0.06445,0.06357,0.06364,173662367
1667764800000,0.06364,0.06393,0.06247,0.06263,183617228
1667779200000,0.06263,0.06297,0.06238,0.06271,147234531
1667793600000,0.06271,0.06298,0.06185,0.06196,126009399
1667808000000,0.06196,0.06247,0.06182,0.06235,116478950
1667822400000,0.06234,0.06255,0.06201,0.0625,133514610
1667836800000,0.0625,0.06276,0.06212,0.06266,126481124
1667851200000,0.06266,0.06273,0.06172,0.06222,132063471
1667865600000,0.06222,0.06273,0.06073,0.06088,287665634
1667880000000,0.06087,0.06105,0.05951,0.06085,393286122
1667894400000,0.06085,0.06144,0.06059,0.06102,175543159
1667908800000,0.06102,0.06139,0.06061,0.06139,222327648
1667923200000,0.0614,0.06311,0.05555,0.05785,1067804998
1667937600000,0.05784,0.05905,0.05687,0.05869,467228750
1667952000000,0.05868,0.05905,0.05815,0.05842,331012579
1667966400000,0.05842,0.06568,0.05783,0.06276,3219397517
1667980800000,0.06276,0.06295,0.05831,0.05953,1501081256
1667995200000,0.05953,0.05997,0.05785,0.05816,1124323015
1668009600000,0.05815,0.05927,0.05517,0.05628,1256767846
1668024000000,0.05629,0.05677,0.05272,0.0534,795115523
1668038400000,0.0534,0.05621,0.05224,0.05522,984416049
1668052800000,0.05524,0.06045,0.05467,0.05708,1845492455
1668067200000,0.05709,0.05723,0.05419,0.05512,1120210147
1668081600000,0.05512,0.06,0.05501,0.05857,1200635134
1668096000000,0.05856,0.0627,0.05712,0.05838,1781405316
1668110400000,0.05838,0.05882,0.05684,0.05774,440578320
1668124800000,0.05774,0.05804,0.0558,0.05625,405371582
1668139200000,0.05625,0.05745,0.05602,0.05732,254217694
1668153600000,0.05731,0.05833,0.0569,0.05703,360635937
1668168000000,0.05703,0.05776,0.05492,0.05566,480599901
1668182400000,0.05565,0.0559,0.05408,0.05516,375866000
1668196800000,0.05515,0.05611,0.05447,0.05597,129502943
1668211200000,0.05597,0.05606,0.0546,0.05474,198976619
1668225600000,0.05474,0.05508,0.05278,0.05398,447784132
1668240000000,0.05399,0.05476,0.05362,0.05445,199894363
1668254400000,0.05446,0.0549,0.05422,0.05461,160807758
1668268800000,0.05461,0.05509,0.05451,0.05495,154546824
1668283200000,0.05495,0.05548,0.05462,0.05497,179278145
1668297600000,0.05498,0.05631,0.0548,0.05563,351315842
1668312000000,0.05563,0.05577,0.05242,0.05319,673000667
1668326400000,0.05319,0.05321,0.05129,0.05243,1026646076
1668340800000,0.05242,0.05264,0.05103,0.05174,665916166
1668355200000,0.05174,0.05184,0.0502,0.05123,565384688
1668369600000,0.05122,0.05142,0.05044,0.05078,284171709
1668384000000,0.05078,0.0513,0.04649,0.04718,1238940389
1668398400000,0.04718,0.05156,0.04461,0.05016,3954097038
1668412800000,0.05016,0.05071,0.04912,0.04998,799017025
1668427200000,0.04998,0.0532,0.04876,0.04926,1525575109
1668441600000,0.04925,0.04961,0.04799,0.04829,563100120
1668456000000,0.04829,0.05034,0.04819,0.05007,363131044
1668470400000,0.05008,0.0515,0.04914,0.05024,646863757
1668484800000,0.05023,0.05068,0.04971,0.05045,315266843
1668499200000,0.05044,0.05134,0.05018,0.05087,399714195
1668513600000,0.05087,0.05183,0.0506,0.0509,352072675
1668528000000,0.0509,0.05135,0.04984,0.05034,246003493
1668542400000,0.05034,0.0508,0.05007,0.0507,173630522
1668556800000,0.0507,0.05113,0.05013,0.05106,213172455
1668571200000,0.05107,0.05124,0.05069,0.05082,168217333
1668585600000,0.05083,0.05174,0.05023,0.05048,585242115
1668600000000,0.05049,0.05065,0.04954,0.04979,487125834
1668614400000,0.0498,0.0503,0.04936,0.04959,305215678
1668628800000,0.04959,0.05047,0.04946,0.0501,160335785
1668643200000,0.05011,0.0504,0.04984,0.04989,219624316
1668657600000,0.04989,0.05016,0.04946,0.04993,253545346
1668672000000,0.04993,0.04997,0.04888,0.04934,289744739
1668686400000,0.04934,0.04991,0.04868,0.04932,371039067
1668700800000,0.04931,0.05024,0.04921,0.04983,259555472
1668715200000,0.04983,0.05021,0.04983,0.05002,114757440
1668729600000,0.05002,0.05105,0.04999,0.05063,268583104
1668744000000,0.05062,0.05082,0.05024,0.05059,184027359
1668758400000,0.05059,0.05098,0.05029,0.05076,179968961
1668772800000,0.05077,0.05082,0.05035,0.05062,164495410
1668787200000,0.05063,0.05086,0.05028,0.05055,188204949
1668801600000,0.05055,0.0507,0.05033,0.05065,86232085
1668816000000,0.05065,0.05094,0.05043,0.0508,119314503
1668830400000,0.05079,0.05239,0.05078,0.0516,604632479
1668844800000,0.05161,0.0519,0.05132,0.05187,236079029
1668859200000,0.05187,0.05248,0.05156,0.05239,331675861
1668873600000,0.05239,0.05268,0.05191,0.05204,216226624
1668888000000,0.05203,0.05242,0.05187,0.0521,125863778
1668902400000,0.0521,0.0524,0.05194,0.05204,134545051
1668916800000,0.05204,0.05228,0.05167,0.05187,136015136
1668931200000,0.05187,0.05189,0.05057,0.05071,278968171
1668945600000,0.05072,0.05107,0.05049,0.05104,189365726
1668960000000,0.05104,0.05108,0.05043,0.05081,145541517
1668974400000,0.0508,0.05083,0.04967,0.05004,222309214
1668988800000,0.05004,0.05007,0.04908,0.05004,414977297
1669003200000,0.05003,0.05037,0.04975,0.05003,249070855
1669017600000,0.05003,0.0507,0.04983,0.05048,288491421
1669032000000,0.05048,0.05151,0.0504,0.05131,363800900
1669046400000,0.05131,0.05132,0.05007,0.05051,452684701
1669060800000,0.05051,0.05171,0.05048,0.05151,435838564
1669075200000,0.05151,0.05262,0.05139,0.05206,458005310
1669089600000,0.05206,0.05207,0.051,0.05127,251060515
1669104000000,0.05127,0.05133,0.04869,0.04909,1280571320
1669118400000,0.04908,0.0525,0.04903,0.05049,1736851467
1669132800000,0.05048,0.05063,0.05001,0.0503,245726108
1669147200000,0.0503,0.05072,0.05011,0.05067,175991503
1669161600000,0.05067,0.05138,0.05011,0.05137,373476623
1669176000000,0.05136,0.05175,0.05121,0.05154,199394496
1669190400000,0.05155,0.05188,0.05069,0.05098,323756864
1669204800000,0.05098,0.05111,0.05056,0.05078,180759233
1669219200000,0.05077,0.05168,0.05046,0.05122,241933757
1669233600000,0.05123,0.05185,0.05118,0.05177,143261576
1669248000000,0.05176,0.05232,0.05131,0.05211,282266613
1669262400000,0.0521,0.0523,0.05184,0.05205,118656845
1669276800000,0.05204,0.0522,0.05146,0.05177,234023762
1669291200000,0.05177,0.05381,0.05173,0.05256,1058572504
1669305600000,0.05256,0.0538,0.05224,0.05325,455959987
1669320000000,0.05325,0.05329,0.05275,0.05278,134363652
1669334400000,0.05278,0.05284,0.0519,0.05224,251063502
1669348800000,0.05224,0.05288,0.05201,0.05275,389072552
1669363200000,0.05275,0.05333,0.05226,0.05301,413366626
1669377600000,0.05301,0.05341,0.0527,0.05288,231794971
1669392000000,0.05287,0.05319,0.05275,0.05283,134893973
1669406400000,0.05283,0.05308,0.05274,0.05293,77092473
1669420800000,0.05293,0.05329,0.05287,0.05319,141268434
1669435200000,0.0532,0.0535,0.0531,0.05332,110462069
1669449600000,0.05333,0.05365,0.05328,0.05344,101125642
1669464000000,0.05344,0.05354,0.05267,0.05293,196369070
1669478400000,0.05294,0.05305,0.0525,0.05275,127851548
1669492800000,0.05276,0.05292,0.05236,0.05274,87091564
1669507200000,0.05274,0.05319,0.05272,0.05308,75771066
1669521600000,0.05308,0.05349,0.05305,0.05334,103109494
1669536000000,0.05334,0.0536,0.05308,0.05354,145683221
1669550400000,0.05354,0.05426,0.05342,0.05396,285336229
1669564800000,0.05396,0.0542,0.05366,0.05395,163798923
1669579200000,0.05394,0.05412,0.05295,0.05324,231186584
1669593600000,0.05324,0.05398,0.05181,0.05246,569509799
1669608000000,0.05245,0.05322,0.05236,0.05286,261590147
1669622400000,0.05286,0.05293,0.0525,0.05263,94455813
1669636800000,0.05263,0.05324,0.05261,0.05303,185325672
1669651200000,0.05303,0.05378,0.0528,0.05309,412495467
1669665600000,0.0531,0.05316,0.05285,0.05293,88447055
1669680000000,0.05293,0.05357,0.05265,0.05351,142807433
1669694400000,0.0535,0.05444,0.05345,0.05387,447632388
1669708800000,0.05387,0.05456,0.05372,0.05376,252090655
1669723200000,0.05376,0.05384,0.05327,0.05356,152237469
1669737600000,0.05356,0.05365,0.05328,0.05351,84553154
1669752000000,0.05352,0.05371,0.05316,0.05323,129653274
1669766400000,0.05322,0.05446,0.05322,0.05379,285857785
1669780800000,0.05379,0.05412,0.05377,0.05403,90667871
1669795200000,0.05403,0.05433,0.05393,0.05416,109852126
1669809600000,0.05415,0.05422,0.05379,0.05421,116590216
1669824000000,0.0542,0.05455,0.05347,0.05429,260039574
1669838400000,0.0543,0.05477,0.05425,0.05456,128425262
1669852800000,0.05457,0.05471,0.05424,0.0546,104320340
1669867200000,0.0546,0.05465,0.0544,0.05441,87194781
1669881600000,0.05442,0.0551,0.05438,0.0546,191714988
1669896000000,0.05461,0.05487,0.05391,0.05434,303870859
1669910400000,0.05435,0.05444,0.05413,0.05418,87076464
1669924800000,0.05419,0.05434,0.05395,0.05413,77952401
1669939200000,0.05414,0.05433,0.05374,0.05395,113286029
1669953600000,0.05395,0.05427,0.05374,0.05421,108222455
1669968000000,0.05421,0.05448,0.05416,0.05435,88455074
1669982400000,0.05434,0.05442,0.05388,0.05417,136229892
1669996800000,0.05418,0.05434,0.05407,0.05433,67259139
1670011200000,0.05433,0.05446,0.05423,0.05441,67135769
1670025600000,0.0544,0.05465,0.05385,0.05394,143340006
1670040000000,0.05395,0.05404,0.0537,0.05386,84723215
1670054400000,0.05387,0.05402,0.05369,0.05401,65164290
1670068800000,0.054,0.05408,0.0539,0.05394,70384454
1670083200000,0.05395,0.05401,0.05381,0.05393,47949298
1670097600000,0.05392,0.05395,0.05346,0.05353,85706622
1670112000000,0.05353,0.05413,0.0535,0.05389,91684543
1670126400000,0.05389,0.05399,0.05291,0.05318,291885652
1670140800000,0.05318,0.05334,0.05295,0.0531,140867063
1670155200000,0.0531,0.05329,0.05287,0.05324,132170367
1670169600000,0.05325,0.05333,0.05303,0.05322,102478274
1670184000000,0.05321,0.05323,0.05296,0.05303,84397592
1670198400000,0.05303,0.05339,0.05288,0.05316,161635342
1670212800000,0.05317,0.05368,0.05303,0.0534,185952357
1670227200000,0.0534,0.05369,0.05332,0.05343,161686488
1670241600000,0.05343,0.05363,0.05318,0.05335,173462579
1670256000000,0.05335,0.05355,0.05288,0.05301,147690246
1670270400000,0.05301,0.05334,0.05295,0.0533,66322717
1670284800000,0.05331,0.05342,0.05317,0.05328,84973361
1670299200000,0.05328,0.05332,0.05254,0.05281,195023300
1670313600000,0.05281,0.05294,0.0525,0.05267,103636062
1670328000000,0.05266,0.05349,0.05262,0.0531,351846802
1670342400000,0.05311,0.05329,0.05279,0.053,125196490
1670356800000,0.05301,0.05373,0.05299,0.05358,171973094
1670371200000,0.05359,0.05363,0.05325,0.05333,76791867
1670385600000,0.05333,0.05342,0.05232,0.05245,191010872
1670400000000,0.05246,0.053,0.05234,0.05289,164178362
1670414400000,0.05289,0.0534,0.05288,0.05315,335306346
1670428800000,0.05315,0.05333,0.05304,0.05316,113517532
1670443200000,0.05316,0.05318,0.05288,0.0531,81332467
1670457600000,0.0531,0.05358,0.0529,0.05332,168038572
1670472000000,0.05332,0.0535,0.05318,0.05339,110918986
1670486400000,0.05339,0.05347,0.05296,0.05336,102141272
1670500800000,0.05336,0.05363,0.05329,0.05348,145546318
1670515200000,0.05349,0.05435,0.05345,0.05401,191187252
1670529600000,0.05401,0.05491,0.05393,0.05446,192762694
1670544000000,0.05445,0.0546,0.05425,0.0543,127712024
1670558400000,0.0543,0.05478,0.05425,0.05475,85060822
1670572800000,0.05474,0.05499,0.05458,0.05489,149303133
1670587200000,0.0549,0.05515,0.05441,0.05462,240375413
1670601600000,0.05463,0.05485,0.05457,0.05471,125811703
1670616000000,0.05471,0.05485,0.05454,0.05462,107889769
1670630400000,0.05461,0.05498,0.05459,0.05485,90540080
1670644800000,0.05485,0.05504,0.0548,0.05488,75696164
1670659200000,0.05488,0.05498,0.05466,0.05498,105446060
1670673600000,0.05498,0.05544,0.05483,0.05503,159602125
1670688000000,0.05502,0.05586,0.05487,0.05506,286989266
1670702400000,0.05506,0.0551,0.05467,0.05478,110383987
1670716800000,0.05479,0.05495,0.05473,0.05484,48806974
1670731200000,0.05484,0.0549,0.05474,0.0548,54044799
1670745600000,0.05481,0.05481,0.05438,0.05446,114684980
1670760000000,0.05445,0.05454,0.05428,0.05431,82470097
1670774400000,0.05431,0.05439,0.05407,0.05419,99523821
1670788800000,0.05419,0.05419,0.05369,0.05393,147300962
1670803200000,0.05393,0.05395,0.05295,0.05319,190547634
1670817600000,0.0532,0.05345,0.05183,0.05197,482933998
1670832000000,0.05196,0.05346,0.05187,0.05264,552653862
1670846400000,0.05264,0.05273,0.05217,0.05258,298213356
1670860800000,0.05258,0.05302,0.0525,0.05296,146728967
1670875200000,0.05296,0.05377,0.0528,0.05348,211557729
1670889600000,0.05349,0.05356,0.05299,0.05301,110381450
1670904000000,0.05301,0.05329,0.05236,0.05277,294460827
1670918400000,0.05278,0.05341,0.0526,0.05332,268328650
1670932800000,0.05332,0.05438,0.05316,0.05423,461838623
1670947200000,0.05423,0.0545,0.05408,0.05436,172874129
1670961600000,0.05435,0.05452,0.05424,0.05445,80847019
1670976000000,0.05445,0.05522,0.05441,0.05509,145754848
1670990400000,0.05508,0.05518,0.05467,0.05495,124828332
1671004800000,0.05495,0.0551,0.0545,0.05501,191407868
1671019200000,0.05502,0.05656,0.05499,0.05646,358059301
1671033600000,0.05646,0.05766,0.05601,0.05625,841754900
1671048000000,0.05626,0.05662,0.05552,0.05554,280472593
1671062400000,0.05554,0.05609,0.05505,0.05589,264232537
1671076800000,0.0559,0.05613,0.05555,0.05563,154369721
1671091200000,0.05563,0.05567,0.05525,0.05558,171472471
1671105600000,0.05558,0.05573,0.05519,0.05556,243287219
1671120000000,0.05556,0.056,0.05555,0.0559,174474613
1671134400000,0.0559,0.0559,0.0556,0.05575,112573023
1671148800000,0.05575,0.05618,0.05511,0.05531,217528879
1671163200000,0.05531,0.05603,0.05519,0.05594,142116212
1671177600000,0.05594,0.05614,0.05447,0.05475,432906172
1671192000000,0.05475,0.05518,0.05421,0.05463,305010447
1671206400000,0.05463,0.05476,0.05429,0.05466,218426454
1671220800000,0.05466,0.05484,0.05247,0.0529,416663723
1671235200000,0.05289,0.05334,0.05176,0.05216,419254413
1671249600000,0.05216,0.05322,0.05206,0.05317,244285267
1671264000000,0.05317,0.05374,0.05306,0.05361,202271818
1671278400000,0.05362,0.05425,0.05345,0.05353,340409119
1671292800000,0.05352,0.05362,0.05324,0.05351,190059128
1671307200000,0.05352,0.055,0.05341,0.05482,396410095
1671321600000,0.05482,0.05522,0.05438,0.05488,258760722
1671336000000,0.05488,0.055,0.05314,0.05325,310902285
1671350400000,0.05324,0.05439,0.05317,0.05407,390198801
1671364800000,0.05408,0.0542,0.05348,0.0535,216744353
1671379200000,0.05349,0.05415,0.0534,0.05365,165542647
1671393600000,0.05365,0.05409,0.05358,0.05373,136428762
1671408000000,0.05373,0.05429,0.05356,0.05371,221532360
1671422400000,0.05371,0.05413,0.05341,0.05349,169785347
1671436800000,0.05348,0.05385,0.05346,0.05379,131376655
1671451200000,0.05379,0.05425,0.05378,0.05386,209593845
1671465600000,0.05385,0.054,0.05345,0.05368,278139193
1671480000000,0.05369,0.05374,0.05293,0.05352,223818234
1671494400000,0.05352,0.05417,0.05343,0.05412,247095491
1671508800000,0.05411,0.05473,0.05409,0.05428,204857019
1671523200000,0.0543,0.05442,0.05409,0.05422,101999782
1671537600000,0.05422,0.0549,0.05421,0.0545,212585795
1671552000000,0.05451,0.05458,0.05424,0.05453,106885917
1671566400000,0.05453,0.05532,0.0544,0.05494,243545513
1671580800000,0.05494,0.05508,0.05456,0.0547,117379998
1671595200000,0.0547,0.055,0.05452,0.05481,89718156
1671609600000,0.05483,0.05548,0.05473,0.05525,251064585
1671624000000,0.05526,0.05535,0.0548,0.05503,188427414
1671638400000,0.05503,0.05504,0.05462,0.05467,98567600
1671652800000,0.05467,0.05492,0.05449,0.05489,104607688
1671667200000,0.05487,0.05518,0.05479,0.05503,108097361
1671681600000,0.05504,0.05532,0.05489,0.05524,125028560
1671696000000,0.05524,0.05544,0.05507,0.05513,172446497
1671710400000,0.05513,0.05523,0.05464,0.05483,203209496
1671724800000,0.05484,0.05508,0.05457,0.05505,167279936
1671739200000,0.05506,0.05587,0.05503,0.05548,268012545
1671753600000,0.05548,0.05567,0.05537,0.05542,120544806
1671768000000,0.05542,0.05547,0.05475,0.05491,217894633
1671782400000,0.05491,0.05505,0.0546,0.05475,199411996
1671796800000,0.05474,0.055,0.05432,0.05465,301296313
1671811200000,0.05465,0.05471,0.05437,0.05439,111174878
1671825600000,0.0544,0.0544,0.05402,0.05418,122496703
1671840000000,0.05417,0.05435,0.05394,0.05426,110699826
1671854400000,0.05426,0.0546,0.05417,0.05455,154624700
1671868800000,0.05456,0.05467,0.05431,0.05447,111336330
1671883200000,0.05447,0.05465,0.05425,0.05452,99005496
1671897600000,0.05453,0.05475,0.05446,0.0547,90009176
1671912000000,0.05471,0.05479,0.05442,0.05468,123344464
1671926400000,0.05469,0.05477,0.05456,0.05467,61789800
1671940800000,0.05467,0.05473,0.05458,0.05465,53974994
1671955200000,0.05464,0.05475,0.05444,0.05445,92656164
1671969600000,0.05445,0.05473,0.05407,0.05438,226490007
1671984000000,0.05437,0.05494,0.05429,0.05485,207207391
1671998400000,0.05485,0.0549,0.05466,0.05477,98136371
1672012800000,0.05478,0.05486,0.05459,0.05474,81104517
1672027200000,0.05473,0.05499,0.05469,0.05482,76808227
1672041600000,0.05482,0.05488,0.05465,0.05479,78693201
1672056000000,0.05479,0.0548,0.05444,0.05451,84846069
1672070400000,0.05451,0.05462,0.0542,0.05434,127589704
1672084800000,0.05433,0.05457,0.0542,0.05456,92744001
1672099200000,0.05456,0.05469,0.05448,0.0546,85909152
1672113600000,0.05461,0.05462,0.05421,0.05425,88470474
1672128000000,0.05424,0.0544,0.05404,0.05415,178872965
1672142400000,0.05415,0.05427,0.05367,0.05397,255556495
1672156800000,0.05397,0.05419,0.05357,0.05404,184025808
1672171200000,0.05403,0.05415,0.05371,0.05412,93669716
1672185600000,0.05412,0.05438,0.05391,0.05411,183257800
1672200000000,0.0541,0.0542,0.05316,0.05374,259193481
1672214400000,0.05374,0.05384,0.05356,0.0537,126109545
1672228800000,0.0537,0.0546,0.05367,0.05402,371044715
1672243200000,0.05401,0.05466,0.054,0.05445,247556891
1672257600000,0.05445,0.05469,0.05394,0.05412,205996913
1672272000000,0.05411,0.05435,0.05373,0.0541,192497826
1672286400000,0.0541,0.05428,0.0539,0.05419,121614894
1672300800000,0.05419,0.0544,0.05409,0.05426,123167696
1672315200000,0.05427,0.05444,0.05418,0.05433,128067681
1672329600000,0.05434,0.05447,0.05339,0.05352,217959066
1672344000000,0.05352,0.0541,0.05309,0.05397,284865128
1672358400000,0.05398,0.05407,0.05351,0.05355,148458078
1672372800000,0.05355,0.0541,0.05347,0.05385,174148300
1672387200000,0.05385,0.05406,0.05367,0.0538,200281160
1672401600000,0.05379,0.05431,0.0536,0.05413,230538365
1672416000000,0.05412,0.05434,0.05409,0.05418,148354634
1672430400000,0.05418,0.0545,0.05417,0.05434,132046507
1672444800000,0.05434,0.05525,0.05433,0.05484,265685814
1672459200000,0.05483,0.05485,0.0545,0.05463,113405338
1672473600000,0.05464,0.05477,0.05456,0.05474,85271427
1672488000000,0.05474,0.05502,0.0544,0.05452,189142679
1672502400000,0.05451,0.05462,0.05437,0.05449,74609304
1672516800000,0.0545,0.05459,0.05429,0.05448,62886250
1672531200000,0.05447,0.0548,0.05443,0.05474,96770898
1672545600000,0.05474,0.05475,0.05442,0.05454,67263389
1672560000000,0.05455,0.05472,0.05438,0.0547,66962304
1672574400000,0.05469,0.05492,0.05455,0.05481,105561684
1672588800000,0.0548,0.05495,0.05479,0.05482,95028048
1672603200000,0.05482,0.05495,0.05461,0.05475,133969408
1672617600000,0.05476,0.05485,0.0544,0.05455,162535054
1672632000000,0.05456,0.05521,0.0545,0.0547,227523411
1672646400000,0.0547,0.05559,0.05466,0.05535,282402047
1672660800000,0.05535,0.05543,0.05505,0.05529,173721339
1672675200000,0.05529,0.05537,0.05516,0.05532,83864068
1672689600000,0.05532,0.05542,0.05508,0.05515,84594619
1672704000000,0.05514,0.05534,0.05495,0.05526,83254539
1672718400000,0.05525,0.05552,0.0552,0.05539,94812676
1672732800000,0.0554,0.05548,0.05522,0.05527,84547403
1672747200000,0.05528,0.05545,0.05511,0.0553,143596966
1672761600000,0.0553,0.05549,0.05508,0.05515,146366490
1672776000000,0.05516,0.05521,0.05463,0.05477,185172070
1672790400000,0.05477,0.05574,0.05466,0.05539,255693172
1672804800000,0.05539,0.05563,0.05532,0.05552,132732403
1672819200000,0.05551,0.05561,0.05495,0.0551,195110681
1672833600000,0.0551,0.05517,0.05474,0.05494,197268114
1672848000000,0.05494,0.0552,0.05442,0.05457,278640681
1672862400000,0.05456,0.05476,0.0543,0.05472,153420721
1672876800000,0.05472,0.05481,0.05446,0.0545,125049817
1672891200000,0.05449,0.05488,0.05437,0.05485,182105495
1672905600000,0.05484,0.05492,0.05441,0.05464,166179083
1672920000000,0.05463,0.05467,0.0538,0.05384,358596453
1672934400000,0.05383,0.05393,0.05328,0.05385,432838407
1672948800000,0.05384,0.05386,0.05322,0.05366,250490290
1672963200000,0.05365,0.05386,0.05123,0.0514,962358353
1672977600000,0.05139,0.05149,0.04933,0.0508,4438860935
1672992000000,0.0508,0.051,0.04991,0.05049,2686140324
1673006400000,0.05048,0.053,0.04993,0.05214,2733443645
1673020800000,0.05214,0.05399,0.05133,0.05358,1816669461
1673035200000,0.0536,0.0537,0.05189,0.05244,982187118
1673049600000,0.05243,0.05293,0.05183,0.05218,502205871
1673064000000,0.05218,0.05261,0.05175,0.0524,477549649
1673078400000,0.05241,0.05246,0.05125,0.05163,542038059
1673092800000,0.05163,0.05221,0.05144,0.05179,553320952
1673107200000,0.05178,0.05189,0.05144,0.05167,223839300
1673121600000,0.05168,0.0521,0.05144,0.05199,256598524
1673136000000,0.05198,0.052,0.05113,0.05153,406818203
1673150400000,0.05153,0.05204,0.05152,0.0518,281794135
1673164800000,0.05179,0.05248,0.05177,0.05208,339359627
1673179200000,0.05208,0.053,0.05208,0.05287,466196253
1673193600000,0.05288,0.05294,0.05233,0.0527,237887886
1673208000000,0.05269,0.0545,0.05269,0.05439,607100304
1673222400000,0.05439,0.05698,0.0536,0.05565,1186750199
1673236800000,0.05566,0.05579,0.05488,0.05492,405211959
1673251200000,0.05491,0.05559,0.05474,0.05488,385339343
1673265600000,0.05488,0.05541,0.05455,0.05505,383609113
1673280000000,0.05505,0.05595,0.0547,0.05475,387601621
1673294400000,0.05475,0.05481,0.05412,0.05456,260656302
1673308800000,0.05457,0.05488,0.05377,0.05431,265534721
1673323200000,0.05432,0.05436,0.05389,0.05395,135641476
1673337600000,0.05396,0.05443,0.05386,0.05418,179155196
1673352000000,0.05418,0.05467,0.05383,0.05451,307299238
1673366400000,0.05451,0.05493,0.05438,0.05485,186522672
1673380800000,0.05486,0.05493,0.05452,0.05482,116409173
1673395200000,0.05481,0.05508,0.05452,0.05484,185106760
1673409600000,0.05484,0.0556,0.05481,0.05546,314821200
1673424000000,0.05546,0.05551,0.05472,0.05522,224106435
1673438400000,0.05521,0.05533,0.05464,0.05477,302687271
1673452800000,0.05478,0.05548,0.05468,0.05543,250375108
1673467200000,0.05543,0.05664,0.05512,0.05648,388012361
1673481600000,0.05648,0.057,0.05624,0.05646,335765560
1673496000000,0.05646,0.05674,0.0559,0.0561,200695449
1673510400000,0.05611,0.05615,0.0558,0.056,172198977
1673524800000,0.05601,0.05662,0.05559,0.05613,518941277
1673539200000,0.05614,0.05739,0.05612,0.05686,426320798
1673553600000,0.05687,0.05715,0.05672,0.05705,155854113
1673568000000,0.05705,0.05747,0.05678,0.05745,194672285
1673582400000,0.05744,0.05784,0.05719,0.05763,191854608
1673596800000,0.05762,0.05814,0.05734,0.0574,285703300
1673611200000,0.05739,0.05759,0.05689,0.05752,236099237
1673625600000,0.05752,0.0579,0.05721,0.05787,291299873
1673640000000,0.05788,0.0609,0.05768,0.06007,648846220
1673654400000,0.06007,0.0657,0.05993,0.06362,1046498613
1673668800000,0.06362,0.06579,0.06328,0.06488,343122051
1673683200000,0.06488,0.06539,0.06278,0.06354,469976209
1673697600000,0.06354,0.06398,0.06164,0.06201,379394993
1673712000000,0.06201,0.06212,0.06067,0.06091,293224284
1673726400000,0.06091,0.06214,0.06065,0.06176,208858366
1673740800000,0.06175,0.06199,0.06059,0.06183,282929877
1673755200000,0.06183,0.06223,0.06159,0.0618,135078776
1673769600000,0.06181,0.06184,0.06095,0.06121,169690632
1673784000000,0.06122,0.06249,0.06105,0.06235,206620313
1673798400000,0.06234,0.06286,0.06175,0.06247,236397194
1673812800000,0.06247,0.06274,0.06212,0.06231,107998073
1673827200000,0.06231,0.06313,0.06184,0.06302,227613759
1673841600000,0.06303,0.06323,0.06258,0.06272,122784307
1673856000000,0.06272,0.06276,0.06151,0.06179,198650086
1673870400000,0.06178,0.06208,0.06111,0.06197,191466453
1673884800000,0.06197,0.06303,0.06184,0.0626,248076618
1673899200000,0.0626,0.06297,0.06224,0.06237,102143805
1673913600000,0.06238,0.06257,0.0612,0.06204,191924476
1673928000000,0.06205,0.06229,0.0618,0.0622,80604040
1673942400000,0.06219,0.06238,0.06206,0.06235,72320586
1673956800000,0.06235,0.06267,0.0616,0.06204,220500345
1673971200000,0.06204,0.0625,0.06169,0.06235,193227972
1673985600000,0.06235,0.06239,0.06157,0.0616,86258422
1674000000000,0.06161,0.0624,0.06156,0.0621,135393590
1674014400000,0.0621,0.06224,0.06194,0.06199,57880133
1674028800000,0.06198,0.062,0.06135,0.06189,124231266
1674043200000,0.06188,0.06227,0.05977,0.06041,294612089
1674057600000,0.06041,0.06041,0.05876,0.06009,475165822
1674072000000,0.06009,0.06012,0.05882,0.05882,150919564
1674086400000,0.05883,0.05941,0.05871,0.0592,105207189
1674100800000,0.0592,0.0598,0.05919,0.05964,80509471
1674115200000,0.05965,0.0598,0.05923,0.0593,101164695
1674129600000,0.0593,0.05964,0.05887,0.0594,134974076
1674144000000,0.05939,0.06013,0.05928,0.0601,92197322
1674158400000,0.06009,0.06029,0.05989,0.06006,76518480
1674172800000,0.06005,0.06056,0.05987,0.06038,88324107
1674187200000,0.06038,0.06047,0.05996,0.06034,89450180
1674201600000,0.06034,0.06069,0.06027,0.06057,90939268
1674216000000,0.06056,0.0608,0.06037,0.06071,92323578
1674230400000,0.06071,0.06164,0.0607,0.0616,129397987
1674244800000,0.06159,0.06289,0.06159,0.06272,266861272
1674259200000,0.06272,0.06295,0.06183,0.06222,143200586
1674273600000,0.06223,0.06285,0.06218,0.06249,113040295
1674288000000,0.0625,0.06396,0.06162,0.0625,534231570
1674302400000,0.0625,0.06293,0.062,0.0621,192658749
1674316800000,0.06209,0.06275,0.06205,0.06244,145931872
1674331200000,0.06244,0.06262,0.06156,0.06167,135150677
1674345600000,0.06167,0.06208,0.06065,0.06112,137379646
1674360000000,0.06112,0.06192,0.06105,0.06142,101091530
1674374400000,0.06142,0.06201,0.0614,0.06195,85202025
1674388800000,0.06195,0.06262,0.06151,0.0622,217191080
1674403200000,0.06219,0.06272,0.062,0.06215,100934456
1674417600000,0.06214,0.06217,0.06086,0.06164,175774111
1674432000000,0.06164,0.06221,0.06158,0.0617,124965235
1674446400000,0.0617,0.06218,0.0616,0.06186,75109091
1674460800000,0.06186,0.06238,0.06179,0.06205,141850828
1674475200000,0.06204,0.06219,0.06093,0.06172,282654578
1674489600000,0.06174,0.06238,0.06156,0.06223,159067984
1674504000000,0.06222,0.06328,0.06219,0.06274,253647560
1674518400000,0.06274,0.0636,0.06248,0.06316,190203759
1674532800000,0.06317,0.06322,0.06288,0.06301,96017196
1674547200000,0.06301,0.06314,0.06247,0.06275,130490945
1674561600000,0.06275,0.0628,0.06145,0.06218,186559997
1674576000000,0.06219,0.06226,0.06163,0.06208,83856725
1674590400000,0.06207,0.06211,0.05904,0.06014,297551196
1674604800000,0.06014,0.0605,0.05913,0.06048,169094467
1674619200000,0.06047,0.06071,0.06036,0.06067,75003152
1674633600000,0.06067,0.06079,0.06023,0.06033,78628862
1674648000000,0.06034,0.06087,0.05994,0.06055,160299684
1674662400000,0.06054,0.06126,0.06042,0.06124,117872143
1674676800000,0.06124,0.06283,0.06114,0.06178,277697826
1674691200000,0.06178,0.0621,0.06156,0.06169,90533767
1674705600000,0.0617,0.06216,0.06135,0.0615,83064629
1674720000000,0.06151,0.06173,0.06118,0.06168,84302898
1674734400000,0.06168,0.06206,0.06113,0.06143,181690860
1674748800000,0.06144,0.0619,0.06106,0.06172,108266159
1674763200000,0.06172,0.0619,0.06142,0.06168,67365548
1674777600000,0.06167,0.06189,0.06086,0.06156,151657826
1674792000000,0.06157,0.0623,0.06153,0.06219,114869490
1674806400000,0.0622,0.06417,0.0622,0.06227,523794348
1674820800000,0.06227,0.06288,0.06197,0.06239,168714842
1674835200000,0.06239,0.06432,0.06238,0.0642,325431290
1674849600000,0.0642,0.06436,0.06337,0.06371,200706592
1674864000000,0.06372,0.06402,0.06319,0.06358,86513503
1674878400000,0.06358,0.06359,0.06251,0.06274,128890588
1674892800000,0.06274,0.06296,0.0625,0.06277,84282075
1674907200000,0.06277,0.06291,0.06199,0.06242,156401832
1674921600000,0.06242,0.064,0.06235,0.06309,380365744
1674936000000,0.06309,0.06316,0.06242,0.06311,88295364
1674950400000,0.06311,0.0637,0.06287,0.0632,112882181
1674964800000,0.06321,0.0636,0.0631,0.06353,62427418
1674979200000,0.06352,0.06375,0.06314,0.06356,144767338
1674993600000,0.06356,0.06465,0.06326,0.06336,412651427
1675008000000,0.06335,0.06415,0.06291,0.06387,302291287
1675022400000,0.06387,0.06408,0.06348,0.06376,119339685
1675036800000,0.06377,0.06407,0.06305,0.06343,162388741
1675051200000,0.06342,0.06361,0.06306,0.06318,92430760
1675065600000,0.06317,0.06327,0.06131,0.06172,278764534
1675080000000,0.06171,0.06303,0.06159,0.06261,211102536
1675094400000,0.0626,0.06339,0.06144,0.06231,370795473
1675108800000,0.06231,0.06252,0.06162,0.06229,140750910
1675123200000,0.06229,0.06272,0.06184,0.06272,103478116
1675137600000,0.06271,0.06311,0.0626,0.06301,102618515
1675152000000,0.06302,0.06309,0.06181,0.06192,153892380
1675166400000,0.06192,0.06266,0.06185,0.0626,103995504
1675180800000,0.06261,0.06272,0.06219,0.0624,120518190
1675195200000,0.06239,0.06241,0.06163,0.06215,135812824
1675209600000,0.06214,0.06247,0.06205,0.06219,87553909
1675224000000,0.06218,0.06228,0.06163,0.0619,96845189
1675238400000,0.0619,0.06261,0.06149,0.06223,194285094
1675252800000,0.06223,0.06259,0.06162,0.06182,157915421
1675267200000,0.06181,0.06275,0.06136,0.06252,254915129
1675281600000,0.06253,0.06336,0.0625,0.06311,197837939
1675296000000,0.06312,0.06383,0.06303,0.06349,169443639
1675310400000,0.0635,0.0637,0.06315,0.06333,81957077
1675324800000,0.06334,0.06381,0.06323,0.06374,82098420
1675339200000,0.06374,0.06436,0.06343,0.06431,261713980
1675353600000,0.06432,0.06571,0.06412,0.06452,476929760
1675368000000,0.06452,0.06485,0.063,0.06384,236248128
1675382400000,0.06384,0.06461,0.06372,0.06446,144299851
1675396800000,0.06446,0.06481,0.06422,0.06434,131023998
1675411200000,0.06433,0.06445,0.06388,0.06424,164023387
1675425600000,0.06424,0.06448,0.06341,0.06395,243565663
1675440000000,0.06396,0.06433,0.06367,0.06376,114758412
1675454400000,0.06376,0.0642,0.06347,0.06414,66893554
1675468800000,0.06415,0.06424,0.06366,0.06378,77524208
1675483200000,0.06379,0.06379,0.06304,0.06343,123180982
1675497600000,0.06343,0.06392,0.06332,0.0639,107682724
1675512000000,0.0639,0.06451,0.0639,0.06433,171508754
1675526400000,0.06433,0.06449,0.06402,0.06422,90112653
1675540800000,0.06423,0.06438,0.06356,0.06383,79614079
1675555200000,0.06383,0.06428,0.06377,0.06409,69507778
1675569600000,0.06409,0.06475,0.06404,0.06471,75724283
1675584000000,0.06471,0.06582,0.0647,0.06491,293723108
1675598400000,0.06491,0.06545,0.06353,0.06413,364213172
1675612800000,0.06414,0.06485,0.06311,0.06381,297413185
1675627200000,0.06382,0.06428,0.06323,0.06409,107159146
1675641600000,0.0641,0.0645,0.06319,0.06334,151495783
1675656000000,0.06334,0.06368,0.0625,0.06348,187549793
1675670400000,0.06348,0.06356,0.06299,0.06342,92154451
1675684800000,0.06343,0.06384,0.06315,0.06383,133430404
1675699200000,0.06383,0.06404,0.06344,0.06391,106956888
1675713600000,0.0639,0.06393,0.06272,0.06313,140536259
1675728000000,0.06313,0.06403,0.06299,0.06396,228661924
1675742400000,0.06396,0.06444,0.0639,0.06394,160654776
1675756800000,0.06394,0.06452,0.06377,0.06429,136583026
1675771200000,0.06428,0.06502,0.06424,0.06473,262011499
1675785600000,0.06474,0.06559,0.06438,0.06544,374970131
1675800000000,0.06543,0.06597,0.06526,0.06576,184927761
1675814400000,0.06576,0.0667,0.06569,0.06609,298551515
1675828800000,0.06609,0.06617,0.06563,0.06583,100615662
1675843200000,0.06583,0.06647,0.06548,0.06633,162206794
1675857600000,0.06633,0.07158,0.06596,0.06665,1680826852
1675872000000,0.06665,0.0672,0.06576,0.06647,344427490
1675886400000,0.06647,0.06718,0.06597,0.06695,201043949
1675900800000,0.06695,0.0671,0.06382,0.06425,474895756
1675915200000,0.06426,0.06524,0.06385,0.06505,191433298
1675929600000,0.06505,0.06548,0.0649,0.06519,152905478
1675944000000,0.06519,0.06641,0.06492,0.06534,315290848
1675958400000,0.06535,0.06541,0.06274,0.06349,320329644
1675972800000,0.0635,0.06384,0.06173,0.06259,323939972
1675987200000,0.06259,0.0633,0.0623,0.06315,146743528
1676001600000,0.06315,0.06393,0.06271,0.06371,168272092
1676016000000,0.06372,0.06377,0.06292,0.06311,147952217
1676030400000,0.06311,0.06357,0.06269,0.0631,148695424
1676044800000,0.06309,0.06376,0.06301,0.06373,118220587
1676059200000,0.06373,0.06378,0.06291,0.06323,108163535
1676073600000,0.06322,0.06404,0.06317,0.064,109566450
1676088000000,0.064,0.06408,0.06304,0.06334,126961996
1676102400000,0.06333,0.06345,0.06308,0.06345,56541704
1676116800000,0.06344,0.06384,0.06333,0.06376,76268227
1676131200000,0.06377,0.06382,0.0632,0.06364,69809411
1676145600000,0.06363,0.06396,0.06347,0.06368,51406559
1676160000000,0.06368,0.06382,0.06356,0.0637,46908279
1676174400000,0.06369,0.06449,0.06362,0.06442,77221107
1676188800000,0.06441,0.06467,0.06426,0.06445,105395615
1676203200000,0.06445,0.0648,0.06408,0.06459,131939609
1676217600000,0.06459,0.06507,0.06458,0.06481,95977514
1676232000000,0.06481,0.06491,0.06343,0.06384,170510972
1676246400000,0.06385,0.06489,0.06347,0.06484,210216148
1676260800000,0.06483,0.06536,0.06453,0.06491,154380273
1676275200000,0.06491,0.06492,0.06279,0.06384,391573384
1676289600000,0.06384,0.06516,0.06361,0.06453,308354865
1676304000000,0.06454,0.06542,0.06385,0.06534,389101297
1676318400000,0.06534,0.06575,0.06483,0.06558,244592014
1676332800000,0.06557,0.06643,0.06551,0.06585,280743342
1676347200000,0.06585,0.06611,0.065,0.06609,238673750
1676361600000,0.06608,0.06637,0.06571,0.06614,216464553
1676376000000,0.06614,0.06689,0.06549,0.06632,490928175
1676390400000,0.06632,0.0668,0.06606,0.06659,199463508
1676404800000,0.06659,0.06688,0.06636,0.06672,89001951
1676419200000,0.06672,0.06759,0.06668,0.06728,184285884
1676433600000,0.06729,0.06803,0.06714,0.06794,168270768
1676448000000,0.06794,0.06914,0.06793,0.06854,406102557
1676462400000,0.06853,0.07064,0.06837,0.06929,482679120
1676476800000,0.06928,0.06986,0.06902,0.06963,164104199
1676491200000,0.06963,0.07099,0.06954,0.07083,281963947
1676505600000,0.07084,0.07155,0.0702,0.07131,269221722
1676520000000,0.0713,0.07131,0.07026,0.07059,146701203
1676534400000,0.0706,0.07099,0.0699,0.0701,160804404
1676548800000,0.0701,0.07016,0.06852,0.06933,425664381
1676563200000,0.06934,0.0696,0.06832,0.06885,276060352
1676577600000,0.06885,0.06886,0.0666,0.0668,283170392
1676592000000,0.0668,0.06784,0.06645,0.06766,147654301
1676606400000,0.06766,0.06786,0.06723,0.0675,129993892
1676620800000,0.06749,0.06911,0.06734,0.06787,290807380
1676635200000,0.06787,0.06977,0.06785,0.06971,307979560
1676649600000,0.0697,0.07092,0.06939,0.07052,376200849
1676664000000,0.07052,0.07177,0.07,0.07032,313979543
1676678400000,0.07032,0.07117,0.07003,0.07026,140022386
1676692800000,0.07027,0.07106,0.06966,0.06994,193288006
1676707200000,0.06994,0.07069,0.06984,0.07048,99672412
1676721600000,0.07049,0.07093,0.06987,0.07024,146132098
1676736000000,0.07025,0.07031,0.06977,0.06999,98963893
1676750400000,0.07,0.07022,0.06964,0.07014,55162981
1676764800000,0.07015,0.07037,0.06968,0.06981,64053314
1676779200000,0.06981,0.07041,0.06974,0.07011,76238073
1676793600000,0.07011,0.071,0.06992,0.07094,87528653
1676808000000,0.07094,0.07157,0.07076,0.07141,181205468
1676822400000,0.07142,0.07168,0.06996,0.07062,240977542
1676836800000,0.07063,0.0709,0.07002,0.07037,118689676
1676851200000,0.07037,0.07234,0.06951,0.07213,366101524
1676865600000,0.07213,0.07312,0.07133,0.07187,317708674
1676880000000,0.07188,0.07262,0.07138,0.07227,410867797
1676894400000,0.07226,0.07272,0.07122,0.07166,340940660
1676908800000,0.07166,0.07183,0.07077,0.07163,180986937
1676923200000,0.07164,0.072,0.07133,0.07194,91200508
1676937600000,0.07195,0.0721,0.07139,0.07174,138258494
1676952000000,0.07176,0.0721,0.0714,0.07188,112114985
1676966400000,0.07187,0.0721,0.07046,0.07077,356967553
1676980800000,0.07076,0.071,0.07001,0.07041,198479874
1676995200000,0.07041,0.07049,0.0697,0.07005,151606590
1677009600000,0.07005,0.07006,0.06887,0.06946,183491296
1677024000000,0.06946,0.06954,0.06813,0.0691,177409272
1677038400000,0.0691,0.06958,0.06887,0.06938,108281253
1677052800000,0.06938,0.06949,0.06801,0.06901,191450911
1677067200000,0.06899,0.06924,0.0682,0.06863,176982559
1677081600000,0.06862,0.06925,0.06851,0.06916,125581152
1677096000000,0.06915,0.06967,0.06898,0.06941,84557618
1677110400000,0.06942,0.06983,0.06908,0.06957,93304388
1677124800000,0.06958,0.06998,0.06948,0.06996,127170078
1677139200000,0.06995,0.07048,0.06895,0.06925,214127361
1677153600000,0.06925,0.06999,0.06907,0.0696,199056177
1677168000000,0.0696,0.06999,0.06936,0.06961,126154635
1677182400000,0.06961,0.06992,0.06939,0.0695,59878790
1677196800000,0.0695,0.06989,0.06922,0.06985,86388225
1677211200000,0.06985,0.06997,0.06947,0.06984,73616028
1677225600000,0.06983,0.06997,0.06918,0.06953,80297012
1677240000000,0.06953,0.06966,0.06824,0.0684,181016690
1677254400000,0.06839,0.06839,0.06729,0.0678,234424449
1677268800000,0.06779,0.06805,0.06723,0.06784,90210273
1677283200000,0.06784,0.06832,0.06782,0.06809,63721448
1677297600000,0.06808,0.06854,0.068,0.06853,74299905
1677312000000,0.06853,0.06882,0.06832,0.06858,104708519
1677326400000,0.06858,0.06862,0.06746,0.06794,145962265
1677340800000,0.06794,0.0684,0.06728,0.06751,125877367
1677355200000,0.0675,0.06783,0.06658,0.06778,153913048
1677369600000,0.06778,0.06862,0.06775,0.06854,76968752
1677384000000,0.06854,0.06886,0.06839,0.06866,60953896
1677398400000,0.06866,0.06936,0.06855,0.0693,101902822
1677412800000,0.06932,0.06947,0.06888,0.06905,83062331
1677427200000,0.06907,0.06967,0.06892,0.06948,85619662
1677441600000,0.06947,0.06974,0.06901,0.06947,78497649
1677456000000,0.06948,0.06968,0.06905,0.06916,77450811
1677470400000,0.06917,0.06954,0.06883,0.06883,84975116
1677484800000,0.06884,0.06897,0.06835,0.06876,70953617
1677499200000,0.06876,0.06936,0.06838,0.069,157748148
1677513600000,0.069,0.06921,0.06857,0.06894,134792633
1677528000000,0.06894,0.06945,0.06867,0.0694,109892014
1677542400000,0.06939,0.06982,0.06938,0.06972,109976205
1677556800000,0.06972,0.06975,0.06918,0.06921,90126511
1677571200000,0.06921,0.0695,0.06901,0.06939,91317724
1677585600000,0.0694,0.0697,0.06907,0.06923,123603147
1677600000000,0.06922,0.06968,0.06904,0.06911,83737247
1677614400000,0.0691,0.06928,0.06846,0.06901,103227885
1677628800000,0.06901,0.0695,0.06864,0.06948,89803939
1677643200000,0.06949,0.07,0.06938,0.06957,109502876
1677657600000,0.06957,0.06998,0.06948,0.0697,63423169
1677672000000,0.06969,0.07012,0.06959,0.06989,111550729
1677686400000,0.06988,0.07024,0.06963,0.0697,71757837
1677700800000,0.06969,0.06996,0.06953,0.0698,55492392
1677715200000,0.0698,0.07009,0.06935,0.06965,81462569
1677729600000,0.06966,0.06988,0.06919,0.06926,76184000
1677744000000,0.06926,0.07031,0.06914,0.0695,161591466
1677758400000,0.06951,0.06967,0.06886,0.06929,149971910
1677772800000,0.0693,0.0697,0.069,0.06965,78903347
1677787200000,0.06965,0.06985,0.06947,0.06966,61429599
1677801600000,0.06967,0.06981,0.06665,0.06719,384382061
1677816000000,0.06718,0.06752,0.06632,0.06691,184913101
1677830400000,0.06691,0.06762,0.0669,0.0674,114016867
1677844800000,0.0674,0.06772,0.06713,0.06725,109272959
1677859200000,0.06724,0.0674,0.06694,0.06722,85568557
1677873600000,0.06722,0.06734,0.06682,0.06713,56419812
1677888000000,0.06712,0.0674,0.06687,0.06712,56321602
1677902400000,0.06712,0.06754,0.067,0.06735,63338993
1677916800000,0.06735,0.06747,0.06704,0.06706,55433900
1677931200000,0.06706,0.06736,0.06694,0.06701,54129165
1677945600000,0.06701,0.06729,0.06671,0.0668,70664348
1677960000000,0.0668,0.06684,0.06589,0.06667,161168833
1677974400000,0.06666,0.06751,0.06642,0.06714,138120049
1677988800000,0.06713,0.06734,0.06697,0.06701,45281270
1678003200000,0.067,0.06742,0.06691,0.06738,47626754
1678017600000,0.06737,0.0675,0.06729,0.06741,69969717
1678032000000,0.06741,0.06762,0.06727,0.06749,53353700
1678046400000,0.06749,0.06782,0.06695,0.06719,80971467
1678060800000,0.06719,0.06752,0.06671,0.06727,106084324
1678075200000,0.06728,0.06738,0.06671,0.06677,68333956
1678089600000,0.06676,0.0672,0.06655,0.06676,99417367
1678104000000,0.06676,0.06755,0.06667,0.06745,87349204
1678118400000,0.06744,0.06766,0.0672,0.0674,79819415
1678132800000,0.06739,0.06754,0.06721,0.06735,47989813
1678147200000,0.06734,0.0677,0.06711,0.06714,109636217
1678161600000,0.06714,0.06733,0.06703,0.06714,43866917
1678176000000,0.06713,0.06718,0.06659,0.0666,89916146
1678190400000,0.0666,0.06719,0.0663,0.06684,179315294
1678204800000,0.06683,0.06696,0.06594,0.06636,145418540
1678219200000,0.06635,0.06636,0.06568,0.06626,103447814
1678233600000,0.06625,0.06646,0.06606,0.0662,58512572
1678248000000,0.0662,0.06647,0.0658,0.06612,93210682
1678262400000,0.06612,0.06626,0.06591,0.06599,113503178
1678276800000,0.06599,0.06615,0.06536,0.06606,188627809
1678291200000,0.06606,0.06628,0.06544,0.06564,96688528
1678305600000,0.06565,0.06597,0.06456,0.06529,190412830
1678320000000,0.06528,0.0658,0.06476,0.06578,132612657
1678334400000,0.06578,0.06587,0.0654,0.0655,102032240
1678348800000,0.06549,0.06603,0.06533,0.06591,120656175
1678363200000,0.06591,0.06633,0.06571,0.06598,153611745
1678377600000,0.06598,0.06612,0.06453,0.06481,250405598
1678392000000,0.06482,0.06483,0.05593,0.05855,3146983383
1678406400000,0.05855,0.05868,0.05718,0.05783,717659099
1678420800000,0.05782,0.05826,0.0568,0.05761,525499488
1678435200000,0.05762,0.05815,0.05527,0.05608,721400731
1678449600000,0.05608,0.05816,0.05589,0.05688,762126382
1678464000000,0.05689,0.05732,0.05628,0.0568,304671048
1678478400000,0.0568,0.05753,0.0564,0.05727,243680840
1678492800000,0.05728,0.05825,0.05693,0.05699,332649407
1678507200000,0.05699,0.05714,0.05457,0.05476,566905043
1678521600000,0.05475,0.05611,0.05466,0.05581,402314661
1678536000000,0.05581,0.05604,0.05547,0.05553,144895284
1678550400000,0.05553,0.05829,0.05543,0.05815,422926838
1678564800000,0.05816,0.05889,0.05795,0.05874,394520459
1678579200000,0.05873,0.05923,0.05831,0.05869,258534866
1678593600000,0.05869,0.05915,0.05837,0.05862,280683238
1678608000000,0.05862,0.05911,0.05858,0.05903,153248048
1678622400000,0.05903,0.05937,0.05846,0.05874,271062925
1678636800000,0.05874,0.06048,0.05861,0.05984,461420944
1678651200000,0.05983,0.06461,0.05983,0.06461,653766057
1678665600000,0.06461,0.06856,0.0642,0.06561,1087457050
1678680000000,0.06562,0.06838,0.065,0.06657,709050529
1678694400000,0.06658,0.06686,0.06464,0.06525,445686491
1678708800000,0.06525,0.0685,0.06488,0.06762,603607660
1678723200000,0.06763,0.06781,0.06662,0.06689,177768062
1678737600000,0.06688,0.06719,0.06637,0.0669,101278362
1678752000000,0.06689,0.06732,0.06647,0.06711,123125915
1678766400000,0.0671,0.06731,0.06591,0.06614,176530335
1678780800000,0.06614,0.06648,0.06576,0.06635,128298340
1678795200000,0.06634,0.06907,0.06609,0.0685,539650945
1678809600000,0.0685,0.06873,0.06527,0.06654,390365739
1678824000000,0.06655,0.06753,0.06581,0.06694,258641255
1678838400000,0.06693,0.06792,0.06642,0.06695,309843528
1678852800000,0.06694,0.06739,0.06649,0.06711,98656437
1678867200000,0.0671,0.06718,0.0655,0.06616,190194543
1678881600000,0.06614,0.06651,0.06482,0.06506,329454522
1678896000000,0.06506,0.06525,0.06402,0.06463,315340995
1678910400000,0.06464,0.06534,0.0644,0.06515,120657184
1678924800000,0.06515,0.06582,0.0647,0.06568,145769603
1678939200000,0.06569,0.06622,0.06483,0.0657,208920410
1678953600000,0.0657,0.06648,0.06547,0.06612,159732054
1678968000000,0.06611,0.06615,0.06486,0.06597,241582060
1678982400000,0.06598,0.06702,0.06554,0.06588,196692335
1678996800000,0.06588,0.06589,0.0649,0.06506,110355294
1679011200000,0.06505,0.06621,0.06461,0.06615,165324025
1679025600000,0.06615,0.0665,0.06575,0.06612,98777298
1679040000000,0.06612,0.06718,0.06592,0.06684,185303976
1679054400000,0.06685,0.06693,0.06537,0.06578,176728534
1679068800000,0.06579,0.06736,0.06562,0.06727,185784086
1679083200000,0.06728,0.06785,0.06671,0.06761,172168749
1679097600000,0.06761,0.0681,0.0671,0.06735,191050506
1679112000000,0.06736,0.06784,0.06675,0.06719,142217409
1679126400000,0.06719,0.06727,0.06624,0.06725,115315849
1679140800000,0.06725,0.06737,0.06569,0.06599,153657495
1679155200000,0.06598,0.06632,0.06496,0.06612,183352496
1679169600000,0.06612,0.06649,0.06551,0.06571,75548487
1679184000000,0.06572,0.06645,0.06551,0.06638,72024945
1679198400000,0.06637,0.06645,0.06579,0.06602,59524982
1679212800000,0.06601,0.06651,0.0658,0.06647,70279939
1679227200000,0.06646,0.06751,0.06624,0.06643,248482931
1679241600000,0.06643,0.06724,0.06632,0.06682,209970644
1679256000000,0.06683,0.06706,0.06631,0.06646,103427714
1679270400000,0.06646,0.06693,0.06567,0.06592,160448186
1679284800000,0.06591,0.06683,0.06554,0.06625,161720414
1679299200000,0.06626,0.06669,0.06601,0.06644,115685793
1679313600000,0.06643,0.06665,0.06583,0.066,152511247
1679328000000,0.066,0.06641,0.06474,0.06532,212799552
1679342400000,0.0653,0.06589,0.06465,0.06497,108027987
1679356800000,0.06496,0.06584,0.0648,0.06566,90902834
1679371200000,0.06565,0.06588,0.06473,0.06523,129496060
1679385600000,0.06523,0.06604,0.06493,0.06594,191869388
1679400000000,0.06593,0.06695,0.06577,0.06644,242836313
1679414400000,0.06645,0.06697,0.0661,0.0668,165372691
1679428800000,0.06679,0.06738,0.06659,0.06696,186177230
1679443200000,0.06697,0.06718,0.06631,0.06691,97521260
1679457600000,0.0669,0.06713,0.06666,0.06699,100477195
1679472000000,0.067,0.06739,0.06674,0.06698,180183340
1679486400000,0.06698,0.06834,0.06686,0.06692,333061518
1679500800000,0.06692,0.06719,0.05627,0.0564,3306738043
1679515200000,0.05639,0.06061,0.05632,0.05973,2726769910
1679529600000,0.05972,0.0614,0.0592,0.06067,798599673
1679544000000,0.06068,0.06267,0.0605,0.0619,729376571
1679558400000,0.0619,0.06265,0.06163,0.06252,593663089
1679572800000,0.06253,0.06481,0.06175,0.06369,1174444710
1679587200000,0.0637,0.06539,0.06325,0.06494,666445188
1679601600000,0.06495,0.06657,0.06467,0.06515,468285490
1679616000000,0.06516,0.06549,0.06463,0.06514,218681440
1679630400000,0.06513,0.06546,0.06395,0.06399,290201295
1679644800000,0.06398,0.06422,0.0625,0.06329,492954320
1679659200000,0.06329,0.06467,0.06312,0.06377,373858495
1679673600000,0.06377,0.06397,0.06255,0.06371,302394945
1679688000000,0.06371,0.0638,0.06272,0.0633,175061759
1679702400000,0.0633,0.06432,0.0633,0.0641,157483759
1679716800000,0.06409,0.06416,0.06353,0.06353,123386473
1679731200000,0.06354,0.06392,0.06324,0.06356,136582890
1679745600000,0.06356,0.06429,0.06342,0.06396,180799626
1679760000000,0.06395,0.06403,0.0626,0.06273,203453431
1679774400000,0.06273,0.06365,0.06264,0.06363,100850790
1679788800000,0.06363,0.065,0.06345,0.0643,209740966
1679803200000,0.0643,0.06434,0.06328,0.06386,140617959
1679817600000,0.06387,0.06459,0.06379,0.06416,113305125
1679832000000,0.06416,0.06466,0.06363,0.0639,172934068
1679846400000,0.06389,0.06429,0.06381,0.06404,75530482
1679860800000,0.06404,0.06447,0.06367,0.06405,71263878
1679875200000,0.06405,0.06433,0.06371,0.06417,119615982
1679889600000,0.06416,0.06436,0.06373,0.06382,118975903
1679904000000,0.06382,0.0643,0.06371,0.06401,110686291
1679918400000,0.06401,0.06424,0.06168,0.06307,437990019
1679932800000,0.06307,0.06363,0.06268,0.06306,224335832
1679947200000,0.06306,0.06357,0.06291,0.06346,93481826
1679961600000,0.06346,0.06414,0.0632,0.06341,171876812
1679976000000,0.0634,0.06412,0.0634,0.06375,136449464
1679990400000,0.06376,0.06408,0.0635,0.06392,153584087
1680004800000,0.06391,0.06409,0.06341,0.06355,174871804
1680019200000,0.06354,0.06447,0.06331,0.06431,241811952
1680033600000,0.06432,0.06437,0.06383,0.06414,90492384
1680048000000,0.06413,0.06456,0.06403,0.06428,97364272
1680062400000,0.06428,0.06532,0.0642,0.06492,199903921
1680076800000,0.06491,0.06543,0.06441,0.06469,210675597
1680091200000,0.0647,0.06476,0.06404,0.06437,168440330
1680105600000,0.06437,0.06446,0.06405,0.06439,113025827
1680120000000,0.06439,0.06448,0.0638,0.06424,117304400
1680134400000,0.06425,0.0648,0.06353,0.06418,239660550
1680148800000,0.06418,0.06463,0.06409,0.06433,110454463
1680163200000,0.06433,0.06492,0.06402,0.06481,180798917
1680177600000,0.06482,0.06545,0.06441,0.0647,287332256
1680192000000,0.0647,0.06489,0.06356,0.06437,206712840
1680206400000,0.06438,0.06493,0.06415,0.06477,120416504
1680220800000,0.06478,0.06507,0.06456,0.06495,120793243
1680235200000,0.06495,0.06536,0.06423,0.06466,185746335
1680249600000,0.06466,0.0658,0.06465,0.06562,205206014
1680264000000,0.06561,0.06615,0.06547,0.06612,229479775
1680278400000,0.06612,0.06614,0.06572,0.06578,107969289
1680292800000,0.06577,0.066,0.06544,0.06545,91764772
1680307200000,0.06546,0.06586,0.06532,0.0654,110709519
1680321600000,0.06539,0.06623,0.06531,0.06605,200424984
1680336000000,0.06605,0.06672,0.06569,0.06649,150501614
1680350400000,0.06649,0.06723,0.06611,0.06621,225592953
1680364800000,0.06622,0.06634,0.06582,0.06615,139054533
1680379200000,0.06616,0.06654,0.06615,0.0664,89182214
1680393600000,0.06641,0.06691,0.06626,0.06662,144550297
1680408000000,0.06662,0.06681,0.06552,0.06598,164675856
1680422400000,0.06598,0.06626,0.06583,0.06593,75364294
1680436800000,0.06593,0.06615,0.06536,0.06562,144309495
1680451200000,0.06562,0.06593,0.06501,0.0651,118001853
1680465600000,0.06509,0.06555,0.06479,0.06511,114334171
1680480000000,0.06511,0.06535,0.06416,0.06496,180877494
1680494400000,0.06495,0.06539,0.06479,0.06516,120945649
1680508800000,0.06517,0.066,0.06513,0.06558,169359397
1680523200000,0.06558,0.06586,0.06516,0.06532,121884718
1680537600000,0.06533,0.06622,0.06524,0.06578,153484666
1680552000000,0.06578,0.06591,0.06453,0.06571,195291852
1680566400000,0.06572,0.06675,0.06555,0.06645,179214044
1680580800000,0.06646,0.06668,0.06608,0.06612,109282964
1680595200000,0.06611,0.06674,0.0661,0.06634,109099139
1680609600000,0.06633,0.0668,0.0656,0.06571,181182453
1680624000000,0.06571,0.06613,0.06552,0.06566,101122397
1680638400000,0.06566,0.06598,0.06556,0.06571,79941313
1680652800000,0.06572,0.06655,0.06548,0.06642,169687425
1680667200000,0.06642,0.06658,0.06625,0.06637,62452640
1680681600000,0.06638,0.06656,0.06617,0.06646,84599910
1680696000000,0.06645,0.06678,0.06552,0.06569,217788019
1680710400000,0.06569,0.06587,0.06524,0.06573,179111644
1680724800000,0.06574,0.06614,0.06566,0.06611,59146702
1680739200000,0.06612,0.06654,0.06579,0.06628,168736247
1680753600000,0.06628,0.0665,0.06588,0.06597,112259806
1680768000000,0.06597,0.06639,0.06578,0.0663,130089562
1680782400000,0.0663,0.0667,0.06604,0.06604,202839724
1680796800000,0.06605,0.06613,0.06548,0.0658,143220979
1680811200000,0.06579,0.06609,0.0656,0.06605,76989162
1680825600000,0.06605,0.06622,0.06568,0.06611,78235621
1680840000000,0.06612,0.06648,0.06565,0.06574,126491469
1680854400000,0.06573,0.06594,0.06555,0.06568,86473127
1680868800000,0.06568,0.06611,0.06551,0.06601,94582559
1680883200000,0.06602,0.0663,0.06587,0.0661,94480675
1680897600000,0.0661,0.06629,0.06598,0.06599,53468326
1680912000000,0.06599,0.06635,0.06571,0.06619,99847073
1680926400000,0.0662,0.06639,0.0661,0.06621,72686375
1680940800000,0.0662,0.06642,0.06596,0.06639,68399653
1680955200000,0.06638,0.0665,0.06632,0.06639,87053597
1680969600000,0.06639,0.06644,0.06561,0.06597,105319339
1680984000000,0.06596,0.06626,0.06588,0.06606,59780283
1680998400000,0.06607,0.06645,0.06607,0.06623,62635463
1681012800000,0.06624,0.06634,0.06584,0.06597,75203901
1681027200000,0.06597,0.06622,0.06589,0.06621,65367139
1681041600000,0.06621,0.06645,0.06589,0.06636,130842755
1681056000000,0.06635,0.06668,0.06615,0.06638,135791310
1681070400000,0.06637,0.06686,0.06626,0.06657,105657335
1681084800000,0.06657,0.06663,0.06612,0.0664,101772496
1681099200000,0.0664,0.06688,0.06636,0.06675,77566477
1681113600000,0.06675,0.06686,0.06663,0.06679,78663786
1681128000000,0.0668,0.06683,0.06645,0.06655,117399130
1681142400000,0.06656,0.06714,0.06636,0.06697,170171840
1681156800000,0.06697,0.06742,0.06679,0.06726,134170115
1681171200000,0.06725,0.06771,0.067,0.0676,136927278
1681185600000,0.0676,0.06776,0.06685,0.06696,184752281
1681200000000,0.06698,0.0671,0.06638,0.06672,165311242
1681214400000,0.06672,0.0669,0.0665,0.06682,140523711
1681228800000,0.06681,0.0679,0.06496,0.06637,1900813304
1681243200000,0.06637,0.06656,0.0661,0.06624,106901595
1681257600000,0.06624,0.06641,0.06187,0.0633,1656839172
1681272000000,0.0633,0.06435,0.06302,0.06399,560380710
1681286400000,0.064,0.06469,0.0636,0.06425,368408701
1681300800000,0.06425,0.06536,0.06397,0.06471,555868326
1681315200000,0.0647,0.06509,0.06454,0.0649,169975154
1681329600000,0.0649,0.06518,0.06475,0.06511,122667043
1681344000000,0.06511,0.06512,0.06455,0.06489,116375633
1681358400000,0.06488,0.065,0.06465,0.06483,83803431
1681372800000,0.06483,0.06551,0.06473,0.06528,208402035
1681387200000,0.06527,0.06542,0.06431,0.06492,399941486
1681401600000,0.06491,0.06537,0.06419,0.06501,330060293
1681416000000,0.06501,0.06542,0.06481,0.06519,136928587
1681430400000,0.06518,0.06711,0.06506,0.06665,460072705
1681444800000,0.06664,0.0667,0.06621,0.06632,191146780
1681459200000,0.06633,0.06683,0.06632,0.06682,125668893
1681473600000,0.06682,0.06682,0.06549,0.06565,217907380
1681488000000,0.06566,0.06634,0.06551,0.06633,113365069
1681502400000,0.06634,0.06648,0.06606,0.0662,75025999
1681516800000,0.06618,0.06619,0.0655,0.06559,130022400
1681531200000,0.06559,0.06597,0.06547,0.06597,65598379
1681545600000,0.06596,0.06603,0.0658,0.06595,63927787
1681560000000,0.06595,0.06627,0.06574,0.06596,95659194
1681574400000,0.06595,0.06618,0.06564,0.06602,95698943
1681588800000,0.06603,0.06609,0.0657,0.06586,53654900
1681603200000,0.06587,0.0662,0.06555,0.06601,82983733
1681617600000,0.066,0.06621,0.06586,0.06608,58297353
1681632000000,0.06608,0.06613,0.06589,0.06601,66500837
1681646400000,0.066,0.06635,0.06593,0.06635,71648285
1681660800000,0.06634,0.06658,0.06609,0.06616,88461107
1681675200000,0.06615,0.0667,0.06591,0.06655,89991874
1681689600000,0.06655,0.06667,0.06577,0.06638,141970536
1681704000000,0.06638,0.06655,0.06618,0.06626,68030653
1681718400000,0.06626,0.06651,0.066,0.0662,96908771
1681732800000,0.06621,0.06625,0.06539,0.06563,177710240
1681747200000,0.06563,0.06581,0.06554,0.06565,62088995
1681761600000,0.06565,0.06587,0.06558,0.06568,63179420
1681776000000,0.06568,0.06613,0.06539,0.06593,96208636
1681790400000,0.06593,0.0662,0.06575,0.06618,79633187
1681804800000,0.06618,0.06667,0.06615,0.06664,103247972
1681819200000,0.06663,0.06683,0.06651,0.06666,127343320
1681833600000,0.06666,0.06678,0.0662,0.06624,105325611
1681848000000,0.06624,0.06682,0.06615,0.0668,65778262
1681862400000,0.0668,0.06709,0.06661,0.06691,102595874
1681876800000,0.06692,0.06701,0.06632,0.06658,116913350
1681891200000,0.06658,0.06661,0.06477,0.06567,392512861
1681905600000,0.06567,0.06607,0.06533,0.06565,143822048
1681920000000,0.06566,0.06588,0.0654,0.06577,109686075
1681934400000,0.06577,0.06715,0.06509,0.06558,502554535
1681948800000,0.06557,0.06631,0.06517,0.06594,226074298
1681963200000,0.06594,0.06659,0.06594,0.06621,179650087
1681977600000,0.06621,0.06659,0.06591,0.06593,125671588
1681992000000,0.06593,0.06662,0.06511,0.06522,285539463
1682006400000,0.06522,0.06541,0.0645,0.06506,292884375
1682020800000,0.06506,0.06546,0.06498,0.06538,80983175
1682035200000,0.06538,0.06561,0.06519,0.06551,104923876
1682049600000,0.06553,0.06557,0.06494,0.0654,137904768
1682064000000,0.0654,0.06571,0.06534,0.06562,122046419
1682078400000,0.06562,0.066,0.06538,0.06563,175761457
1682092800000,0.06563,0.06577,0.06455,0.06471,220063831
1682107200000,0.0647,0.065,0.06416,0.06494,186664641
1682121600000,0.06495,0.06522,0.06477,0.0652,106126188
1682136000000,0.0652,0.06522,0.06483,0.06498,71272525
1682150400000,0.06497,0.06621,0.06497,0.06589,300554609
1682164800000,0.0659,0.06616,0.0649,0.06546,280522581
1682179200000,0.06545,0.06602,0.06545,0.06584,116564234
1682193600000,0.06584,0.06612,0.06583,0.0661,76852078
1682208000000,0.06609,0.06633,0.06545,0.06577,173885122
1682222400000,0.06577,0.06645,0.06577,0.06643,94847194
1682236800000,0.06643,0.06658,0.06621,0.06653,105216370
1682251200000,0.06653,0.06698,0.06604,0.06639,206386629
1682265600000,0.0664,0.06681,0.06574,0.06618,201149687
1682280000000,0.06617,0.06668,0.06599,0.06666,161973107
1682294400000,0.06667,0.06695,0.06642,0.0665,174525597
1682308800000,0.06649,0.06651,0.06582,0.06616,138911663
1682323200000,0.06616,0.06655,0.06578,0.06653,130350682
1682337600000,0.06654,0.06668,0.06593,0.06608,191428055
1682352000000,0.06608,0.06635,0.06579,0.06612,115651330
1682366400000,0.06612,0.06625,0.06598,0.06606,55539644
1682380800000,0.06605,0.06619,0.06581,0.06593,95261544
1682395200000,0.06592,0.06608,0.06578,0.06582,84233330
1682409600000,0.06582,0.06594,0.06558,0.06585,116872494
1682424000000,0.06585,0.06591,0.06516,0.06535,151609158
1682438400000,0.06534,0.06561,0.06518,0.06548,90863196
1682452800000,0.06548,0.06597,0.06544,0.06579,147430839
1682467200000,0.06579,0.0661,0.06573,0.06596,94649112
1682481600000,0.06596,0.06628,0.0658,0.06582,93731790
1682496000000,0.06582,0.06626,0.06576,0.06623,146817198
1682510400000,0.06623,0.06713,0.06618,0.06665,403957026
1682524800000,0.06665,0.06692,0.06424,0.0645,362340037
1682539200000,0.06449,0.06535,0.06369,0.06501,326418879
1682553600000,0.06501,0.066,0.06491,0.06532,221559935
1682568000000,0.06531,0.06576,0.06504,0.06535,125480950
1682582400000,0.06534,0.06554,0.06521,0.06535,91338822
1682596800000,0.06535,0.06591,0.0651,0.06556,237363714
1682611200000,0.06556,0.06606,0.06541,0.06578,148207817
1682625600000,0.06578,0.06589,0.06546,0.06569,101523666
1682640000000,0.06569,0.06586,0.0656,0.06578,76625756
1682654400000,0.06579,0.06605,0.06577,0.0659,69876273
1682668800000,0.06589,0.06626,0.06581,0.06591,122758653
1682683200000,0.06592,0.06616,0.06554,0.06602,143894055
1682697600000,0.06602,0.06656,0.06602,0.06651,121296739
1682712000000,0.06651,0.06667,0.06645,0.06665,72849325
1682726400000,0.06664,0.06706,0.06655,0.06704,115911518
1682740800000,0.06705,0.06747,0.06693,0.06714,170868694
1682755200000,0.06715,0.06728,0.06686,0.06714,97710453
1682769600000,0.06713,0.06719,0.06683,0.06708,89372703
1682784000000,0.06708,0.06739,0.06684,0.06735,93916267
1682798400000,0.06735,0.06822,0.06731,0.06797,186647163
1682812800000,0.06798,0.06803,0.0672,0.06757,162146825
1682827200000,0.06757,0.06781,0.06744,0.0676,105843230
1682841600000,0.0676,0.06788,0.0675,0.06773,88065800
1682856000000,0.06772,0.06795,0.06732,0.06752,154710277
1682870400000,0.06751,0.06793,0.06711,0.06768,174271816
1682884800000,0.06768,0.06771,0.06705,0.06709,123397075
1682899200000,0.0671,0.0677,0.06671,0.06724,215177712
1682913600000,0.06724,0.06893,0.06712,0.06806,508307791
1682928000000,0.06806,0.06888,0.06793,0.06885,280951093
1682942400000,0.06886,0.06935,0.06819,0.06838,443797750
1682956800000,0.06839,0.06879,0.06782,0.06825,330379001
1682971200000,0.06826,0.06862,0.06804,0.06847,179854088
1682985600000,0.06846,0.06859,0.06711,0.06753,281741271
1683000000000,0.06752,0.06856,0.06732,0.06833,218472771
1683014400000,0.06833,0.06848,0.06803,0.06816,178515828
1683028800000,0.06815,0.06892,0.06804,0.06853,305941666
1683043200000,0.06854,0.06988,0.0684,0.06932,255978356
1683057600000,0.06933,0.06944,0.06897,0.06919,108927019
1683072000000,0.06918,0.06956,0.069,0.06942,146949910
1683086400000,0.06942,0.06947,0.06885,0.06913,155391648
1683100800000,0.06913,0.06945,0.06895,0.06897,156818299
1683115200000,0.06898,0.06902,0.06816,0.06847,277281265
1683129600000,0.06846,0.06916,0.06835,0.06881,209292208
1683144000000,0.06881,0.06947,0.06872,0.06921,182543132
1683158400000,0.06921,0.06962,0.06908,0.06936,129598777
1683172800000,0.06936,0.06937,0.06902,0.06909,97191924
1683187200000,0.0691,0.0694,0.06899,0.06921,75447124
1683201600000,0.06921,0.06931,0.06887,0.06899,121255957
1683216000000,0.06899,0.06931,0.06892,0.06928,80480269
1683230400000,0.06928,0.06947,0.06921,0.06934,65856207
1683244800000,0.06935,0.06982,0.06932,0.06962,161221751
1683259200000,0.06962,0.06975,0.06949,0.06962,87031127
1683273600000,0.06962,0.07042,0.06955,0.0701,224221538
1683288000000,0.07011,0.07088,0.06955,0.07085,338401188
1683302400000,0.07084,0.07142,0.07067,0.07103,251048014
1683316800000,0.07102,0.07112,0.07082,0.07091,71728844
1683331200000,0.0709,0.07106,0.07028,0.07032,140532814
1683345600000,0.07033,0.07084,0.07024,0.07032,116365335
1683360000000,0.07031,0.07052,0.06985,0.07046,142085399
1683374400000,0.07046,0.07052,0.06951,0.06989,266405749
1683388800000,0.06989,0.07032,0.06955,0.06993,140874420
1683403200000,0.06992,0.07021,0.06987,0.0702,64003109
1683417600000,0.0702,0.07037,0.06984,0.06987,99885479
1683432000000,0.06987,0.07012,0.06979,0.07001,60706730
1683446400000,0.07,0.07045,0.06988,0.07034,96147207
1683460800000,0.07034,0.07037,0.06941,0.0699,209919769
1683475200000,0.0699,0.07014,0.06939,0.06967,95038461
1683489600000,0.06968,0.06979,0.06899,0.06918,110595338
1683504000000,0.06918,0.06937,0.06755,0.06849,319257840
1683518400000,0.06849,0.06873,0.06816,0.06853,136639930
1683532800000,0.06853,0.06858,0.06797,0.06805,145436984
1683547200000,0.06804,0.06867,0.06791,0.06836,131604012
1683561600000,0.06836,0.06837,0.0669,0.06761,337403156
1683576000000,0.06761,0.06853,0.06754,0.06848,178195458
1683590400000,0.06849,0.06851,0.06786,0.06828,131852912
1683604800000,0.06828,0.06878,0.06825,0.06876,169785996
1683619200000,0.06877,0.06918,0.06817,0.06906,148584656
1683633600000,0.06906,0.06932,0.06869,0.06899,199306147
1683648000000,0.069,0.06901,0.06821,0.06891,173078271
1683662400000,0.06891,0.06911,0.06859,0.06901,83801808
1683676800000,0.06902,0.06928,0.06887,0.06926,99624369
1683691200000,0.06926,0.06948,0.06907,0.06931,118276158
1683705600000,0.0693,0.06973,0.06913,0.06971,130024935
1683720000000,0.0697,0.07062,0.0693,0.06951,318633464
1683734400000,0.06951,0.0697,0.0676,0.06919,323125505
1683748800000,0.06918,0.06957,0.06893,0.06931,137278129
1683763200000,0.06931,0.06935,0.06892,0.06906,105044154
1683777600000,0.06905,0.06954,0.06898,0.06933,87619986
1683792000000,0.06933,0.06938,0.06853,0.06906,185391030
1683806400000,0.06907,0.06935,0.06824,0.06826,209942023
1683820800000,0.06826,0.06835,0.06671,0.06701,331124204
1683835200000,0.06701,0.0677,0.0669,0.06765,99935644
1683849600000,0.06765,0.06794,0.06706,0.06736,131733741
1683864000000,0.06735,0.06787,0.06715,0.06766,149508940
1683878400000,0.06765,0.06906,0.06754,0.06868,216098356
1683892800000,0.06868,0.06892,0.06831,0.06834,209322719
1683907200000,0.06833,0.06898,0.06783,0.0689,269690312
1683921600000,0.06891,0.06937,0.06843,0.06905,146660713
1683936000000,0.06904,0.06917,0.06855,0.06858,82567006
1683950400000,0.06858,0.06892,0.06839,0.06884,68126381
1683964800000,0.06884,0.06899,0.06877,0.06898,56472889
1683979200000,0.06898,0.06959,0.06888,0.06906,183073718
1683993600000,0.06905,0.06928,0.06887,0.06913,85907167
1684008000000,0.06913,0.06949,0.06899,0.0693,73409814
1684022400000,0.06931,0.06977,0.06928,0.06961,104262233
1684036800000,0.06961,0.06964,0.06912,0.06934,71717670
1684051200000,0.06934,0.06947,0.06915,0.06933,57750729
1684065600000,0.06934,0.06956,0.06907,0.06944,257865397
1684080000000,0.06943,0.0695,0.06875,0.06897,87965967
1684094400000,0.06897,0.06939,0.06889,0.06936,51363943
1684108800000,0.06936,0.06964,0.06901,0.06956,136021894
1684123200000,0.06957,0.06998,0.0695,0.06994,105662605
1684137600000,0.06995,0.07037,0.06991,0.07017,110913261
1684152000000,0.07018,0.07038,0.06986,0.07013,106667521
1684166400000,0.07013,0.07038,0.07005,0.07031,79005042
1684180800000,0.0703,0.0705,0.07004,0.07023,80807721
1684195200000,0.07023,0.07065,0.06988,0.07058,206037341
1684209600000,0.07057,0.07078,0.07026,0.0705,145802750
1684224000000,0.0705,0.07061,0.07029,0.07039,101054077
1684238400000,0.07038,0.07068,0.07026,0.0704,132769950
1684252800000,0.07041,0.07064,0.07011,0.07021,100129260
1684267200000,0.07021,0.07063,0.0702,0.07052,78555370
1684281600000,0.07051,0.07118,0.07026,0.07064,173055266
1684296000000,0.07065,0.07089,0.07046,0.07065,95498499
1684310400000,0.07066,0.07079,0.07031,0.07048,138976010
1684324800000,0.07049,0.07077,0.07015,0.0704,125085081
1684339200000,0.0704,0.07139,0.07032,0.07119,153933014
1684353600000,0.0712,0.0712,0.07081,0.07117,78181566
1684368000000,0.07116,0.07135,0.07085,0.07107,118503588
1684382400000,0.07107,0.0713,0.0703,0.07066,200444578
1684396800000,0.07066,0.07096,0.07038,0.07079,105630037
1684411200000,0.07079,0.07098,0.07053,0.07056,116650938
1684425600000,0.07056,0.07077,0.06972,0.07029,211979438
1684440000000,0.07029,0.07056,0.07013,0.07013,83742530
1684454400000,0.07013,0.0703,0.07002,0.07017,87221514
1684468800000,0.07017,0.07038,0.07007,0.07022,69949054
1684483200000,0.07023,0.0704,0.0702,0.07034,54247111
1684497600000,0.07034,0.0708,0.07014,0.07057,159677046
1684512000000,0.07056,0.07075,0.07033,0.0705,62703720
1684526400000,0.0705,0.07066,0.07033,0.07062,46502609
1684540800000,0.07061,0.07079,0.07048,0.07067,67195904
1684555200000,0.07066,0.07079,0.07062,0.07076,60321853
1684569600000,0.07075,0.07098,0.07069,0.07079,60607612
1684584000000,0.07079,0.07284,0.07075,0.07264,679512052
1684598400000,0.07265,0.07296,0.07212,0.07266,333367632
1684612800000,0.07267,0.07278,0.07227,0.07253,171883007
1684627200000,0.07253,0.07278,0.07216,0.07236,167291869
1684641600000,0.07236,0.07245,0.07219,0.07242,90908193
1684656000000,0.07242,0.07243,0.0719,0.07224,192965204
1684670400000,0.07224,0.07684,0.07215,0.07542,1644766019
1684684800000,0.07542,0.0758,0.07451,0.07543,664372241
1684699200000,0.07543,0.0756,0.07459,0.07494,378575952
1684713600000,0.07494,0.07511,0.07418,0.07426,532989814
1684728000000,0.07426,0.0766,0.07418,0.07643,682438258
1684742400000,0.07643,0.07862,0.0764,0.0775,1738201198
1684756800000,0.07749,0.07926,0.07705,0.07887,1415237891
1684771200000,0.07887,0.0792,0.07852,0.07863,467218487
1684785600000,0.07862,0.07871,0.07777,0.07792,306369056
1684800000000,0.07793,0.07992,0.0778,0.07919,563617309
1684814400000,0.07919,0.07935,0.07835,0.07861,388982100
1684828800000,0.07861,0.07864,0.07761,0.07762,433069633
1684843200000,0.07763,0.07812,0.07754,0.07807,268708895
1684857600000,0.07808,0.07824,0.07766,0.07791,183645793
1684872000000,0.07791,0.07862,0.07771,0.07842,172652257
1684886400000,0.07842,0.07852,0.07726,0.0777,292592653
1684900800000,0.0777,0.07847,0.07745,0.07756,274239442
1684915200000,0.07756,0.07781,0.07679,0.07694,277115833
1684929600000,0.07694,0.07763,0.07664,0.07723,447337660
1684944000000,0.07722,0.07726,0.07636,0.07711,189912796
1684958400000,0.07712,0.07737,0.07673,0.07681,120987740
1684972800000,0.07681,0.07742,0.07656,0.07723,240795738
1684987200000,0.07723,0.07835,0.07716,0.07746,291132978
1685001600000,0.07746,0.07763,0.07676,0.07726,266822066
1685016000000,0.07726,0.078,0.07718,0.0773,255000584
1685030400000,0.0773,0.07772,0.07704,0.07739,139001244
1685044800000,0.07739,0.07752,0.07663,0.07669,118748375
1685059200000,0.07669,0.07719,0.07644,0.07713,139111021
1685073600000,0.07714,0.07743,0.07681,0.07701,117777137
1685088000000,0.077,0.07707,0.07582,0.0759,220525091
1685102400000,0.07591,0.07628,0.0756,0.07618,249346484
1685116800000,0.07619,0.07643,0.07586,0.07627,145263819
1685131200000,0.07628,0.07644,0.07527,0.07536,123905673
1685145600000,0.07536,0.07552,0.07512,0.0755,113012175
1685160000000,0.07551,0.07635,0.0753,0.07604,162651243
1685174400000,0.07604,0.07632,0.07594,0.07618,99698775
1685188800000,0.07617,0.0766,0.07603,0.07611,133680598
1685203200000,0.07612,0.07683,0.07606,0.07681,124831494
1685217600000,0.0768,0.07724,0.07671,0.0771,120510525
1685232000000,0.0771,0.07813,0.07702,0.07748,163668425
1685246400000,0.07747,0.07764,0.0768,0.07723,128171077
1685260800000,0.07723,0.07736,0.07695,0.07703,104952083
1685275200000,0.07704,0.07715,0.07673,0.07676,90604776
1685289600000,0.07677,0.07722,0.07659,0.07688,111346976
1685304000000,0.07688,0.07789,0.07665,0.07737,237792625
1685318400000,0.07737,0.07809,0.07728,0.07755,171952784
1685332800000,0.07755,0.07775,0.07706,0.07711,132906817
1685347200000,0.07712,0.07769,0.07677,0.07768,129670770
1685361600000,0.07768,0.07773,0.07651,0.07658,148730664
1685376000000,0.07657,0.07674,0.0763,0.0764,105726371
1685390400000,0.07641,0.07648,0.07597,0.07606,102802299
1685404800000,0.07607,0.0762,0.07555,0.07615,120130338
1685419200000,0.07615,0.07648,0.07595,0.07635,100806147
1685433600000,0.07635,0.07686,0.07611,0.07668,116973594
1685448000000,0.07668,0.07673,0.07583,0.07622,167073122
1685462400000,0.07622,0.07646,0.07596,0.0763,77248833
1685476800000,0.0763,0.07654,0.07606,0.07626,62462345
1685491200000,0.07626,0.07661,0.0758,0.07623,100227221
1685505600000,0.07623,0.07634,0.07523,0.07573,179728337
1685520000000,0.07574,0.07588,0.07504,0.0752,116654995
1685534400000,0.0752,0.07551,0.07501,0.07525,130418616
1685548800000,0.07525,0.07599,0.07521,0.07592,122334164
1685563200000,0.07592,0.07602,0.07503,0.07516,104872647
1685577600000,0.07517,0.07544,0.0744,0.07486,212420268
1685592000000,0.07486,0.07522,0.07405,0.07432,156816825
1685606400000,0.07433,0.07505,0.07423,0.07491,108411078
1685620800000,0.07492,0.07497,0.07456,0.07496,69434329
1685635200000,0.07495,0.07522,0.07472,0.07508,86313654
1685649600000,0.07508,0.07515,0.07446,0.07474,65107930
1685664000000,0.07473,0.07566,0.07449,0.07556,108320398
1685678400000,0.07556,0.07679,0.07549,0.07623,226059665
1685692800000,0.07623,0.07655,0.07613,0.07643,86221582
1685707200000,0.07642,0.07655,0.076,0.07625,120492615
1685721600000,0.07625,0.07688,0.07616,0.07668,77579664
1685736000000,0.07667,0.08406,0.07652,0.08254,1322640458
1685750400000,0.08255,0.08478,0.08255,0.08333,1107747534
1685764800000,0.08333,0.08418,0.08295,0.08391,607435579
1685779200000,0.08391,0.0859,0.08391,0.0846,1017576973
1685793600000,0.08461,0.0849,0.0823,0.08258,1056283026
1685808000000,0.08258,0.08309,0.0808,0.08176,868756060
1685822400000,0.08175,0.08254,0.0812,0.08169,366650114
1685836800000,0.0817,0.08231,0.08112,0.08165,267562677
1685851200000,0.08165,0.08196,0.08014,0.08052,404427139
1685865600000,0.08053,0.08314,0.08032,0.082,720447537
1685880000000,0.082,0.0822,0.08147,0.08173,198678887
1685894400000,0.08174,0.08229,0.08167,0.08189,137009717
1685908800000,0.08189,0.08211,0.08128,0.08132,148829215
1685923200000,0.08131,0.08173,0.08057,0.08107,271027116
1685937600000,0.08108,0.08188,0.08076,0.08145,184123161
1685952000000,0.08145,0.08185,0.08121,0.08154,149477374
1685966400000,0.08153,0.08178,0.0783,0.07854,380108925
1685980800000,0.07851,0.0793,0.07723,0.07799,607077805
1685995200000,0.07798,0.07832,0.07737,0.07829,147595531
1686009600000,0.07828,0.07895,0.07807,0.0789,180442262
1686024000000,0.0789,0.07914,0.07834,0.07838,134488015
1686038400000,0.07839,0.07906,0.07834,0.07843,117120633
1686052800000,0.07844,0.07877,0.07752,0.07765,362493742
1686067200000,0.07764,0.07805,0.07733,0.078,261438965
1686081600000,0.07799,0.07836,0.07766,0.07818,141487994
1686096000000,0.07819,0.07892,0.07804,0.07867,195013938
1686110400000,0.07867,0.07876,0.07661,0.07714,236908749
1686124800000,0.07713,0.07761,0.07638,0.07744,199197594
1686139200000,0.07744,0.0778,0.07616,0.07637,268879588
1686153600000,0.07637,0.07738,0.07619,0.07733,147275330
1686168000000,0.07734,0.07739,0.07623,0.07671,144952494
1686182400000,0.07671,0.07676,0.07605,0.07638,92299936
1686196800000,0.07638,0.07707,0.07626,0.07681,115456568
1686211200000,0.07681,0.07764,0.07675,0.07725,145987259
1686225600000,0.07725,0.078,0.07706,0.07729,165695101
1686240000000,0.07728,0.07794,0.07705,0.07766,104390677
1686254400000,0.07765,0.07793,0.07733,0.07734,64446398
1686268800000,0.07734,0.07751,0.0768,0.07722,110477956
1686283200000,0.07721,0.07778,0.07711,0.07739,87475139
1686297600000,0.07739,0.078,0.07727,0.078,78675318
1686312000000,0.078,0.07834,0.07771,0.07774,149867112
1686326400000,0.07775,0.07839,0.07216,0.07224,917438881
1686340800000,0.07223,0.07279,0.07111,0.07198,883368649
1686355200000,0.07198,0.07202,0.07025,0.07053,580988876
1686369600000,0.07054,0.07108,0.0644,0.06651,1387739791
1686384000000,0.06651,0.0684,0.06634,0.06786,508158765
1686398400000,0.06785,0.06839,0.06736,0.0681,210101137
1686412800000,0.0681,0.06975,0.06784,0.06946,364767201
1686427200000,0.06946,0.06976,0.06892,0.06951,148570064
1686441600000,0.06951,0.06965,0.06815,0.06888,202633126
1686456000000,0.06889,0.06939,0.06855,0.06936,107700112
1686470400000,0.06937,0.06942,0.06895,0.06899,95543322
1686484800000,0.069,0.06936,0.0689,0.06906,111939562
1686499200000,0.06906,0.07044,0.06887,0.07029,144873182
1686513600000,0.07029,0.07056,0.06947,0.07018,117885817
1686528000000,0.07018,0.07042,0.06915,0.06973,204787012
1686542400000,0.06973,0.06999,0.06921,0.06933,115119620
1686556800000,0.06933,0.07038,0.06921,0.07,185756499
1686571200000,0.07,0.07089,0.06993,0.07,167233267
1686585600000,0.07001,0.07071,0.06989,0.07054,131367310
1686600000000,0.07055,0.07125,0.07049,0.07112,123462677
1686614400000,0.07111,0.07188,0.07099,0.07188,137007246
1686628800000,0.07187,0.0727,0.07159,0.07161,231476762
1686643200000,0.0716,0.07235,0.07147,0.07198,157803263
1686657600000,0.07197,0.07249,0.071,0.07105,226158197
1686672000000,0.07106,0.07199,0.07105,0.07167,112977487
1686686400000,0.07167,0.07198,0.0715,0.07186,62344282
1686700800000,0.07186,0.07238,0.07174,0.07228,79632979
1686715200000,0.07228,0.07241,0.07194,0.07211,65211977
1686729600000,0.07212,0.07283,0.07209,0.0725,101592771
1686744000000,0.07249,0.07275,0.07217,0.0725,102694693
1686758400000,0.07249,0.07275,0.07172,0.07222,139498412
1686772800000,0.07223,0.0723,0.06991,0.07097,335897849
1686787200000,0.07096,0.07205,0.07084,0.07193,127454040
1686801600000,0.07193,0.07212,0.07127,0.07133,164179005
1686816000000,0.07132,0.07132,0.06934,0.07035,314893652
1686830400000,0.07034,0.07103,0.06992,0.07027,211093331
1686844800000,0.07027,0.07102,0.06975,0.07091,156140987
1686859200000,0.0709,0.07126,0.07036,0.07094,87055906
1686873600000,0.07094,0.0712,0.07047,0.07116,68714761
1686888000000,0.07116,0.07119,0.06959,0.06982,160709096
1686902400000,0.06982,0.07023,0.0692,0.06959,151702909
1686916800000,0.06959,0.06974,0.06866,0.06964,203540267
1686931200000,0.06963,0.07122,0.06942,0.0708,201870859
1686945600000,0.07081,0.071,0.0704,0.07048,74825681
1686960000000,0.07048,0.07088,0.07019,0.07072,80088198
1686974400000,0.07072,0.07167,0.07049,0.07108,136689996
1686988800000,0.07107,0.07147,0.07103,0.07127,85927768
1687003200000,0.07127,0.07144,0.0708,0.07108,92018846
1687017600000,0.07109,0.07154,0.07088,0.07141,89683804
1687032000000,0.07141,0.07172,0.07135,0.07159,65737997
1687046400000,0.07159,0.0721,0.07118,0.07175,100475012
1687060800000,0.07176,0.07201,0.07077,0.07114,135093049
1687075200000,0.07114,0.07124,0.07032,0.07069,104137404
1687089600000,0.0707,0.07073,0.07004,0.07045,121710542
1687104000000,0.07045,0.07065,0.07029,0.07046,69496167
1687118400000,0.07046,0.07051,0.06934,0.07008,139391661
1687132800000,0.07007,0.07027,0.06961,0.06993,80912697
1687147200000,0.06993,0.0702,0.06974,0.06983,67566327
1687161600000,0.06982,0.06997,0.06946,0.06991,64333399
1687176000000,0.06991,0.0701,0.06929,0.06968,112773360
1687190400000,0.06968,0.07041,0.0693,0.07011,162366909
1687204800000,0.07012,0.07025,0.06979,0.06996,146799780
1687219200000,0.06995,0.06996,0.06881,0.06925,168884567
1687233600000,0.06925,0.06929,0.06878,0.06895,105947266
1687248000000,0.06895,0.06897,0.06795,0.0687,190512913
1687262400000,0.0687,0.06902,0.06828,0.0689,138340762
1687276800000,0.06891,0.07014,0.06886,0.06997,241613303
1687291200000,0.06998,0.07066,0.06983,0.07053,152646597
1687305600000,0.07053,0.07147,0.07035,0.07107,188356565
1687320000000,0.07107,0.07198,0.07076,0.07078,206597745
1687334400000,0.07078,0.07101,0.07025,0.07066,149548386
1687348800000,0.07067,0.07169,0.07021,0.07132,240783762
1687363200000,0.07132,0.07256,0.07127,0.07194,285918883
1687377600000,0.07195,0.07265,0.07166,0.07226,187191200
1687392000000,0.07226,0.07383,0.07198,0.07344,202364194
1687406400000,0.07344,0.07415,0.07304,0.07366,186677588
1687420800000,0.07366,0.07366,0.07182,0.07206,207079592
1687435200000,0.07205,0.07255,0.0713,0.07167,202496101
1687449600000,0.07167,0.07225,0.0714,0.07215,93956499
1687464000000,0.07216,0.07228,0.07145,0.07219,102404180
1687478400000,0.07218,0.07265,0.07198,0.07261,108188964
1687492800000,0.07261,0.07278,0.07227,0.07236,87243313
1687507200000,0.07235,0.07242,0.07158,0.07203,123475697
1687521600000,0.07202,0.07316,0.07142,0.07302,228306793
1687536000000,0.07301,0.07388,0.07263,0.07327,281868129
1687550400000,0.07328,0.07352,0.07254,0.0731,128106262
1687564800000,0.07309,0.07347,0.07194,0.07261,209962218
1687579200000,0.07262,0.0727,0.07206,0.07217,99693977
1687593600000,0.07217,0.07243,0.07186,0.07224,105544982
1687608000000,0.07223,0.0726,0.07121,0.07182,168724476
1687622400000,0.07182,0.07234,0.07152,0.07233,92132614
1687636800000,0.07232,0.07246,0.07179,0.07215,54089105
1687651200000,0.07215,0.0731,0.07198,0.07299,105692709
1687665600000,0.07299,0.07382,0.07254,0.07328,189154759
1687680000000,0.07328,0.07358,0.07292,0.07338,142663186
1687694400000,0.07338,0.07362,0.07285,0.07336,107538794
1687708800000,0.07336,0.0735,0.07301,0.07331,84791425
1687723200000,0.07332,0.07343,0.07303,0.0731,52461133
1687737600000,0.0731,0.07317,0.07227,0.07284,135225673
1687752000000,0.07285,0.07372,0.07271,0.07338,115362330
1687766400000,0.07338,0.07472,0.07323,0.07376,293725985
1687780800000,0.07376,0.07427,0.07335,0.07377,150660377
1687795200000,0.07377,0.07415,0.07245,0.07304,184791764
1687809600000,0.07305,0.07384,0.07302,0.07378,103832974
1687824000000,0.07378,0.07454,0.07369,0.07426,101562688
1687838400000,0.07426,0.07485,0.07404,0.07462,130343866
1687852800000,0.07462,0.07499,0.07443,0.07465,110684305
1687867200000,0.07464,0.07536,0.07409,0.07425,150550896
1687881600000,0.07424,0.07486,0.07421,0.07456,68611394
1687896000000,0.07456,0.07461,0.07418,0.07429,53066905
1687910400000,0.0743,0.07441,0.07382,0.07421,100846726
1687924800000,0.07422,0.07448,0.07329,0.07355,134959219
1687939200000,0.07356,0.0744,0.07344,0.07406,122809316
1687953600000,0.07406,0.0745,0.07387,0.07435,132905210
1687968000000,0.07434,0.0745,0.07186,0.07318,225544501
1687982400000,0.07318,0.0739,0.07273,0.0737,96102689
1687996800000,0.0737,0.07406,0.07333,0.07404,78158467
1688011200000,0.07405,0.07445,0.07387,0.07437,81321791
1688025600000,0.07437,0.07477,0.07422,0.07441,128162457
1688040000000,0.07442,0.07456,0.07389,0.07392,167669889
1688054400000,0.07392,0.0745,0.07376,0.07447,73104226
1688068800000,0.07447,0.07473,0.07405,0.07441,70666333
1688083200000,0.0744,0.07509,0.07411,0.07499,131442740
1688097600000,0.07499,0.07593,0.07487,0.07549,190193042
1688112000000,0.0755,0.07656,0.07502,0.07646,337443170
1688126400000,0.07646,0.07683,0.07386,0.07503,424416350
1688140800000,0.07504,0.07608,0.07492,0.07594,161659958
1688155200000,0.07595,0.07653,0.07571,0.07614,79027787
1688169600000,0.07613,0.07672,0.07568,0.0764,145952769
1688184000000,0.0764,0.07715,0.07607,0.07707,133385802
1688198400000,0.07707,0.0776,0.07695,0.07743,128064635
1688212800000,0.07742,0.07767,0.07673,0.07682,115714960
1688227200000,0.07682,0.077,0.07665,0.07685,65753097
1688241600000,0.07685,0.07727,0.07655,0.0772,58191803
1688256000000,0.0772,0.07738,0.07602,0.07612,138388406
1688270400000,0.07612,0.0762,0.07519,0.07551,143732540
1688284800000,0.07552,0.07571,0.07539,0.07564,84425895
1688299200000,0.07563,0.07594,0.07524,0.07569,134853739
1688313600000,0.07568,0.0759,0.07531,0.07563,60744318
1688328000000,0.07563,0.07608,0.07545,0.07597,86777005
1688342400000,0.07597,0.07662,0.07572,0.07649,86088080
1688356800000,0.07648,0.07727,0.0763,0.07709,105512554
1688371200000,0.07709,0.07779,0.07701,0.07771,135870965
1688385600000,0.07771,0.07783,0.07707,0.07749,151149870
1688400000000,0.0775,0.07785,0.07708,0.07767,99828495
1688414400000,0.07767,0.07783,0.0771,0.07731,79106207
1688428800000,0.0773,0.07765,0.0771,0.07764,91954306
1688443200000,0.07765,0.07769,0.07724,0.0773,69886904
1688457600000,0.07729,0.07841,0.07719,0.07816,287184730
1688472000000,0.07817,0.07817,0.07756,0.07776,128500807
1688486400000,0.07777,0.07785,0.07696,0.07735,137236810
1688500800000,0.07736,0.07736,0.07684,0.07698,73595506
1688515200000,0.07697,0.07772,0.07694,0.07769,98245657
1688529600000,0.07769,0.07792,0.07749,0.07776,75078551
1688544000000,0.07776,0.07786,0.0765,0.07703,224357581
1688558400000,0.07704,0.07734,0.07672,0.07692,192199784
1688572800000,0.07692,0.07723,0.07653,0.07659,113030510
1688587200000,0.07659,0.07711,0.07654,0.07704,67700683
1688601600000,0.07703,0.07771,0.077,0.07764,93447109
1688616000000,0.07765,0.07803,0.07765,0.07782,101639054
1688630400000,0.07782,0.07856,0.07776,0.07787,220852618
1688644800000,0.07786,0.07806,0.07681,0.07735,296017851
1688659200000,0.07736,0.07798,0.07725,0.07763,117439031
1688673600000,0.07762,0.07783,0.07687,0.07702,128041123
1688688000000,0.07701,0.07797,0.07661,0.07793,164670809
1688702400000,0.07793,0.07826,0.07766,0.07789,138052749
1688716800000,0.07789,0.07818,0.07779,0.07814,131456920
1688731200000,0.07814,0.07938,0.07793,0.07932,274007125
1688745600000,0.07931,0.07963,0.07817,0.07859,206038497
1688760000000,0.07858,0.07883,0.07833,0.07878,63943399
1688774400000,0.07878,0.07943,0.07861,0.07912,125447025
1688788800000,0.07912,0.07929,0.07879,0.0789,70814884
1688803200000,0.07889,0.07912,0.07869,0.0791,88901455
1688817600000,0.07909,0.07934,0.07903,0.07926,107360353
1688832000000,0.07925,0.0794,0.07909,0.07924,98141422
1688846400000,0.07924,0.08008,0.07903,0.08004,140138043
1688860800000,0.08003,0.08036,0.07987,0.08006,111824952
1688875200000,0.08005,0.08044,0.07977,0.08002,104502903
1688889600000,0.08001,0.08009,0.07933,0.0795,103054207
1688904000000,0.07949,0.07961,0.07831,0.07863,237067460
1688918400000,0.07862,0.07863,0.07797,0.07807,100879045
1688932800000,0.07807,0.07813,0.07727,0.07744,114970737
1688947200000,0.07744,0.07766,0.07659,0.07732,230262103
1688961600000,0.07731,0.07757,0.07674,0.07683,103327708
1688976000000,0.07683,0.07705,0.0761,0.07703,196634263
1688990400000,0.07702,0.07759,0.07687,0.07754,138009292
1689004800000,0.07755,0.07793,0.0774,0.07788,100291725
1689019200000,0.07789,0.07802,0.0773,0.07747,125476905
1689033600000,0.07748,0.0775,0.07693,0.07734,121129578
1689048000000,0.07735,0.07745,0.077,0.07713,80262792
1689062400000,0.07712,0.07725,0.07685,0.07706,75704621
1689076800000,0.07706,0.0773,0.07689,0.07698,86804042
1689091200000,0.07697,0.07731,0.07666,0.07717,77585373
1689105600000,0.07717,0.07753,0.07717,0.0773,64982972
1689120000000,0.07729,0.07752,0.07696,0.07729,95900494
1689134400000,0.0773,0.07771,0.07711,0.07765,64792018
1689148800000,0.07765,0.0781,0.0776,0.0779,94690398
1689163200000,0.07791,0.07813,0.07733,0.07737,123041032
1689177600000,0.07737,0.07769,0.07723,0.07754,79467410
1689192000000,0.07753,0.0779,0.07738,0.07778,49455984
1689206400000,0.07778,0.07798,0.07759,0.07766,60777318
1689220800000,0.07766,0.07798,0.07762,0.07785,58654621
1689235200000,0.07784,0.07833,0.07776,0.07804,102184615
1689249600000,0.07803,0.0798,0.07786,0.07944,270589704
1689264000000,0.07945,0.08269,0.07929,0.0814,616286534
1689278400000,0.0814,0.08175,0.08047,0.08172,179147917
1689292800000,0.08172,0.0822,0.08073,0.08102,215202376
1689307200000,0.08102,0.08278,0.08076,0.08161,248986152
1689321600000,0.08161,0.08227,0.08161,0.0819,104906975
1689336000000,0.08189,0.08227,0.08138,0.08201,142935501
1689350400000,0.08202,0.08213,0.0785,0.07912,426430826
1689364800000,0.07913,0.07985,0.07889,0.07984,75587876
1689379200000,0.07984,0.08142,0.07982,0.08038,264632134
1689393600000,0.08038,0.08143,0.08031,0.08134,131181459
1689408000000,0.08134,0.08158,0.0809,0.08102,100673985
1689422400000,0.08103,0.08124,0.08059,0.08066,89504088
1689436800000,0.08065,0.08112,0.08039,0.08093,72295582
1689451200000,0.08092,0.08093,0.08045,0.0808,50342306
1689465600000,0.0808,0.08093,0.07992,0.07996,112076507
1689480000000,0.07995,0.08012,0.0789,0.07987,126511927
1689494400000,0.07987,0.08034,0.07969,0.08005,67740459
1689508800000,0.08005,0.08027,0.07978,0.07993,69511982
1689523200000,0.07993,0.08033,0.07942,0.07948,77625596
1689537600000,0.07947,0.08004,0.07927,0.07975,66201489
1689552000000,0.07976,0.08023,0.07936,0.08004,76676190
1689566400000,0.08004,0.08048,0.08001,0.08042,85272144
1689580800000,0.08043,0.08052,0.07908,0.07943,166419065
1689595200000,0.07943,0.07997,0.07901,0.07976,180436141
1689609600000,0.07976,0.08001,0.0789,0.07935,126075259
1689624000000,0.07935,0.07999,0.07929,0.07993,53959539
1689638400000,0.07994,0.08084,0.07993,0.08053,92162534
1689652800000,0.08054,0.08093,0.0799,0.08011,108929867
1689667200000,0.08011,0.08048,0.07954,0.07956,101761933
1689681600000,0.07956,0.08,0.07934,0.07972,124681765
1689696000000,0.07972,0.07986,0.07873,0.0794,114914412
1689710400000,0.0794,0.07982,0.07936,0.07974,45322586
1689724800000,0.07975,0.0805,0.07962,0.08016,103372733
1689739200000,0.08017,0.08024,0.07956,0.07959,67241545
1689753600000,0.07958,0.07997,0.07925,0.07994,76515648
1689768000000,0.07994,0.08015,0.07945,0.07976,103275412
1689782400000,0.07976,0.08049,0.07968,0.08027,84402322
1689796800000,0.08027,0.08035,0.07997,0.08025,60326805
1689811200000,0.08025,0.08088,0.08012,0.08056,71995886
1689825600000,0.08056,0.081,0.08056,0.08079,71809658
1689840000000,0.08079,0.08112,0.0806,0.08102,82468105
1689854400000,0.08101,0.08125,0.07984,0.08033,139308581
1689868800000,0.08034,0.08051,0.08007,0.08032,56465432
1689883200000,0.08033,0.08073,0.08002,0.08068,40304201
1689897600000,0.08069,0.08119,0.08046,0.08103,63072109
1689912000000,0.08102,0.0811,0.08043,0.08048,64113440
1689926400000,0.08048,0.08114,0.08038,0.08084,97894527
1689940800000,0.08084,0.08144,0.08082,0.08129,103264960
1689955200000,0.08129,0.08152,0.08062,0.08092,109832410
1689969600000,0.08092,0.08092,0.08036,0.08036,56134405
1689984000000,0.08037,0.09409,0.08018,0.09084,3312980772
1689998400000,0.09084,0.09097,0.08639,0.08697,2786611718
1690012800000,0.08696,0.08731,0.08481,0.08586,1307841677
1690027200000,0.08587,0.08619,0.08466,0.08518,506594847
1690041600000,0.08517,0.08568,0.08451,0.08475,407954324
1690056000000,0.08475,0.08522,0.08342,0.08384,397784841
1690070400000,0.08384,0.0852,0.08341,0.08369,485626737
1690084800000,0.08368,0.08478,0.08363,0.08411,322917187
1690099200000,0.08411,0.08416,0.08353,0.08368,230849267
1690113600000,0.08369,0.08373,0.0827,0.08308,271910756
1690128000000,0.08309,0.08389,0.08308,0.08332,133151106
1690142400000,0.08332,0.08343,0.08294,0.08332,72300419
1690156800000,0.08332,0.08335,0.08211,0.08215,176264590
1690171200000,0.08215,0.08215,0.08101,0.08165,282595336
1690185600000,0.08164,0.08191,0.08013,0.08083,267342747
1690200000000,0.08083,0.08109,0.08033,0.0808,147743641
1690214400000,0.0808,0.08143,0.08078,0.08107,88309187
1690228800000,0.08107,0.08153,0.08106,0.08142,62002500
1690243200000,0.08143,0.08156,0.08086,0.08121,104625561
1690257600000,0.0812,0.08181,0.08091,0.08143,119311168
1690272000000,0.08143,0.08146,0.0801,0.08069,228156617
1690286400000,0.08069,0.0823,0.08049,0.08166,302179387
1690300800000,0.08166,0.08196,0.08151,0.08167,124935686
1690315200000,0.08167,0.08206,0.08125,0.08186,88610224
1690329600000,0.08185,0.08203,0.08145,0.08189,117393738
1690344000000,0.08189,0.08209,0.08154,0.08162,120371903
1690358400000,0.08163,0.08204,0.08042,0.08123,186015512
1690372800000,0.08123,0.08184,0.08114,0.08172,91055314
1690387200000,0.08171,0.082,0.08111,0.08186,174254542
1690401600000,0.08186,0.0825,0.08178,0.08237,134335309
1690416000000,0.08236,0.08263,0.082,0.08234,102518209
1690430400000,0.08233,0.08266,0.08218,0.08239,107307534
1690444800000,0.0824,0.08299,0.08229,0.08266,112633494
1690459200000,0.08266,0.08275,0.08213,0.08245,78896835
1690473600000,0.08246,0.08257,0.08206,0.08229,48089659
1690488000000,0.08229,0.08262,0.08226,0.08261,39353771
1690502400000,0.0826,0.08324,0.0826,0.08312,90120072
1690516800000,0.08313,0.08427,0.083,0.08305,309278714
1690531200000,0.08305,0.08372,0.08303,0.08354,111128873
1690545600000,0.08354,0.08415,0.0835,0.08368,204274132
1690560000000,0.08367,0.0849,0.08338,0.08466,179166548
1690574400000,0.08465,0.0854,0.08449,0.08503,227201883
1690588800000,0.08502,0.08528,0.08424,0.08446,137909457
1690603200000,0.08446,0.08463,0.0838,0.08387,93374504
1690617600000,0.08388,0.08405,0.08351,0.08389,108788008
1690632000000,0.08388,0.08449,0.08371,0.08381,108784221
1690646400000,0.08381,0.08407,0.0834,0.08354,119501203
1690660800000,0.08355,0.08365,0.08305,0.0832,100764039
1690675200000,0.0832,0.08375,0.08301,0.08309,140335084
1690689600000,0.08309,0.08331,0.08241,0.08241,101751718
1690704000000,0.08242,0.08246,0.08182,0.0819,180339847
1690718400000,0.0819,0.08192,0.08101,0.08149,237395463
1690732800000,0.08149,0.08152,0.07963,0.07974,254643024
1690747200000,0.07974,0.08019,0.07903,0.07995,203482215
1690761600000,0.07996,0.08033,0.07964,0.07996,212651333
1690776000000,0.07996,0.08024,0.07856,0.07863,196767907
1690790400000,0.07864,0.07896,0.07789,0.07802,422306184
1690804800000,0.07803,0.07822,0.07727,0.07777,321125356
1690819200000,0.07777,0.0782,0.0776,0.07776,141190764
1690833600000,0.07776,0.0782,0.07765,0.07787,119228991
1690848000000,0.07788,0.0783,0.07581,0.07718,278115067
1690862400000,0.07718,0.0783,0.07702,0.07812,148275593
1690876800000,0.07811,0.0783,0.07758,0.07817,124854781
1690891200000,0.07818,0.0783,0.07712,0.07797,147187534
1690905600000,0.07797,0.07846,0.07795,0.07826,108272624
1690920000000,0.07826,0.07864,0.07786,0.07863,106546661
1690934400000,0.07863,0.07869,0.07795,0.07812,123627388
1690948800000,0.07811,0.07811,0.07741,0.0776,117810417
1690963200000,0.0776,0.07798,0.07746,0.07783,56842222
1690977600000,0.07782,0.07782,0.07627,0.07662,211921151
1690992000000,0.07663,0.07694,0.07614,0.07666,113892302
1691006400000,0.07666,0.0767,0.07619,0.0763,53096589
1691020800000,0.0763,0.07658,0.0761,0.07653,59192593
1691035200000,0.07652,0.0768,0.07636,0.07638,58235262
1691049600000,0.07637,0.07698,0.07623,0.07687,84660295
1691064000000,0.07687,0.07749,0.07655,0.07724,99423907
1691078400000,0.07723,0.0775,0.07702,0.07722,53453147
1691092800000,0.07723,0.07733,0.07648,0.07708,95022019
1691107200000,0.07709,0.07745,0.07702,0.07735,84245413
1691121600000,0.07735,0.07779,0.07724,0.07741,86932101
1691136000000,0.07741,0.07777,0.07738,0.07741,70595540
1691150400000,0.07741,0.07784,0.07732,0.0777,88599735
1691164800000,0.0777,0.07776,0.07646,0.07664,101592992
1691179200000,0.07664,0.07686,0.07601,0.07674,85482905
1691193600000,0.07674,0.07703,0.07575,0.07601,130377322
1691208000000,0.07602,0.07646,0.07587,0.07643,55519209
1691222400000,0.07643,0.07678,0.0763,0.07667,52127599
1691236800000,0.07667,0.07767,0.07665,0.0773,178525972
1691251200000,0.07731,0.0775,0.07708,0.07718,68467239
1691265600000,0.07719,0.07751,0.07716,0.0775,33559404
1691280000000,0.0775,0.07756,0.07729,0.07739,61677404
1691294400000,0.0774,0.07748,0.07703,0.07703,43247728
1691308800000,0.07704,0.07735,0.07685,0.07715,80407773
1691323200000,0.07715,0.07718,0.0768,0.07702,58684898
1691337600000,0.07702,0.07725,0.07648,0.07662,151025116
1691352000000,0.07663,0.07721,0.07655,0.0769,73038584
1691366400000,0.07691,0.07729,0.07666,0.07705,110753528
1691380800000,0.07704,0.07709,0.07666,0.07684,74076448
1691395200000,0.07683,0.07686,0.07649,0.0766,87975360
1691409600000,0.0766,0.07685,0.07614,0.07631,156880129
1691424000000,0.0763,0.07672,0.0755,0.07664,218936229
1691438400000,0.07664,0.07689,0.07653,0.07682,41747149
1691452800000,0.07681,0.07688,0.07664,0.07682,75124265
1691467200000,0.07683,0.07686,0.07646,0.07648,61473222
1691481600000,0.07648,0.07664,0.07617,0.07662,93715712
1691496000000,0.07661,0.07686,0.07625,0.0767,103665239
1691510400000,0.07671,0.0769,0.07662,0.07676,104784248
1691524800000,0.07676,0.07738,0.07649,0.07672,127477983
1691539200000,0.07672,0.07682,0.07627,0.07639,98096817
1691553600000,0.0764,0.07681,0.07634,0.07667,54152344
1691568000000,0.07667,0.07706,0.07663,0.07685,53807554
1691582400000,0.07685,0.07701,0.07615,0.07638,118179187
1691596800000,0.07638,0.07649,0.07616,0.07628,77130893
1691611200000,0.07628,0.07677,0.07612,0.0767,65826060
1691625600000,0.07671,0.07693,0.07661,0.07688,61252885
1691640000000,0.07688,0.07701,0.07672,0.0768,52499512
1691654400000,0.0768,0.07744,0.07676,0.07736,85813358
1691668800000,0.07737,0.07755,0.07688,0.07724,111354158
1691683200000,0.07725,0.07735,0.07711,0.07717,51010209
1691697600000,0.07717,0.07733,0.07707,0.07729,26713808
1691712000000,0.0773,0.07748,0.07718,0.07737,57657392
1691726400000,0.07737,0.07748,0.07712,0.07719,35798625
1691740800000,0.07719,0.07735,0.07703,0.0771,39186219
1691755200000,0.0771,0.0772,0.07688,0.07694,50205558
1691769600000,0.07695,0.07712,0.07667,0.07708,46562960
1691784000000,0.07709,0.07721,0.07703,0.0772,21352850
1691798400000,0.07721,0.07749,0.07715,0.07735,44403863
1691812800000,0.07734,0.07749,0.07729,0.07741,22756608
1691827200000,0.0774,0.07754,0.07739,0.07748,24932144
1691841600000,0.07749,0.07753,0.07741,0.07749,20465926
1691856000000,0.07748,0.07755,0.07722,0.07735,35704742
1691870400000,0.07735,0.07751,0.07732,0.07749,17301960
1691884800000,0.07748,0.07758,0.07727,0.07742,38312042
1691899200000,0.07742,0.07742,0.07716,0.0774,29270999
1691913600000,0.0774,0.07751,0.07734,0.07748,22211557
1691928000000,0.07747,0.07752,0.07741,0.07744,26601189
1691942400000,0.07744,0.07762,0.07743,0.07755,37558512
1691956800000,0.07755,0.07757,0.07692,0.07705,66065142
1691971200000,0.07705,0.07746,0.07697,0.07736,78368471
1691985600000,0.07737,0.07752,0.07712,0.07749,55395885
1692000000000,0.07749,0.07753,0.07738,0.07747,41556175
1692014400000,0.07747,0.07759,0.07735,0.07752,56570348
1692028800000,0.07751,0.07763,0.07704,0.07737,114780474
1692043200000,0.07737,0.07754,0.07727,0.07744,29706760
1692057600000,0.07744,0.07751,0.07723,0.07736,51139830
1692072000000,0.07736,0.07738,0.07717,0.07722,32141450
1692086400000,0.07723,0.07728,0.07705,0.07708,49846144
1692100800000,0.07708,0.07723,0.07693,0.07716,49020462
1692115200000,0.07716,0.07723,0.07588,0.07647,175120786
1692129600000,0.07646,0.0766,0.0762,0.0763,70915753
1692144000000,0.07629,0.07677,0.07623,0.07658,62913354
1692158400000,0.07657,0.07678,0.07593,0.07609,95663760
1692172800000,0.07609,0.07639,0.07607,0.07611,97618786
1692187200000,0.07612,0.07615,0.07547,0.07564,133718073
1692201600000,0.07564,0.07591,0.07549,0.07569,98943235
1692216000000,0.07568,0.07579,0.0733,0.07464,293553916
1692230400000,0.07464,0.07524,0.07399,0.07507,138473483
1692244800000,0.07507,0.07517,0.07434,0.07479,130550035
1692259200000,0.0748,0.07505,0.07466,0.07488,63627641
1692273600000,0.07488,0.07527,0.0743,0.07449,163832852
1692288000000,0.07449,0.07562,0.07414,0.07529,155471632
1692302400000,0.07529,0.07541,0.06982,0.0726,604374433
1692316800000,0.07259,0.07312,0.07191,0.07215,216931967
1692331200000,0.07215,0.07295,0.07194,0.07286,115588788
1692345600000,0.07286,0.07308,0.07266,0.07294,83730829
1692360000000,0.07294,0.07346,0.07274,0.07294,128911755
1692374400000,0.07294,0.0732,0.07239,0.07279,139792875
1692388800000,0.07279,0.07314,0.07277,0.07292,55895818
1692403200000,0.07292,0.0734,0.07288,0.07337,67351056
1692417600000,0.07336,0.07347,0.07312,0.07331,42384602
1692432000000,0.0733,0.07379,0.07323,0.07366,76592240
1692446400000,0.07366,0.07389,0.0736,0.07387,58046084
1692460800000,0.07387,0.07408,0.07369,0.07393,72189232
1692475200000,0.07393,0.07416,0.07379,0.07406,62798605
1692489600000,0.07405,0.07444,0.07404,0.07423,59393819
1692504000000,0.07422,0.07433,0.07395,0.07429,42318681
1692518400000,0.07429,0.07491,0.07426,0.07486,73192268
1692532800000,0.07487,0.076,0.07483,0.07551,278892231
1692547200000,0.0755,0.07613,0.07548,0.07565,138294414
1692561600000,0.07566,0.07645,0.07566,0.07587,148600102
1692576000000,0.07588,0.07589,0.07552,0.07581,79026042
1692590400000,0.07582,0.07622,0.0754,0.07552,153265659
1692604800000,0.07552,0.07573,0.07441,0.07487,226320152
1692619200000,0.07486,0.07505,0.07391,0.0743,214498413
1692633600000,0.0743,0.07496,0.07426,0.07492,87834097
1692648000000,0.07492,0.07527,0.07489,0.07505,44565116
1692662400000,0.07505,0.07527,0.07488,0.07492,67679960
1692676800000,0.07492,0.075,0.07467,0.07498,40086837
1692691200000,0.07498,0.07506,0.07478,0.07482,43260307
1692705600000,0.07481,0.07497,0.0745,0.07474,89442602
1692720000000,0.07473,0.07517,0.07439,0.0748,170985464
1692734400000,0.0748,0.07557,0.07401,0.07544,228169691
1692748800000,0.07543,0.07623,0.07536,0.07599,113550232
1692763200000,0.07599,0.07669,0.07598,0.07637,115457738
1692777600000,0.07638,0.07648,0.0761,0.07644,91853922
1692792000000,0.07645,0.07735,0.07616,0.07735,196299003
1692806400000,0.07735,0.07793,0.07713,0.07763,206926347
1692820800000,0.07763,0.07779,0.07714,0.07755,115718958
1692835200000,0.07756,0.07794,0.07725,0.07787,61540930
1692849600000,0.07786,0.07792,0.07747,0.07754,57082980
1692864000000,0.07754,0.07765,0.07742,0.07754,44467152
1692878400000,0.07755,0.07757,0.07644,0.07648,139315039
1692892800000,0.07648,0.07692,0.07639,0.07664,108314132
1692907200000,0.07664,0.07667,0.0761,0.07659,90276453
1692921600000,0.07658,0.07696,0.07598,0.07652,118869155
1692936000000,0.07651,0.07663,0.07618,0.07654,96548533
1692950400000,0.07654,0.07712,0.07653,0.07709,93439298
1692964800000,0.07708,0.07734,0.07637,0.07675,200277941
1692979200000,0.07676,0.07709,0.07645,0.07684,79151234
1692993600000,0.07684,0.07721,0.07675,0.07719,40178470
1693008000000,0.07719,0.07742,0.0771,0.07726,54696239
1693022400000,0.07725,0.07761,0.07725,0.0775,48239213
1693036800000,0.07749,0.07763,0.0774,0.07747,60636135
1693051200000,0.07747,0.07753,0.07742,0.07749,44758598
1693065600000,0.07748,0.0775,0.07718,0.07744,44975279
1693080000000,0.07744,0.07757,0.07734,0.07741,25946417
1693094400000,0.07741,0.07757,0.07722,0.07722,46669156
1693108800000,0.07722,0.07729,0.07707,0.07716,38102608
1693123200000,0.07717,0.07753,0.07711,0.07739,49633639
1693137600000,0.07739,0.07755,0.07725,0.07731,55084808
1693152000000,0.07732,0.07751,0.07729,0.07747,38373008
1693166400000,0.07746,0.07759,0.07724,0.07752,30878495
1693180800000,0.07752,0.07755,0.07721,0.07749,76112558
1693195200000,0.07749,0.0775,0.07711,0.0773,78031695
1693209600000,0.0773,0.07738,0.07676,0.07702,80906727
1693224000000,0.07702,0.07757,0.07674,0.07678,125434444
1693238400000,0.07677,0.07687,0.07622,0.07634,136158105
1693252800000,0.07635,0.07649,0.07617,0.0763,52215723
1693267200000,0.07631,0.0766,0.07615,0.07637,65033331
1693281600000,0.07637,0.07652,0.07615,0.07615,64697376
1693296000000,0.07615,0.07629,0.07585,0.07613,71499946
1693310400000,0.07612,0.07762,0.07583,0.07733,419116323
1693324800000,0.07733,0.07799,0.07716,0.07738,183610846
1693339200000,0.07737,0.07741,0.07695,0.07729,68255547
1693353600000,0.07729,0.07729,0.07663,0.0768,121356486
1693368000000,0.07681,0.07684,0.07647,0.07665,42879856
1693382400000,0.07666,0.07681,0.07608,0.07608,68841998
1693396800000,0.07608,0.0762,0.07532,0.07561,205034959
1693411200000,0.07562,0.07585,0.07544,0.07551,48705677
1693425600000,0.07552,0.07573,0.07536,0.07557,43246520
1693440000000,0.07556,0.07569,0.07534,0.07563,48323771
1693454400000,0.07564,0.07616,0.07563,0.07606,51899527
1693468800000,0.07606,0.0766,0.07591,0.07629,88743317
1693483200000,0.0763,0.07659,0.07563,0.07618,173136377
1693497600000,0.07618,0.07629,0.07504,0.07549,235361927
1693512000000,0.07548,0.07692,0.07511,0.07668,209298243
1693526400000,0.07667,0.0774,0.07663,0.07738,126122868
1693540800000,0.07738,0.07749,0.07683,0.07713,136355116
1693555200000,0.07714,0.07719,0.07685,0.07696,81171067
1693569600000,0.07695,0.07748,0.07605,0.07625,204093076
1693584000000,0.07625,0.07653,0.0757,0.07623,175875242
1693598400000,0.07622,0.07666,0.07592,0.07605,69261771
1693612800000,0.07605,0.07618,0.07592,0.07616,38408734
1693627200000,0.07616,0.07647,0.0761,0.07631,40968196
1693641600000,0.07632,0.07663,0.07623,0.07662,43598866
1693656000000,0.07662,0.07709,0.07656,0.07683,67872724
1693670400000,0.07682,0.07711,0.07678,0.07702,64859189
1693684800000,0.07703,0.07713,0.07695,0.07698,25340151
1693699200000,0.07698,0.07707,0.07659,0.07677,45265413
1693713600000,0.07677,0.0769,0.07661,0.07688,34587369
1693728000000,0.07689,0.07703,0.07673,0.07698,25221765
1693742400000,0.07698,0.0771,0.07659,0.07665,52738643
1693756800000,0.07666,0.07709,0.07657,0.07703,48621116
1693771200000,0.07704,0.07711,0.07683,0.07698,38596429
1693785600000,0.07698,0.07723,0.07694,0.07708,61738221
1693800000000,0.07709,0.07722,0.07691,0.07705,44848094
1693814400000,0.07705,0.07707,0.07666,0.07679,75523803
1693828800000,0.07679,0.07713,0.07664,0.07712,79313034
1693843200000,0.07712,0.0774,0.07702,0.07735,48889047
1693857600000,0.07735,0.07751,0.07701,0.07748,63003308
1693872000000,0.07749,0.07753,0.07691,0.07717,59837374
1693886400000,0.07718,0.07756,0.07716,0.07746,71983404
1693900800000,0.07745,0.07756,0.07715,0.07734,57187652
1693915200000,0.07734,0.07765,0.07711,0.0776,87505433
1693929600000,0.0776,0.07778,0.07713,0.07713,59909000
1693944000000,0.07714,0.07752,0.07712,0.07742,35723019
1693958400000,0.07741,0.07783,0.07738,0.0776,58361897
1693972800000,0.0776,0.07773,0.0775,0.07754,48306749
1693987200000,0.07754,0.07852,0.07751,0.07828,191415754
1694001600000,0.07827,0.07857,0.0772,0.0776,280816674
1694016000000,0.0776,0.07837,0.07732,0.07823,158058600
1694030400000,0.07824,0.07894,0.07812,0.07889,109034335
1694044800000,0.0789,0.07927,0.07868,0.07914,133700032
1694059200000,0.07914,0.07923,0.0788,0.07886,66839068
1694073600000,0.07886,0.07912,0.07871,0.07901,67715312
1694088000000,0.079,0.07906,0.07864,0.07897,76658159
1694102400000,0.07897,0.07941,0.07876,0.07888,86064695
1694116800000,0.07887,0.07922,0.07876,0.07913,69990390
1694131200000,0.07913,0.07949,0.07897,0.07916,61759196
1694145600000,0.07916,0.0793,0.07903,0.07913,50482929
1694160000000,0.07913,0.07914,0.0782,0.07839,135405880
1694174400000,0.07839,0.07876,0.07835,0.07865,45644049
1694188800000,0.07865,0.07908,0.07846,0.07905,47216118
1694203200000,0.07906,0.07916,0.07889,0.07912,32400710
1694217600000,0.07912,0.07917,0.07886,0.07909,34807593
1694232000000,0.07909,0.07911,0.07871,0.07891,32222719
1694246400000,0.07891,0.07903,0.07885,0.07889,21851594
1694260800000,0.0789,0.07896,0.07865,0.07886,41963467
1694275200000,0.07887,0.07907,0.07884,0.07907,31953833
1694289600000,0.07907,0.07919,0.079,0.07912,22285854
1694304000000,0.07913,0.07918,0.0787,0.07882,50627121
1694318400000,0.07883,0.07883,0.07728,0.07872,129130231
1694332800000,0.07873,0.07875,0.07832,0.07846,36925865
1694347200000,0.07846,0.07852,0.07787,0.07819,67796089
1694361600000,0.0782,0.0782,0.07766,0.0781,67178743
1694376000000,0.0781,0.07856,0.07796,0.07827,54763166
1694390400000,0.07828,0.07854,0.07794,0.07852,66720029
1694404800000,0.07852,0.07883,0.07842,0.0786,68585785
1694419200000,0.0786,0.0786,0.07751,0.07775,153035761
1694433600000,0.07775,0.07786,0.07692,0.07741,176080764
1694448000000,0.07741,0.07773,0.07695,0.07709,108735946
1694462400000,0.07709,0.07756,0.07698,0.07752,51413715
1694476800000,0.07752,0.0785,0.07735,0.07845,115067513
1694491200000,0.07845,0.07864,0.07816,0.07853,82345582
1694505600000,0.07853,0.07941,0.07841,0.07937,142019179
1694520000000,0.07937,0.08276,0.07894,0.0821,660795482
1694534400000,0.08211,0.08238,0.08097,0.08132,277710803
1694548800000,0.08132,0.08152,0.08055,0.08069,113054094
1694563200000,0.08069,0.08098,0.08023,0.08041,104880930
1694577600000,0.0804,0.08067,0.08017,0.08037,140153554
1694592000000,0.08038,0.08099,0.08026,0.08055,116470003
1694606400000,0.08055,0.08121,0.08027,0.08095,132809990
1694620800000,0.08096,0.08174,0.08073,0.08082,166429237
1694635200000,0.08082,0.08117,0.08075,0.08115,49684871
1694649600000,0.08116,0.08185,0.08106,0.08114,107959779
1694664000000,0.08114,0.08126,0.08097,0.08106,43800448
1694678400000,0.08106,0.08335,0.08084,0.08244,212964659
1694692800000,0.08245,0.08321,0.08199,0.08296,169213055
1694707200000,0.08297,0.08366,0.08286,0.08358,92283114
1694721600000,0.08358,0.08397,0.08336,0.08371,88319178
1694736000000,0.0837,0.08379,0.08309,0.0837,92719584
1694750400000,0.08369,0.08418,0.0836,0.08394,106925828
1694764800000,0.08394,0.08397,0.08353,0.08362,60107154
1694779200000,0.08362,0.08421,0.08288,0.08371,194620533
1694793600000,0.08372,0.08402,0.08327,0.08383,91832798
1694808000000,0.08382,0.08413,0.08353,0.08399,71491991
1694822400000,0.08399,0.08453,0.08383,0.08385,93589329
1694836800000,0.08386,0.08399,0.08367,0.08374,56658048
1694851200000,0.08375,0.08379,0.08342,0.08348,53475156
1694865600000,0.08349,0.08395,0.08344,0.08353,76868924
1694880000000,0.08353,0.08382,0.08319,0.08335,89844855
1694894400000,0.08334,0.08366,0.08326,0.08347,43300218
1694908800000,0.08347,0.08362,0.083,0.08308,92471953
1694923200000,0.08308,0.08346,0.08298,0.0833,43252461
1694937600000,0.08329,0.08363,0.08322,0.08355,42921864
1694952000000,0.08355,0.08386,0.08339,0.08359,48441102
1694966400000,0.08358,0.08384,0.08328,0.08357,57178052
1694980800000,0.08357,0.08375,0.08308,0.08327,77678732
1694995200000,0.08328,0.08402,0.08285,0.08389,104710844
1695009600000,0.0839,0.0843,0.08367,0.08383,70433285
1695024000000,0.08383,0.08467,0.08375,0.08449,88501388
1695038400000,0.0845,0.08476,0.08417,0.08453,90682410
1695052800000,0.08453,0.08461,0.0837,0.08404,85883962
1695067200000,0.08404,0.08435,0.08377,0.08379,57096762
1695081600000,0.08378,0.08439,0.08364,0.08422,67196161
1695096000000,0.08422,0.08452,0.08406,0.08414,56187880
1695110400000,0.08413,0.08486,0.08409,0.0843,98270374
1695124800000,0.08431,0.0845,0.08381,0.08448,105987332
1695139200000,0.08449,0.08472,0.08432,0.08447,57971064
1695153600000,0.08447,0.08468,0.08414,0.08448,58848579
1695168000000,0.08448,0.08498,0.0843,0.08434,59361385
1695182400000,0.08434,0.0846,0.08415,0.08456,54837572
1695196800000,0.08456,0.08478,0.08403,0.0846,69917043
1695211200000,0.08461,0.0849,0.08432,0.08439,79092655
1695225600000,0.08438,0.08488,0.08396,0.08411,87128792
1695240000000,0.08411,0.08466,0.08406,0.08437,42462143
1695254400000,0.08437,0.08471,0.08423,0.08468,66269819
1695268800000,0.08468,0.08471,0.08348,0.08352,107858445
1695283200000,0.08351,0.08365,0.08306,0.08317,144641524
1695297600000,0.08317,0.0835,0.08267,0.08314,135037323
1695312000000,0.08315,0.08397,0.08301,0.08316,88570195
1695326400000,0.08316,0.08317,0.08285,0.08294,38607153
1695340800000,0.08293,0.08342,0.08272,0.08339,68299333
1695355200000,0.0834,0.08348,0.08318,0.08346,39531779
1695369600000,0.08346,0.0836,0.0833,0.08349,44352088
1695384000000,0.08348,0.0843,0.08336,0.08386,114141643
1695398400000,0.08386,0.08406,0.0831,0.08314,71871156
1695412800000,0.08315,0.08348,0.08303,0.08328,46446254
1695427200000,0.08328,0.08352,0.08311,0.08319,48400277
1695441600000,0.08319,0.0838,0.0831,0.08341,60849674
1695456000000,0.08341,0.08377,0.08318,0.08343,63946959
1695470400000,0.08343,0.08367,0.08342,0.08346,35755500
1695484800000,0.08346,0.08373,0.08333,0.08368,30674912
1695499200000,0.08367,0.08388,0.08346,0.08358,30676442
1695513600000,0.08358,0.08369,0.08338,0.08361,31222398
1695528000000,0.08361,0.08393,0.08358,0.08389,40355173
1695542400000,0.08389,0.0842,0.08378,0.08418,57025158
1695556800000,0.08418,0.08425,0.0839,0.08401,67113811
1695571200000,0.084,0.08444,0.08374,0.08388,80254439
1695585600000,0.08388,0.08409,0.08334,0.08354,68688494
1695600000000,0.08354,0.08415,0.08311,0.08399,124400993
1695614400000,0.084,0.08439,0.08397,0.08433,76800910
1695628800000,0.08433,0.08435,0.08398,0.08422,56331614
1695643200000,0.08421,0.08433,0.0839,0.08428,85914823
1695657600000,0.08429,0.08447,0.08405,0.08435,56591496
1695672000000,0.08436,0.08504,0.08419,0.08461,81837932
1695686400000,0.08461,0.08482,0.08404,0.08469,93152960
1695700800000,0.08469,0.08471,0.08444,0.08462,54555132
1695715200000,0.08463,0.08497,0.08458,0.08484,72710629
1695729600000,0.08484,0.08491,0.08436,0.08451,68352626
1695744000000,0.08452,0.08479,0.08436,0.08465,60968439
1695758400000,0.08465,0.08471,0.08402,0.08467,64695450
1695772800000,0.08467,0.08516,0.0846,0.0851,84750603
1695787200000,0.08509,0.08513,0.08469,0.08501,64414724
1695801600000,0.085,0.08596,0.08483,0.08571,213722469
1695816000000,0.08571,0.08596,0.0849,0.08537,159986091
1695830400000,0.08536,0.08557,0.08481,0.08512,96678383
1695844800000,0.08512,0.08548,0.08506,0.08545,52663939
1695859200000,0.08545,0.08574,0.08509,0.08511,74082248
1695873600000,0.08512,0.08512,0.08439,0.08468,139764549
1695888000000,0.08468,0.0854,0.08443,0.08535,94335532
1695902400000,0.08535,0.08596,0.0853,0.0859,106308647
1695916800000,0.08589,0.08635,0.08588,0.0863,133105452
1695931200000,0.08631,0.08675,0.08616,0.08671,59831773
1695945600000,0.08671,0.0879,0.08666,0.08769,169656841
1695960000000,0.08769,0.08854,0.08743,0.08844,141216419
1695974400000,0.08843,0.08953,0.08828,0.08914,200635392
1695988800000,0.08913,0.08931,0.08806,0.08931,268411805
1696003200000,0.08931,0.08984,0.08905,0.08952,133164352
1696017600000,0.08952,0.08968,0.08893,0.08903,82808554
1696032000000,0.08902,0.08932,0.08856,0.08889,80001534
1696046400000,0.08888,0.08895,0.08835,0.08835,42924581
1696060800000,0.08835,0.08866,0.08833,0.08839,57095639
1696075200000,0.0884,0.08873,0.08839,0.08857,50019909
1696089600000,0.08858,0.08895,0.08855,0.08872,58536354
1696104000000,0.08872,0.08888,0.08851,0.08851,39293335
1696118400000,0.08851,0.08865,0.08777,0.08819,71580038
1696132800000,0.08819,0.08867,0.08809,0.08861,44557753
1696147200000,0.08861,0.08915,0.08852,0.08891,93366951
1696161600000,0.08891,0.08899,0.08853,0.08878,65412020
1696176000000,0.08877,0.08889,0.08854,0.08871,49464302
1696190400000,0.08872,0.09058,0.08855,0.09006,206136322
1696204800000,0.09007,0.09039,0.08972,0.09021,83274955
1696219200000,0.09022,0.09027,0.0893,0.08987,84833050
1696233600000,0.08986,0.08995,0.08912,0.08933,112191096
1696248000000,0.08934,0.08943,0.08824,0.08834,154775224
1696262400000,0.08834,0.08853,0.08682,0.08778,190199289
1696276800000,0.08778,0.08785,0.08721,0.08738,75795255
1696291200000,0.08738,0.08834,0.08734,0.08815,68656886
1696305600000,0.08816,0.08819,0.08764,0.08781,63148915
1696320000000,0.08781,0.08801,0.08758,0.08769,72973325
1696334400000,0.0877,0.08785,0.08722,0.08743,88085365
1696348800000,0.08742,0.08795,0.08728,0.0874,66805667
1696363200000,0.0874,0.0909,0.08726,0.09057,404370199
1696377600000,0.09056,0.09062,0.08855,0.08904,338211353
1696392000000,0.08904,0.08946,0.08872,0.08933,155684279
1696406400000,0.08934,0.08949,0.08856,0.08867,150669869
1696420800000,0.08867,0.08891,0.08804,0.08842,113057475
1696435200000,0.08841,0.08904,0.08828,0.08886,91262797
1696449600000,0.08885,0.08911,0.08871,0.08883,40229505
1696464000000,0.08883,0.08925,0.08843,0.08917,84784197
1696478400000,0.08917,0.08946,0.08914,0.08926,68040985
1696492800000,0.08926,0.08942,0.08862,0.08864,74694769
1696507200000,0.08863,0.08923,0.08827,0.08836,143985468
1696521600000,0.08836,0.08858,0.08804,0.08824,116372776
1696536000000,0.08823,0.08843,0.08806,0.08814,52109173
1696550400000,0.08813,0.08892,0.08812,0.08873,58197376
1696564800000,0.08872,0.08875,0.08742,0.08748,175187583
1696579200000,0.08748,0.08752,0.08525,0.0859,385041734
1696593600000,0.0859,0.08672,0.08533,0.0867,179210729
1696608000000,0.0867,0.0872,0.08653,0.08702,109873062
1696622400000,0.08703,0.08749,0.08694,0.08714,64406540
1696636800000,0.08714,0.08768,0.08705,0.08716,85109627
1696651200000,0.08717,0.08745,0.08706,0.08729,54887097
1696665600000,0.08729,0.0881,0.08722,0.08781,104670025
1696680000000,0.0878,0.08829,0.08778,0.08815,86262846
1696694400000,0.08816,0.08835,0.08741,0.08755,105551805
1696708800000,0.08755,0.08828,0.0875,0.08801,61466205
1696723200000,0.08802,0.08831,0.08796,0.08804,40350567
1696737600000,0.08804,0.08804,0.08757,0.08775,47739024
1696752000000,0.08775,0.0878,0.08734,0.08746,58597014
1696766400000,0.08747,0.08812,0.0874,0.08793,64814432
1696780800000,0.08792,0.08823,0.08792,0.08817,39194478
1696795200000,0.08817,0.08835,0.0878,0.08797,35925642
1696809600000,0.08796,0.08822,0.08756,0.0882,45472754
1696824000000,0.08819,0.08826,0.08764,0.08782,53346193
1696838400000,0.08782,0.08793,0.08656,0.08689,216630026
1696852800000,0.0869,0.08706,0.0853,0.086,278102625
1696867200000,0.08601,0.08656,0.08518,0.08633,204082631
1696881600000,0.08634,0.08651,0.08604,0.08609,56522106
1696896000000,0.08608,0.08657,0.08595,0.08644,69915726
1696910400000,0.08645,0.08659,0.0863,0.08633,46088304
1696924800000,0.08634,0.08653,0.08617,0.08621,54790226
1696939200000,0.08621,0.08662,0.08597,0.08624,117044616
1696953600000,0.08624,0.08655,0.0862,0.08643,71574682
1696968000000,0.08642,0.08647,0.08597,0.08615,35244109
1696982400000,0.08616,0.08649,0.08555,0.0856,98524597
1696996800000,0.08561,0.08664,0.08552,0.08609,182950585
1697011200000,0.08609,0.08658,0.08554,0.08633,223443640
1697025600000,0.08633,0.0865,0.08589,0.08609,81953053
1697040000000,0.0861,0.08621,0.08564,0.08573,67220398
1697054400000,0.08574,0.08615,0.08564,0.08599,35852895
1697068800000,0.08598,0.0865,0.08593,0.08609,51406066
1697083200000,0.0861,0.08634,0.08597,0.08604,36246585
1697097600000,0.08604,0.08605,0.08474,0.08556,125876240
1697112000000,0.08555,0.08567,0.08467,0.08502,107593820
1697126400000,0.08502,0.08514,0.08455,0.085,97672638
1697140800000,0.085,0.08522,0.08476,0.08476,34180542
1697155200000,0.08476,0.08526,0.08471,0.08514,49147500
1697169600000,0.08515,0.08542,0.08496,0.08534,56057970
1697184000000,0.08533,0.08543,0.08501,0.08531,43617743
1697198400000,0.08532,0.08567,0.08503,0.08523,75078332
1697212800000,0.08522,0.08532,0.08502,0.08513,37643437
1697227200000,0.08513,0.0858,0.08487,0.08547,101348465
1697241600000,0.08546,0.08574,0.08535,0.08553,32816465
1697256000000,0.08552,0.08557,0.08509,0.08515,38207718
1697270400000,0.08514,0.08534,0.08506,0.08521,38004608
1697284800000,0.08522,0.08542,0.08521,0.08535,41908425
1697299200000,0.08535,0.08555,0.08527,0.08535,48063303
1697313600000,0.08535,0.08537,0.08494,0.08496,33817510
1697328000000,0.08496,0.08554,0.08476,0.08494,66827031
1697342400000,0.08495,0.08509,0.08477,0.08508,31803819
1697356800000,0.08508,0.08543,0.08506,0.08533,40994029
1697371200000,0.08532,0.08556,0.08522,0.08551,64222694
1697385600000,0.08552,0.08619,0.08551,0.08612,67770403
1697400000000,0.08613,0.08677,0.08606,0.08661,89951068
1697414400000,0.08662,0.08701,0.08655,0.08695,58921507
1697428800000,0.08696,0.08805,0.08694,0.08745,166995394
1697443200000,0.08745,0.08775,0.08732,0.08763,63332714
1697457600000,0.08763,0.09089,0.08761,0.08814,407270605
1697472000000,0.08815,0.08894,0.0881,0.08864,75291672
1697486400000,0.08865,0.08903,0.08844,0.0888,75237370
1697500800000,0.08881,0.08886,0.08841,0.08871,51045853
1697515200000,0.08872,0.0888,0.08829,0.08838,56085143
1697529600000,0.08838,0.08857,0.08825,0.08829,54639619
1697544000000,0.08829,0.08831,0.08715,0.0878,136259489
1697558400000,0.08781,0.0882,0.08771,0.088,65333027
1697572800000,0.088,0.08863,0.08793,0.08848,49342667
1697587200000,0.08848,0.08893,0.08837,0.08856,67406922
1697601600000,0.08856,0.08898,0.08852,0.08868,67297618
1697616000000,0.08869,0.08923,0.08863,0.0891,87222907
1697630400000,0.08911,0.08942,0.08898,0.08925,91586613
1697644800000,0.08925,0.08944,0.08893,0.08914,80443155
1697659200000,0.08915,0.08932,0.08896,0.08912,58365381
1697673600000,0.08912,0.08921,0.0883,0.08868,106156598
1697688000000,0.08867,0.08911,0.08855,0.08865,66982628
1697702400000,0.08866,0.0891,0.08855,0.08909,54909359
1697716800000,0.08908,0.08965,0.08902,0.08935,88323986
1697731200000,0.08935,0.0898,0.0893,0.08956,78985717
1697745600000,0.08956,0.08997,0.08941,0.08997,63505588
1697760000000,0.08997,0.09066,0.08979,0.09027,184014764
1697774400000,0.09027,0.09077,0.09006,0.09049,88249511
1697788800000,0.0905,0.09208,0.09049,0.09139,250834408
1697803200000,0.09138,0.09174,0.09084,0.09111,106959624
1697817600000,0.09111,0.09118,0.0908,0.09096,50022718
1697832000000,0.09095,0.09098,0.09052,0.09067,59695670
1697846400000,0.09067,0.09081,0.09043,0.09078,52524636
1697860800000,0.09079,0.09126,0.09075,0.09102,66927129
1697875200000,0.09101,0.09102,0.0905,0.09067,63035061
1697889600000,0.09068,0.09126,0.09055,0.09121,100454614
1697904000000,0.09121,0.09184,0.0912,0.09161,145805079
1697918400000,0.09161,0.09167,0.09126,0.09155,46167048
1697932800000,0.09155,0.0918,0.09136,0.09155,59041071
1697947200000,0.09154,0.0919,0.09051,0.09117,99625561
1697961600000,0.09117,0.09132,0.0903,0.09044,129508623
1697976000000,0.09044,0.09061,0.08965,0.08974,121444656
1697990400000,0.08974,0.09022,0.08964,0.08989,106078136
1698004800000,0.08989,0.09047,0.08962,0.09028,76077278
1698019200000,0.09028,0.09115,0.08998,0.09056,189578016
1698033600000,0.09056,0.091,0.09021,0.09053,139621918
1698048000000,0.09052,0.09079,0.08991,0.09051,97688467
1698062400000,0.09052,0.09062,0.08985,0.09054,118062421
1698076800000,0.09053,0.09124,0.09049,0.09116,144559954
1698091200000,0.09116,0.09426,0.09081,0.09217,356825628
1698105600000,0.09218,0.09345,0.09205,0.09287,259157178
1698120000000,0.09286,0.09349,0.09235,0.09275,158917372
1698134400000,0.09275,0.09357,0.0927,0.09349,117267899
1698148800000,0.0935,0.09405,0.09171,0.09203,316934904
1698163200000,0.09203,0.09267,0.09176,0.09224,142910944
1698177600000,0.09224,0.09246,0.09184,0.09235,145859898
1698192000000,0.09235,0.09286,0.0923,0.09259,123219943
1698206400000,0.09259,0.0932,0.09217,0.09253,111891107
1698220800000,0.09253,0.09345,0.09231,0.09338,102125129
1698235200000,0.09338,0.09408,0.09296,0.09385,179868439
1698249600000,0.09385,0.09416,0.0932,0.09371,216963628
1698264000000,0.0937,0.09386,0.09316,0.0935,81142193
1698278400000,0.0935,0.0938,0.0928,0.09285,138494541
1698292800000,0.09286,0.09368,0.09285,0.09364,140494214
1698307200000,0.09364,0.09384,0.09276,0.09305,166603246
1698321600000,0.09305,0.0934,0.09187,0.09214,199074305
1698336000000,0.09214,0.09239,0.09196,0.09223,79186200
1698350400000,0.09223,0.09297,0.09221,0.0928,44884554
1698364800000,0.0928,0.09308,0.09251,0.09305,95763684
1698379200000,0.09304,0.0933,0.09276,0.09289,82334540
1698393600000,0.09289,0.0941,0.09288,0.09362,124895783
1698408000000,0.09361,0.09392,0.09322,0.09382,106372389
1698422400000,0.09382,0.09401,0.09254,0.09346,115230383
1698436800000,0.09346,0.09365,0.09332,0.0935,33730615
1698451200000,0.09349,0.09397,0.09323,0.09385,50812923
1698465600000,0.09385,0.09478,0.09352,0.09378,135139810
1698480000000,0.09377,0.09434,0.09372,0.0942,61104173
1698494400000,0.09421,0.09454,0.09373,0.09446,74765602
1698508800000,0.09446,0.09455,0.09423,0.09433,38118007
1698523200000,0.09433,0.09454,0.094,0.09428,40473214
1698537600000,0.09427,0.09455,0.09401,0.09426,53458594
1698552000000,0.09426,0.09474,0.09423,0.09439,52352490
1698566400000,0.09439,0.09495,0.09437,0.09478,49222474
1698580800000,0.09479,0.09505,0.09469,0.09482,64052819
1698595200000,0.09482,0.09521,0.09475,0.09495,50391621
1698609600000,0.09495,0.09509,0.09458,0.09482,55252194
1698624000000,0.09482,0.09491,0.0941,0.09423,80142689
1698638400000,0.09423,0.0945,0.09381,0.09421,86443394
1698652800000,0.09422,0.09514,0.09413,0.09495,93911556
1698667200000,0.09495,0.09548,0.09486,0.09506,91681844
1698681600000,0.09506,0.09512,0.09438,0.09506,73703790
1698696000000,0.09506,0.09569,0.09491,0.09558,56048850
1698710400000,0.09559,0.09645,0.09553,0.09611,137480795
1698724800000,0.09613,0.09654,0.09574,0.09585,117481401
1698739200000,0.09586,0.09654,0.09556,0.09643,83040883
1698753600000,0.09643,0.097,0.09535,0.09584,157002366
1698768000000,0.09585,0.09678,0.09573,0.09676,78698698
1698782400000,0.09676,0.0973,0.09656,0.09715,76670246
1698796800000,0.09715,0.09774,0.09693,0.09716,111671023
1698811200000,0.09716,0.09773,0.0968,0.09755,84110640
1698825600000,0.09756,0.09864,0.09751,0.09827,183160861
1698840000000,0.09826,0.10063,0.09809,0.09936,464734937
1698854400000,0.09937,0.10017,0.09899,0.09997,147132219
1698868800000,0.09998,0.10076,0.09975,0.10016,128756073
1698883200000,0.10016,0.10139,0.0998,0.10086,130782261
1698897600000,0.10085,0.10091,0.10004,0.10044,94571759
1698912000000,0.10045,0.10075,0.1001,0.10037,74677269
1698926400000,0.10038,0.10045,0.09903,0.09911,147117951
1698940800000,0.09912,0.09944,0.09865,0.0994,91774385
1698955200000,0.0994,0.09943,0.09857,0.0992,56262957
1698969600000,0.09919,0.0992,0.09763,0.09854,101061700
1698984000000,0.09853,0.09865,0.09808,0.09822,51320540
1698998400000,0.09822,0.09867,0.09735,0.09774,76814833
1699012800000,0.09775,0.09839,0.09743,0.09834,81961713
1699027200000,0.09834,0.09849,0.09745,0.09763,54221172
1699041600000,0.09762,0.09794,0.09699,0.09718,63744647
1699056000000,0.09718,0.09761,0.09683,0.09722,71231597
1699070400000,0.09722,0.09747,0.0968,0.09728,75974761
1699084800000,0.09728,0.09805,0.09713,0.09783,79642295
1699099200000,0.09783,0.09823,0.09721,0.09728,86599587
1699113600000,0.09728,0.09767,0.09709,0.09735,37863898
1699128000000,0.09734,0.09787,0.09722,0.09763,37374740
1699142400000,0.09763,0.09814,0.0973,0.09804,59040276
1699156800000,0.09803,0.09836,0.09782,0.09834,59358764
1699171200000,0.09834,0.09897,0.09804,0.09895,70028094
1699185600000,0.09895,0.09898,0.09771,0.0981,100115727
1699200000000,0.0981,0.0987,0.09806,0.09823,52322950
1699214400000,0.09823,0.09834,0.09719,0.09804,73373897
1699228800000,0.09803,0.09852,0.09789,0.0981,56370430
1699243200000,0.09811,0.09819,0.09638,0.09719,131571285
1699257600000,0.09718,0.09774,0.09702,0.09772,63427812
1699272000000,0.09772,0.09906,0.09747,0.09821,199806613
1699286400000,0.09822,0.09824,0.09735,0.09781,84167770
1699300800000,0.09781,0.09808,0.09746,0.09762,50509823
1699315200000,0.09763,0.09782,0.09681,0.09741,79509173
1699329600000,0.0974,0.09742,0.09686,0.09702,46094405
1699344000000,0.09701,0.09711,0.09611,0.09642,77011539
1699358400000,0.09642,0.09689,0.09571,0.09602,96744435
1699372800000,0.09602,0.09696,0.09576,0.09669,77635850
1699387200000,0.0967,0.09693,0.09637,0.09655,46229266
1699401600000,0.09655,0.09686,0.09625,0.09673,40213295
1699416000000,0.09673,0.09748,0.09656,0.09714,50367122
1699430400000,0.09714,0.09779,0.09712,0.09765,44840617
1699444800000,0.09766,0.09867,0.09716,0.09745,136012161
1699459200000,0.09745,0.09874,0.09738,0.09831,97185565
1699473600000,0.09831,0.09858,0.09791,0.09836,48409230
1699488000000,0.09835,0.09963,0.09822,0.09945,114287773
1699502400000,0.09945,0.10027,0.09934,0.10006,84239592
1699516800000,0.10005,0.10024,0.09934,0.10011,87336068
1699531200000,0.10012,0.10106,0.09958,0.10016,180337690
1699545600000,0.10016,0.10054,0.09728,0.09765,282700860
1699560000000,0.09764,0.09901,0.09741,0.09891,105618323
1699574400000,0.09891,0.10024,0.0989,0.09961,104290384
1699588800000,0.0996,0.10039,0.0996,0.09982,74805882
1699603200000,0.09983,0.11307,0.09896,0.1076,1622131987
1699617600000,0.1076,0.10796,0.10385,0.10481,493540958
1699632000000,0.10482,0.10597,0.10465,0.10573,133902278
1699646400000,0.10573,0.1063,0.1054,0.10623,78774101
1699660800000,0.10622,0.10635,0.10484,0.10535,128656097
1699675200000,0.10536,0.10596,0.10469,0.10571,79804478
1699689600000,0.10571,0.10665,0.10552,0.10644,87656305
1699704000000,0.10644,0.10827,0.1064,0.10811,122342282
1699718400000,0.1081,0.10909,0.10801,0.10877,96486441
1699732800000,0.10876,0.10878,0.10748,0.10808,74770891
1699747200000,0.10808,0.10817,0.10603,0.10737,116428110
1699761600000,0.10737,0.10821,0.10697,0.10813,45077825
1699776000000,0.10812,0.10835,0.10781,0.10822,50220514
1699790400000,0.10822,0.10862,0.10751,0.10831,65007940
1699804800000,0.1083,0.10876,0.10792,0.10836,46993428
1699819200000,0.10835,0.10912,0.10787,0.10852,69246767
1699833600000,0.10851,0.10989,0.10808,0.10916,151459634
1699848000000,0.10916,0.11072,0.10898,0.11027,82600155
1699862400000,0.11027,0.11071,0.10921,0.10963,83151132
1699876800000,0.10964,0.11025,0.1091,0.10979,105846736
1699891200000,0.10979,0.11008,0.10916,0.10974,65218555
1699905600000,0.10973,0.10982,0.10683,0.10687,113875607
1699920000000,0.10686,0.10689,0.10586,0.10606,84910982
1699934400000,0.10605,0.10705,0.10578,0.1069,58183333
1699948800000,0.10691,0.1072,0.1052,0.10539,85812244
1699963200000,0.10539,0.1066,0.10476,0.10568,134508079
1699977600000,0.10567,0.10585,0.10221,0.10224,150590985
1699992000000,0.10225,0.10262,0.10197,0.10226,76581456
1700006400000,0.10226,0.10309,0.10217,0.10267,61191445
1700020800000,0.10267,0.10419,0.10259,0.10408,67272289
1700035200000,0.10408,0.10474,0.10364,0.10453,121577741
1700049600000,0.10452,0.10475,0.10384,0.10412,103892513
1700064000000,0.10412,0.10431,0.1028,0.10384,168355593
1700078400000,0.10384,0.10422,0.10305,0.10414,73749412
1700092800000,0.10414,0.10476,0.10394,0.10456,62624488
1700107200000,0.10456,0.1048,0.1044,0.10459,43766336
1700121600000,0.10459,0.1047,0.10381,0.10418,86840183
1700136000000,0.10418,0.10419,0.10265,0.10297,122521479
1700150400000,0.10298,0.10336,0.10139,0.10193,128393756
1700164800000,0.10193,0.10247,0.10174,0.10233,69398768
1700179200000,0.10234,0.1034,0.10218,0.10323,79866065
1700193600000,0.10323,0.10393,0.10309,0.10364,50878595
1700208000000,0.10364,0.1039,0.10286,0.10305,60218556
1700222400000,0.10304,0.10342,0.10175,0.10181,92976438
1700236800000,0.10182,0.10325,0.10165,0.10298,84504050
1700251200000,0.10298,0.10381,0.10296,0.10377,59153371
1700265600000,0.10377,0.1038,0.10303,0.10307,49917472
1700280000000,0.10306,0.10328,0.10116,0.10201,97992935
1700294400000,0.10201,0.10248,0.1019,0.10215,45869741
1700308800000,0.10216,0.10286,0.10186,0.10282,62295612
1700323200000,0.10282,0.10302,0.1024,0.103,48220858
1700337600000,0.103,0.10305,0.10265,0.10293,32609736
1700352000000,0.10293,0.10295,0.10164,0.10229,77705398
1700366400000,0.1023,0.10312,0.10161,0.10275,88871369
1700380800000,0.10276,0.10294,0.10233,0.10262,39410652
1700395200000,0.10261,0.10334,0.10245,0.10331,43662761
1700409600000,0.10331,0.10384,0.10312,0.10378,49149400
1700424000000,0.10378,0.10383,0.1028,0.10354,59674211
1700438400000,0.10354,0.10365,0.10314,0.10329,41994568
1700452800000,0.10329,0.1036,0.10316,0.10357,32845763
1700467200000,0.10357,0.1051,0.10351,0.10472,106091188
1700481600000,0.10473,0.1049,0.1035,0.10373,111394673
1700496000000,0.10373,0.10391,0.10203,0.10215,120723384
1700510400000,0.10215,0.10216,0.10063,0.10089,130959091
1700524800000,0.10088,0.10196,0.10072,0.10119,88646917
1700539200000,0.10118,0.10171,0.10102,0.10139,55546426
1700553600000,0.10139,0.10182,0.10115,0.10159,68914726
1700568000000,0.10159,0.10171,0.09963,0.10022,146198659
1700582400000,0.10022,0.10047,0.09736,0.09761,222135012
1700596800000,0.0976,0.09794,0.09554,0.09605,165337204
1700611200000,0.09606,0.09815,0.09589,0.09806,108191220
1700625600000,0.09806,0.09877,0.09786,0.09827,73752903
1700640000000,0.09828,0.10202,0.09723,0.1004,313729123
1700654400000,0.10041,0.10072,0.09937,0.10016,157549379
1700668800000,0.10015,0.102,0.09978,0.10103,137388449
1700683200000,0.10104,0.10152,0.10085,0.10114,73177425
1700697600000,0.10113,0.10151,0.10102,0.10133,52145428
1700712000000,0.10134,0.10146,0.10118,0.10139,33513241
1700726400000,0.10139,0.10158,0.10088,0.10121,65324019
1700740800000,0.10121,0.10148,0.10073,0.10093,62382233
1700755200000,0.10093,0.10203,0.10086,0.10163,55033903
1700769600000,0.10163,0.1023,0.10159,0.10206,50403242
1700784000000,0.10207,0.10242,0.10196,0.10203,44023169
1700798400000,0.10203,0.10283,0.10201,0.10278,36399533
1700812800000,0.10278,0.10287,0.10214,0.10244,73313569
1700827200000,0.10244,0.10334,0.10239,0.10299,81863153
1700841600000,0.10298,0.10524,0.10295,0.10469,239870576
1700856000000,0.10469,0.10486,0.10433,0.10451,73571458
1700870400000,0.10452,0.10549,0.10437,0.10547,85497154
1700884800000,0.10548,0.10578,0.10463,0.10541,133541648
1700899200000,0.10541,0.10564,0.10482,0.10498,75306348
1700913600000,0.10498,0.10677,0.10494,0.10659,129637466
1700928000000,0.10659,0.10677,0.10608,0.10611,51270515
1700942400000,0.10612,0.10899,0.10609,0.1089,114083135
1700956800000,0.10889,0.10994,0.10864,0.10878,128123845
1700971200000,0.10878,0.10919,0.10828,0.10847,71963736
1700985600000,0.10848,0.10861,0.10807,0.10813,42490467
1701000000000,0.10813,0.10862,0.10765,0.10802,87625568
1701014400000,0.10802,0.10812,0.10691,0.10772,99465886
1701028800000,0.10771,0.10822,0.10769,0.10779,39852406
1701043200000,0.1078,0.10802,0.10635,0.10659,60700720
1701057600000,0.10659,0.10681,0.1058,0.10601,57087838
1701072000000,0.10601,0.10635,0.10378,0.10409,256412497
1701086400000,0.10409,0.1045,0.10302,0.10304,137892539
1701100800000,0.10303,0.10453,0.10299,0.10362,117731598
1701115200000,0.10363,0.1037,0.10156,0.10177,187106664
1701129600000,0.10176,0.10206,0.0998,0.10144,246896600
1701144000000,0.10144,0.1018,0.10026,0.10139,139022948
1701158400000,0.10138,0.10188,0.10121,0.10179,103467605
1701172800000,0.1018,0.10291,0.10162,0.10265,143176127
1701187200000,0.10265,0.10373,0.10255,0.10334,129569539
1701201600000,0.10333,0.1035,0.10261,0.10291,93000378
1701216000000,0.10291,0.1034,0.10265,0.10293,85391771
1701230400000,0.10294,0.10387,0.10276,0.10362,60381198
1701244800000,0.10362,0.10402,0.10295,0.10348,98538934
1701259200000,0.10347,0.10386,0.10293,0.1037,125277590
1701273600000,0.1037,0.10382,0.10333,0.10351,70799351
1701288000000,0.10351,0.10361,0.1031,0.10345,47626498
1701302400000,0.10345,0.1038,0.10306,0.10322,81885348
1701316800000,0.10321,0.10357,0.10319,0.10321,48202299
1701331200000,0.10321,0.10418,0.10292,0.10418,79156184
1701345600000,0.10417,0.10435,0.1033,0.10341,72176882
1701360000000,0.10341,0.10364,0.10326,0.10344,32207525
1701374400000,0.10343,0.10368,0.1034,0.1035,26454365
1701388800000,0.1035,0.10387,0.10315,0.10365,56660554
1701403200000,0.10365,0.10379,0.10322,0.10354,59455389
1701417600000,0.10353,0.10421,0.10341,0.1041,74757003
1701432000000,0.10409,0.10414,0.10266,0.10269,107953041
1701446400000,0.10269,0.10344,0.10265,0.10322,68714462
1701460800000,0.10322,0.10337,0.10305,0.10306,26908252
1701475200000,0.10306,0.10413,0.10293,0.10334,58273069
1701489600000,0.10334,0.10351,0.10321,0.10327,31460297
1701504000000,0.10328,0.1033,0.10274,0.1028,50052809
1701518400000,0.10281,0.10312,0.10256,0.10267,76921221
1701532800000,0.10266,0.10322,0.10221,0.10307,105434179
1701547200000,0.10308,0.10341,0.10281,0.10319,60730945
1701561600000,0.10318,0.10378,0.10307,0.10344,72758176
1701576000000,0.10344,0.10352,0.10315,0.10343,37826821
1701590400000,0.10343,0.10343,0.10297,0.10331,42891758
1701604800000,0.10331,0.10334,0.10252,0.10292,77427078
1701619200000,0.10292,0.10367,0.10267,0.10337,55064604
1701633600000,0.10337,0.10417,0.10297,0.10313,88678560
1701648000000,0.10313,0.1041,0.10308,0.10357,89583436
1701662400000,0.10357,0.1046,0.1035,0.10437,96787902
1701676800000,0.10438,0.10611,0.10253,0.10336,294064865
1701691200000,0.10337,0.10393,0.10201,0.10262,155872237
1701705600000,0.10262,0.10333,0.10257,0.10306,67024962
1701720000000,0.10305,0.10397,0.103,0.10396,65191536
1701734400000,0.10396,0.10433,0.10288,0.10331,123914918
1701748800000,0.10331,0.10362,0.10275,0.103,70454139
1701763200000,0.103,0.10336,0.10253,0.10284,76908253
1701777600000,0.10284,0.10324,0.10246,0.10312,67208714
1701792000000,0.10312,0.10401,0.1028,0.10365,132582835
1701806400000,0.10365,0.10384,0.10338,0.10358,55263074
1701820800000,0.10359,0.10407,0.10316,0.10335,99405527
1701835200000,0.10335,0.10442,0.10212,0.10303,201783361
1701849600000,0.10302,0.10623,0.10293,0.10483,279414787
1701864000000,0.10483,0.10523,0.10452,0.10496,133344017
1701878400000,0.10496,0.10583,0.10489,0.10552,91011501
1701892800000,0.10552,0.10582,0.10459,0.10475,73958580
1701907200000,0.10475,0.1051,0.10443,0.10508,60179995
1701921600000,0.10508,0.1057,0.10456,0.10483,71462870
1701936000000,0.10482,0.10492,0.10293,0.10312,175182137
1701950400000,0.10312,0.10393,0.10296,0.10379,105900894
1701964800000,0.10379,0.10434,0.10341,0.10371,92026554
1701979200000,0.1037,0.10436,0.10361,0.1042,63045215
1701993600000,0.1042,0.10504,0.10416,0.10486,71967485
1702008000000,0.10485,0.10596,0.10483,0.1058,125402883
1702022400000,0.10579,0.10651,0.1053,0.10557,284337201
1702036800000,0.10557,0.10624,0.10546,0.10598,104389332
1702051200000,0.10598,0.10699,0.10598,0.10696,106491637
1702065600000,0.10696,0.10734,0.10642,0.10671,72402043
1702080000000,0.1067,0.1077,0.10667,0.10758,94727220
1702094400000,0.10758,0.10862,0.10747,0.10858,92832176
1702108800000,0.10857,0.10886,0.10688,0.10786,166342757
1702123200000,0.10786,0.10843,0.10703,0.10762,143052291
1702137600000,0.10763,0.10785,0.10682,0.1075,115594040
1702152000000,0.10749,0.10763,0.10622,0.10666,90062592
1702166400000,0.10665,0.1077,0.10638,0.10761,73945669
1702180800000,0.10762,0.10858,0.1074,0.10803,100870544
1702195200000,0.10804,0.10821,0.10656,0.10699,120002682
1702209600000,0.107,0.10828,0.10699,0.10801,103140112
1702224000000,0.108,0.1081,0.10734,0.10775,84539864
1702238400000,0.10774,0.10829,0.1075,0.10791,56533624
1702252800000,0.1079,0.10805,0.09886,0.10436,341969752
1702267200000,0.10436,0.10463,0.1038,0.10462,111868803
1702281600000,0.10463,0.10592,0.10456,0.10573,121207286
1702296000000,0.10574,0.10581,0.10404,0.10471,139772835
1702310400000,0.10471,0.10474,0.10209,0.10294,176105520
1702324800000,0.10293,0.10385,0.10284,0.10379,75354786
1702339200000,0.10379,0.105,0.10369,0.10496,73065353
1702353600000,0.10496,0.10503,0.10432,0.10501,62633309
1702368000000,0.10502,0.10514,0.10426,0.10428,62670238
1702382400000,0.10428,0.10463,0.10329,0.10357,128022752
1702396800000,0.10356,0.10383,0.10269,0.10347,93044941
1702411200000,0.10347,0.10382,0.10299,0.10356,62274956
1702425600000,0.10356,0.10375,0.10238,0.10244,108941404
1702440000000,0.10245,0.10273,0.10164,0.10259,103595261
1702454400000,0.10259,0.1033,0.10255,0.10286,81133702
1702468800000,0.10286,0.10363,0.10281,0.10359,85960787
1702483200000,0.10359,0.10399,0.10305,0.10396,74529341
1702497600000,0.10395,0.10452,0.10383,0.10428,83688176
1702512000000,0.10428,0.10437,0.10388,0.10397,52625989
1702526400000,0.10397,0.10441,0.10391,0.1043,43912437
1702540800000,0.10429,0.10552,0.10415,0.10551,103999614
1702555200000,0.10552,0.10555,0.10316,0.10528,184382622
1702569600000,0.10528,0.10583,0.10524,0.10561,54061223
1702584000000,0.1056,0.1061,0.10541,0.10604,43438473
1702598400000,0.10604,0.10636,0.10581,0.10595,52631422
1702612800000,0.10595,0.10599,0.10506,0.10518,46600459
1702627200000,0.10518,0.10548,0.10466,0.1048,92221009
1702641600000,0.1048,0.10482,0.10285,0.10313,99054586
1702656000000,0.10312,0.10317,0.10233,0.10238,84266385
1702670400000,0.10238,0.10259,0.10113,0.10145,107561304
1702684800000,0.10146,0.10226,0.10092,0.10217,91925919
1702699200000,0.10217,0.10301,0.10203,0.10299,64024371
1702713600000,0.103,0.1033,0.10269,0.10302,85313127
1702728000000,0.10303,0.10304,0.10224,0.10257,70613290
1702742400000,0.10257,0.10275,0.10217,0.10227,77729700
1702756800000,0.10227,0.10303,0.10203,0.10273,63265395
1702771200000,0.10272,0.10303,0.1024,0.10271,55163466
1702785600000,0.10271,0.10294,0.10192,0.10208,48121659
1702800000000,0.10208,0.10355,0.10189,0.103,82842643
1702814400000,0.10301,0.10318,0.1026,0.10318,60451507
1702828800000,0.10318,0.10338,0.10251,0.10278,54391210
1702843200000,0.10278,0.10298,0.10182,0.10193,50498984
1702857600000,0.10194,0.10198,0.09975,0.10033,197337517
1702872000000,0.10032,0.10085,0.09987,0.10001,92035455
1702886400000,0.10001,0.10031,0.09722,0.09869,261403467
1702900800000,0.09869,0.09984,0.09818,0.09924,133893593
1702915200000,0.09925,0.09994,0.09902,0.09988,58578062
1702929600000,0.09988,0.10097,0.09966,0.10088,66073063
1702944000000,0.10088,0.10157,0.10073,0.10114,60963845
1702958400000,0.10115,0.1016,0.10101,0.10143,57736616
1702972800000,0.10143,0.10147,0.10096,0.10108,52070154
1702987200000,0.10109,0.10154,0.10035,0.10075,81189274
1703001600000,0.10075,0.10078,0.09993,0.10049,83835162
1703016000000,0.10049,0.10074,0.10031,0.10055,44117383
1703030400000,0.10054,0.10126,0.1005,0.10112,51562435
1703044800000,0.10111,0.10202,0.10106,0.10199,63764731
1703059200000,0.10199,0.10241,0.10184,0.10241,52221055
1703073600000,0.1024,0.10327,0.10225,0.103,100544095
1703088000000,0.103,0.10333,0.10283,0.10298,57727613
1703102400000,0.10297,0.10297,0.10234,0.10273,90501564
1703116800000,0.10272,0.10387,0.10239,0.10355,88778949
1703131200000,0.10356,0.10394,0.10338,0.10391,50346677
1703145600000,0.1039,0.1051,0.10387,0.10467,104692648
1703160000000,0.10467,0.10505,0.10358,0.10422,102803169
1703174400000,0.10422,0.10468,0.10401,0.10439,66442523
1703188800000,0.10439,0.10478,0.10437,0.10469,43891567
1703203200000,0.10469,0.10504,0.1041,0.1042,61346064
1703217600000,0.1042,0.10503,0.1038,0.10448,129842725
1703232000000,0.10448,0.10476,0.10403,0.10442,76864983
1703246400000,0.10441,0.10464,0.10391,0.10452,50802871
1703260800000,0.10451,0.105,0.10442,0.10478,44117022
1703275200000,0.10478,0.10523,0.10478,0.10522,32648473
1703289600000,0.10522,0.1055,0.1041,0.10421,87733743
1703304000000,0.10421,0.10493,0.10398,0.10472,55094067
1703318400000,0.10471,0.10573,0.1047,0.1056,66974319
1703332800000,0.10561,0.10631,0.1056,0.10605,85472084
1703347200000,0.10605,0.10679,0.10604,0.10664,89176537
1703361600000,0.10665,0.10707,0.1064,0.10687,61183396
1703376000000,0.10687,0.1072,0.10637,0.10692,69425753
1703390400000,0.10691,0.10715,0.10544,0.10631,90605012
1703404800000,0.10632,0.10639,0.10541,0.10604,73124480
1703419200000,0.10604,0.10676,0.10583,0.10668,60359117
1703433600000,0.10667,0.10762,0.10654,0.10746,75229188
1703448000000,0.10746,0.10762,0.10586,0.10628,143369247
1703462400000,0.10628,0.10808,0.10628,0.10789,154387197
1703476800000,0.10788,0.10813,0.10767,0.10782,51736242
1703491200000,0.10782,0.10868,0.1075,0.10757,106854285
1703505600000,0.10757,0.1082,0.10734,0.10767,82337783
1703520000000,0.10767,0.10775,0.1061,0.10622,139253576
1703534400000,0.10623,0.10645,0.10555,0.10595,81454017
1703548800000,0.10595,0.10672,0.10498,0.10625,133375379
1703563200000,0.10626,0.1063,0.10411,0.10499,166766243
1703577600000,0.105,0.1052,0.10405,0.10481,87772222
1703592000000,0.10481,0.1056,0.10352,0.10358,189606413
1703606400000,0.10357,0.10406,0.1,0.10282,230790694
1703620800000,0.10281,0.10341,0.10269,0.10308,50842718
1703635200000,0.10309,0.10344,0.10239,0.10247,93844481
1703649600000,0.10248,0.10352,0.10235,0.10343,103393343
1703664000000,0.10343,0.10447,0.10328,0.10439,82449946
1703678400000,0.10439,0.1049,0.10385,0.1048,157486552
1703692800000,0.10481,0.1053,0.10453,0.10507,73926166
1703707200000,0.10507,0.1055,0.10507,0.10542,47193664
1703721600000,0.10543,0.10628,0.10526,0.1057,112432398
1703736000000,0.1057,0.106,0.10516,0.10555,82921502
1703750400000,0.10555,0.10647,0.10547,0.10634,62403729
1703764800000,0.10634,0.1065,0.1043,0.10502,214149515
1703779200000,0.10502,0.10547,0.10482,0.1054,50738354
1703793600000,0.1054,0.10586,0.10493,0.10549,49065533
1703808000000,0.1055,0.10579,0.10452,0.1056,99044139
1703822400000,0.10561,0.10615,0.10534,0.10549,53538484
1703836800000,0.10548,0.1068,0.10545,0.10634,94031059
1703851200000,0.10634,0.10686,0.10543,0.10578,112636515
1703865600000,0.10579,0.10614,0.10469,0.10563,116281797
1703880000000,0.10563,0.10585,0.10464,0.10569,54947452
1703894400000,0.10569,0.10639,0.10559,0.10636,70716867
1703908800000,0.10636,0.10735,0.10635,0.10655,112357566
1703923200000,0.10654,0.10659,0.10508,0.10581,93458136
1703937600000,0.1058,0.10623,0.10557,0.10611,57434306
1703952000000,0.1061,0.10636,0.10588,0.10608,47582848
1703966400000,0.10608,0.10619,0.10582,0.10598,38212002
1703980800000,0.10599,0.10624,0.10563,0.10597,41540450
1703995200000,0.10596,0.1066,0.10567,0.10649,37377532
1704009600000,0.1065,0.10679,0.10628,0.10669,39212311
1704024000000,0.1067,0.1077,0.10644,0.10746,69115993
1704038400000,0.10746,0.10926,0.10746,0.10886,182087543
1704052800000,0.10887,0.10911,0.10757,0.10769,129180567
1704067200000,0.10769,0.10848,0.10708,0.10719,83632393
1704081600000,0.10719,0.10732,0.10601,0.10711,96409464
1704096000000,0.1071,0.10751,0.1069,0.10703,51056894
1704110400000,0.10703,0.10738,0.10674,0.10732,46641394
1704124800000,0.10731,0.1077,0.10689,0.10763,50189697
1704139200000,0.10764,0.10812,0.10738,0.10779,60756399
1704153600000,0.1078,0.10847,0.10763,0.10838,87156360
1704168000000,0.10839,0.10885,0.10824,0.10878,46360253
1704182400000,0.10878,0.11079,0.10864,0.11033,180019992
1704196800000,0.11033,0.11061,0.10852,0.1088,147252581
1704211200000,0.10881,0.11001,0.1086,0.10921,112564886
1704225600000,0.10921,0.10953,0.10811,0.10841,78056155
1704240000000,0.10841,0.10982,0.10827,0.10975,73377552
1704254400000,0.10975,0.10998,0.10891,0.10908,60057488
1704268800000,0.10908,0.11014,0.10695,0.10749,169046812
1704283200000,0.1075,0.10753,0.10269,0.10535,602295786
1704297600000,0.10535,0.10574,0.10411,0.10475,169192273
1704312000000,0.10475,0.10685,0.10461,0.10683,100436155
1704326400000,0.10683,0.10792,0.10671,0.10782,127229571
1704340800000,0.10783,0.10873,0.10752,0.10755,106480593
1704355200000,0.10755,0.1077,0.10627,0.10681,128734890
1704369600000,0.1068,0.10764,0.10659,0.10741,96467919
1704384000000,0.10741,0.10747,0.10681,0.10687,62964390
1704398400000,0.10687,0.10752,0.10683,0.10696,58430701
1704412800000,0.10696,0.10717,0.10475,0.10544,138659478
1704427200000,0.10544,0.10602,0.10518,0.10586,45879918
1704441600000,0.10585,0.10636,0.10459,0.10471,116479395
1704456000000,0.10471,0.10497,0.10325,0.10369,163850530
1704470400000,0.10368,0.10403,0.10295,0.10384,103835636
1704484800000,0.10383,0.10445,0.10377,0.10437,63701201
1704499200000,0.10437,0.10438,0.10352,0.10353,42786128
1704513600000,0.10352,0.10354,0.10152,0.10269,160799171
1704528000000,0.1027,0.10393,0.10256,0.10363,72613069
1704542400000,0.10363,0.10421,0.10353,0.1041,55325865
1704556800000,0.10409,0.10429,0.10367,0.1039,40602012
1704571200000,0.1039,0.10397,0.10334,0.10385,35667938
1704585600000,0.10384,0.10402,0.10328,0.10349,41097855
1704600000000,0.10348,0.10411,0.10335,0.10405,33045449
1704614400000,0.10405,0.10408,0.1033,0.10361,42297911
1704628800000,0.1036,0.10408,0.10334,0.10358,48782994
1704643200000,0.10359,0.10394,0.10338,0.10383,40536447
1704657600000,0.10382,0.10395,0.10236,0.1027,93799904
1704672000000,0.10271,0.10279,0.10099,0.10164,156880950
1704686400000,0.10164,0.10359,0.10158,0.10332,126963063
1704700800000,0.10332,0.10418,0.10264,0.10349,93479068
1704715200000,0.1035,0.1038,0.10273,0.10312,131853612
1704729600000,0.10312,0.10432,0.1028,0.1042,91918965
1704744000000,0.1042,0.10421,0.10358,0.10415,47489224
1704758400000,0.10415,0.10416,0.10324,0.10391,74860263
1704772800000,0.1039,0.10454,0.10382,0.10407,63207567
1704787200000,0.10407,0.10408,0.10305,0.10317,60049797
1704801600000,0.10316,0.10336,0.10163,0.10212,142787597
1704816000000,0.10213,0.10232,0.10144,0.10223,79989699
1704830400000,0.10223,0.1029,0.10154,0.10273,174760725
1704844800000,0.10272,0.10358,0.10267,0.10348,73979209
1704859200000,0.10348,0.10392,0.10337,0.10387,42939715
1704873600000,0.10388,0.1047,0.10387,0.1045,60573053
1704888000000,0.1045,0.10454,0.10285,0.10422,144253153
1704902400000,0.10421,0.10455,0.10314,0.10438,108051855
1704916800000,0.10437,0.10583,0.10339,0.10517,236953374
1704931200000,0.10517,0.10575,0.10499,0.10559,86658348
1704945600000,0.10559,0.10568,0.10465,0.10534,65143376
1704960000000,0.10534,0.10677,0.10524,0.10665,109963816
1704974400000,0.10665,0.10777,0.10538,0.10567,330491690
1704988800000,0.10567,0.10614,0.1046,0.10605,165942437
1705003200000,0.10605,0.1063,0.10558,0.10617,64754021
1705017600000,0.10616,0.1067,0.10584,0.10659,69473144
1705032000000,0.10658,0.10729,0.10658,0.10714,51354811
1705046400000,0.10713,0.10767,0.1066,0.10745,81537344
1705060800000,0.10744,0.10803,0.1063,0.1067,164822213
1705075200000,0.1067,0.10722,0.10593,0.10704,162007329
1705089600000,0.10703,0.10764,0.10547,0.10684,181299996
1705104000000,0.10684,0.10712,0.10617,0.10673,109454226
1705118400000,0.10673,0.10964,0.10658,0.10938,146411052
1705132800000,0.10938,0.11383,0.10888,0.11347,732075096
1705147200000,0.11348,0.11648,0.11257,0.11511,755675746
1705161600000,0.11511,0.11521,0.11341,0.11431,286057739
1705176000000,0.11431,0.1145,0.11357,0.11422,110396789
1705190400000,0.11422,0.11787,0.11418,0.11687,304885914
1705204800000,0.11686,0.11724,0.11516,0.11553,222999807
1705219200000,0.11553,0.1171,0.11435,0.11438,209513010
1705233600000,0.11438,0.1151,0.11357,0.11416,122983109
1705248000000,0.11416,0.1142,0.11172,0.11205,150442655
1705262400000,0.11206,0.11279,0.11095,0.11118,152639874
1705276800000,0.11118,0.11279,0.11117,0.11262,81424185
1705291200000,0.11261,0.11309,0.11232,0.11273,65507254
1705305600000,0.11273,0.11413,0.11273,0.11405,86729495
1705320000000,0.11406,0.11442,0.11283,0.11299,163959484
1705334400000,0.11299,0.11362,0.11146,0.11198,103736013
1705348800000,0.11198,0.11233,0.10777,0.10867,294562041
1705363200000,0.10867,0.10903,0.10795,0.10891,91523302
1705377600000,0.10892,0.11007,0.10871,0.10995,94960949
1705392000000,0.10995,0.11056,0.109,0.1091,97206444
1705406400000,0.10911,0.10922,0.10729,0.10783,176155270
1705420800000,0.10784,0.1084,0.10766,0.10815,73308818
1705435200000,0.10815,0.10853,0.10793,0.10802,45289175
1705449600000,0.10801,0.10843,0.1079,0.10801,39456091
1705464000000,0.10801,0.10821,0.10742,0.10753,51337383
1705478400000,0.10754,0.10928,0.10731,0.10922,81750151
1705492800000,0.10922,0.10923,0.10776,0.10786,98044348
1705507200000,0.10787,0.10818,0.1076,0.10806,42433807
1705521600000,0.10805,0.10843,0.10789,0.10837,39407698
1705536000000,0.10837,0.10876,0.10794,0.10857,56066191
1705550400000,0.10857,0.10964,0.10847,0.10964,64966125
1705564800000,0.10963,0.10979,0.10911,0.10939,67648652
1705579200000,0.10938,0.10967,0.10855,0.10966,87538659
1705593600000,0.10965,0.10976,0.10593,0.10702,168935285
1705608000000,0.10701,0.10817,0.10698,0.1081,92728001
1705622400000,0.10809,0.10816,0.10671,0.10737,65361054
1705636800000,0.10737,0.10836,0.10723,0.10836,42035238
1705651200000,0.10835,0.10932,0.10828,0.10914,99384030
1705665600000,0.10914,0.10975,0.10875,0.10912,94326547
1705680000000,0.10912,0.10978,0.10777,0.10976,170750903
1705694400000,0.10975,0.11048,0.10955,0.11047,68498943
1705708800000,0.11046,0.1106,0.10995,0.11043,47789863
1705723200000,0.11042,0.11089,0.10984,0.11072,66111542
1705737600000,0.11071,0.11071,0.10972,0.11018,60493789
1705752000000,0.11019,0.11031,0.10957,0.11002,40245747
1705766400000,0.11002,0.1105,0.10992,0.11008,41290471
1705780800000,0.11008,0.11034,0.10975,0.10999,30848383
1705795200000,0.10999,0.11176,0.10957,0.11143,96206930
1705809600000,0.11142,0.11156,0.11066,0.11079,40898484
1705824000000,0.11079,0.11088,0.1106,0.11081,24221807
1705838400000,0.11081,0.11099,0.11016,0.11027,37266904
1705852800000,0.11026,0.11047,0.10911,0.10945,82763169
1705867200000,0.10945,0.10958,0.10877,0.10883,45176423
1705881600000,0.10883,0.10903,0.10804,0.10824,59900282
1705896000000,0.10825,0.10917,0.10795,0.10911,47602480
1705910400000,0.10911,0.10915,0.10782,0.109,94216671
1705924800000,0.10901,0.10959,0.10876,0.10958,96086755
1705939200000,0.10957,0.10983,0.10843,0.10905,104872722
1705953600000,0.10905,0.1099,0.10903,0.10927,63800142
1705968000000,0.10927,0.10982,0.10912,0.10952,65277377
1705982400000,0.10951,0.11,0.10934,0.10951,81792765
1705996800000,0.1095,0.10951,0.1066,0.10702,239128525
1706011200000,0.10702,0.10747,0.10604,0.10726,128522501
1706025600000,0.10725,0.1073,0.10637,0.10659,70363729
1706040000000,0.10658,0.10727,0.10632,0.10719,54699188
1706054400000,0.10719,0.10763,0.10684,0.10703,58131837
1706068800000,0.10703,0.10739,0.10693,0.10721,39245790
1706083200000,0.1072,0.1086,0.10718,0.10828,73017475
1706097600000,0.10827,0.1087,0.10812,0.10859,62247211
1706112000000,0.10858,0.10884,0.10804,0.10842,49053143
1706126400000,0.10841,0.10886,0.10817,0.10882,32285538
1706140800000,0.10881,0.1099,0.10853,0.10978,66478261
1706155200000,0.10977,0.11082,0.10957,0.1108,68752887
1706169600000,0.11081,0.11175,0.11076,0.11159,93551537
1706184000000,0.11158,0.11198,0.11085,0.11096,142550780
1706198400000,0.11096,0.11166,0.11066,0.11095,88876035
1706212800000,0.11095,0.11256,0.11084,0.11212,81232084
1706227200000,0.11211,0.11383,0.11206,0.11347,110126606
1706241600000,0.11346,0.11439,0.11313,0.11348,102754474
1706256000000,0.11348,0.11521,0.11341,0.11475,148768012
1706270400000,0.11475,0.11514,0.11452,0.11496,78322334
1706284800000,0.11496,0.11524,0.11449,0.11465,62137809
1706299200000,0.11465,0.11488,0.11429,0.11442,49956538
1706313600000,0.11443,0.11667,0.11441,0.11541,123808009
1706328000000,0.11541,0.11547,0.1148,0.11504,49178589
1706342400000,0.11503,0.11524,0.11451,0.11458,44841507
1706356800000,0.11458,0.1147,0.11284,0.1133,125407823
1706371200000,0.1133,0.11338,0.11175,0.11247,76874055
1706385600000,0.11246,0.11259,0.11207,0.11237,36506012
1706400000000,0.11236,0.11322,0.11174,0.11317,63180616
1706414400000,0.11317,0.11351,0.11269,0.11274,45430110
1706428800000,0.11275,0.11331,0.11201,0.11212,90615398
1706443200000,0.11212,0.11218,0.11138,0.11211,60912469
1706457600000,0.11211,0.11243,0.11185,0.11204,46187636
1706472000000,0.11205,0.11226,0.11161,0.11218,39413956
1706486400000,0.11218,0.11309,0.11197,0.11293,47059003
1706500800000,0.11293,0.11335,0.11286,0.11324,32337009
1706515200000,0.11323,0.11393,0.11319,0.11353,59097247
1706529600000,0.11353,0.11432,0.1122,0.11419,139048382
1706544000000,0.11419,0.11428,0.11235,0.11283,112635063
1706558400000,0.11284,0.1133,0.11282,0.11296,35168988
1706572800000,0.11296,0.11303,0.11161,0.11249,73134005
1706587200000,0.1125,0.11256,0.11159,0.11206,54207916
1706601600000,0.11206,0.11262,0.11189,0.11259,44289800
1706616000000,0.1126,0.1126,0.11163,0.11213,66514823
1706630400000,0.11212,0.11262,0.11192,0.11243,49978218
1706644800000,0.11243,0.11251,0.1118,0.11195,44415815
1706659200000,0.11194,0.11214,0.11128,0.11211,68566615
1706673600000,0.11211,0.11337,0.11197,0.11316,91177739
1706688000000,0.11315,0.1136,0.1123,0.11254,137590386
1706702400000,0.11253,0.11312,0.11169,0.11277,107421369
1706716800000,0.11277,0.11351,0.11234,0.11294,87121644
1706731200000,0.11295,0.1132,0.11187,0.11218,111906519
1706745600000,0.11217,0.1131,0.11162,0.11265,111360746
1706760000000,0.11263,0.11316,0.11232,0.11305,56312482
1706774400000,0.11306,0.11376,0.11282,0.11331,81531376
1706788800000,0.1133,0.11508,0.1133,0.11471,211905656
1706803200000,0.11472,0.11544,0.11471,0.11522,126213625
1706817600000,0.11523,0.11575,0.11509,0.1156,66768053
1706832000000,0.11561,0.11801,0.11546,0.11748,163432727
1706846400000,0.11749,0.11796,0.11657,0.11757,173794662
1706860800000,0.11757,0.11773,0.11681,0.11767,82398852
1706875200000,0.11768,0.11772,0.11669,0.11697,94507406
1706889600000,0.11698,0.117,0.1162,0.11649,74362081
1706904000000,0.1165,0.1165,0.11605,0.11618,34821185
1706918400000,0.11618,0.11648,0.11601,0.11606,48929100
1706932800000,0.11607,0.1165,0.11591,0.11604,30742359
1706947200000,0.11605,0.11662,0.11604,0.1163,39069173
1706961600000,0.1163,0.11738,0.1163,0.11726,57880234
1706976000000,0.11727,0.11734,0.11698,0.11718,33492128
1706990400000,0.11718,0.11737,0.11709,0.11719,26375168
1707004800000,0.11719,0.1174,0.11688,0.11701,42444110
1707019200000,0.11702,0.11717,0.11683,0.11709,41412356
1707033600000,0.11709,0.11865,0.11677,0.11837,104799438
1707048000000,0.11837,0.11904,0.11819,0.11846,117030137
1707062400000,0.11846,0.11871,0.11815,0.11824,57894833
1707076800000,0.11824,0.119,0.11808,0.1184,75649231
1707091200000,0.1184,0.11938,0.11788,0.1192,109941587
1707105600000,0.11921,0.11999,0.11915,0.1193,83487125
1707120000000,0.11931,0.11943,0.11889,0.1194,62273452
1707134400000,0.11939,0.1194,0.11826,0.11838,99761856
1707148800000,0.11838,0.12057,0.11742,0.11871,295858656
1707163200000,0.11872,0.11905,0.118,0.11892,79813563
1707177600000,0.11892,0.11973,0.11883,0.11957,77184490
1707192000000,0.11956,0.1205,0.11943,0.12017,85067356
1707206400000,0.12017,0.12803,0.12003,0.1219,594747680
1707220800000,0.1219,0.12207,0.1201,0.12116,180867637
1707235200000,0.12116,0.12262,0.12062,0.12234,117216359
1707249600000,0.12233,0.12243,0.12072,0.12097,68835727
1707264000000,0.12097,0.12278,0.12078,0.12277,73319510
1707278400000,0.12277,0.12467,0.12236,0.1246,181734134
1707292800000,0.1246,0.12562,0.12324,0.12413,231487324
1707307200000,0.12413,0.12635,0.12362,0.12571,189881530
1707321600000,0.1257,0.12634,0.12454,0.1246,103680567
1707336000000,0.1246,0.12525,0.1232,0.12356,77228031
1707350400000,0.12356,0.12481,0.12341,0.12478,75696877
1707364800000,0.12478,0.12681,0.12151,0.12167,254096357
1707379200000,0.12168,0.12249,0.12099,0.12219,151701221
1707393600000,0.12219,0.12309,0.12189,0.12307,109073999
1707408000000,0.12306,0.12306,0.12193,0.12205,68099150
1707422400000,0.12204,0.12236,0.12183,0.12183,39591399
1707436800000,0.12183,0.12281,0.12164,0.12247,58258845
1707451200000,0.12246,0.12272,0.12195,0.12241,42429835
1707465600000,0.12242,0.12318,0.12241,0.12312,50262680
1707480000000,0.12312,0.12362,0.1228,0.12318,83125310
1707494400000,0.12319,0.12347,0.12275,0.12345,35802397
1707508800000,0.12345,0.12383,0.12339,0.12367,33339304
1707523200000,0.12366,0.12411,0.12366,0.1237,26068073
1707537600000,0.12371,0.12378,0.12316,0.12317,28110601
1707552000000,0.12316,0.12331,0.12278,0.12317,39217016
1707566400000,0.12318,0.12379,0.12311,0.12363,28065705
1707580800000,0.12364,0.12444,0.12354,0.12429,46466067
1707595200000,0.12428,0.12457,0.12401,0.12437,36403507
1707609600000,0.12437,0.12495,0.12432,0.12476,32188532
1707624000000,0.12476,0.12495,0.12447,0.12478,32567272
1707638400000,0.12477,0.12493,0.1245,0.12475,27521319
1707652800000,0.12474,0.12477,0.12402,0.12436,38108313
1707667200000,0.12436,0.12451,0.12403,0.12424,28794271
1707681600000,0.12424,0.12439,0.12396,0.12418,26172832
1707696000000,0.12417,0.12442,0.1233,0.12383,49603380
1707710400000,0.12382,0.1247,0.12379,0.12459,50870910
1707724800000,0.12459,0.12534,0.12441,0.12523,81621845
1707739200000,0.12522,0.12582,0.12514,0.12566,71467767
1707753600000,0.12565,0.12568,0.12426,0.12492,98600999
1707768000000,0.12492,0.12539,0.12488,0.12497,47937906
1707782400000,0.12498,0.12548,0.1249,0.12528,52848150
1707796800000,0.12527,0.12642,0.12509,0.12578,60227119
1707811200000,0.12579,0.12588,0.12521,0.12582,48394552
1707825600000,0.12583,0.12594,0.12433,0.1251,103517239
1707840000000,0.1251,0.12655,0.12494,0.12625,49866986
1707854400000,0.12626,0.12714,0.12626,0.12696,51241624
1707868800000,0.12696,0.12718,0.12637,0.12715,50299016
1707883200000,0.12716,0.12841,0.12687,0.12838,73424530
1707897600000,0.12838,0.12953,0.12828,0.12917,92403884
1707912000000,0.12917,0.12928,0.12834,0.1288,71046075
1707926400000,0.1288,0.12932,0.12845,0.12919,54697052
1707940800000,0.12919,0.1302,0.12904,0.12967,72820157
1707955200000,0.12967,0.13045,0.12958,0.13016,76352664
1707969600000,0.13015,0.13206,0.12982,0.13074,204400815
1707984000000,0.13074,0.132,0.13062,0.13133,148391492
1707998400000,0.13132,0.13153,0.1304,0.13073,115558646
1708012800000,0.13073,0.13129,0.1301,0.13115,76279958
1708027200000,0.13115,0.13147,0.13083,0.13112,51561775
1708041600000,0.13112,0.13197,0.13092,0.13176,57131081
1708056000000,0.13176,0.1322,0.13113,0.13127,54066846
1708070400000,0.13127,0.13274,0.13119,0.13251,74732629
1708084800000,0.1325,0.13264,0.13061,0.13118,128388838
1708099200000,0.13117,0.13214,0.13108,0.13194,65255995
1708113600000,0.13194,0.13311,0.13165,0.13298,59098210
1708128000000,0.13298,0.13357,0.13266,0.13323,75128891
1708142400000,0.13322,0.13464,0.13322,0.13453,90592220
1708156800000,0.13453,0.13805,0.13429,0.13782,276368211
1708171200000,0.13781,0.1398,0.1346,0.13585,446945209
1708185600000,0.13585,0.13658,0.13555,0.1359,101312594
1708200000000,0.1359,0.13675,0.13555,0.136,53534657
1708214400000,0.13601,0.13621,0.13481,0.13502,98588170
1708228800000,0.13501,0.13559,0.13467,0.13528,69026329
1708243200000,0.13527,0.1356,0.13518,0.1355,63153482
1708257600000,0.13551,0.13551,0.13488,0.1351,45182798
1708272000000,0.13509,0.13544,0.13488,0.13505,50847664
1708286400000,0.13505,0.13572,0.1349,0.13531,48257863
1708300800000,0.1353,0.13574,0.13516,0.13571,44163189
1708315200000,0.1357,0.13626,0.13553,0.13609,42836299
1708329600000,0.1361,0.13613,0.13526,0.13567,61898814
1708344000000,0.13567,0.13639,0.13553,0.13632,63392373
1708358400000,0.13632,0.13687,0.13594,0.13678,55937496
1708372800000,0.13678,0.13698,0.13638,0.13645,37565466
1708387200000,0.13646,0.1369,0.13578,0.13618,58761927
1708401600000,0.13617,0.13768,0.13605,0.13704,70964032
1708416000000,0.13703,0.13812,0.13664,0.13806,76983949
1708430400000,0.13805,0.13842,0.13647,0.13758,154553281
1708444800000,0.13759,0.13895,0.13727,0.13872,146785882
1708459200000,0.13872,0.14016,0.13827,0.13935,103246079
1708473600000,0.13935,0.14027,0.13881,0.14025,102233774
1708488000000,0.14025,0.14075,0.13936,0.14016,104278277
1708502400000,0.14016,0.14056,0.13865,0.13897,123961750
1708516800000,0.13897,0.13953,0.13807,0.13937,115344254
1708531200000,0.13937,0.13984,0.13871,0.13921,74425703
1708545600000,0.1392,0.13995,0.13904,0.13984,50664008
1708560000000,0.13983,0.13988,0.13863,0.13895,63265991
1708574400000,0.13895,0.13999,0.13886,0.13974,59752275
1708588800000,0.13974,0.14037,0.13946,0.14012,86478229
1708603200000,0.14012,0.14027,0.13953,0.13971,69084029
1708617600000,0.13971,0.14,0.13944,0.13953,45242694
1708632000000,0.13953,0.13999,0.13869,0.13902,54000167
1708646400000,0.13901,0.13929,0.13838,0.13878,48934893
1708660800000,0.13879,0.13906,0.13825,0.13829,39898374
1708675200000,0.13829,0.13899,0.13811,0.13899,46725560
1708689600000,0.13899,0.1395,0.13843,0.13847,91163486
1708704000000,0.13846,0.13902,0.13758,0.13868,72089990
1708718400000,0.13869,0.13886,0.13794,0.13823,35783471
1708732800000,0.13822,0.13845,0.13748,0.13819,40677638
1708747200000,0.13818,0.13843,0.138,0.13821,27986065
1708761600000,0.1382,0.13824,0.13737,0.13779,47240659
1708776000000,0.13779,0.1378,0.13695,0.13724,41606824
1708790400000,0.13725,0.13772,0.13691,0.13758,28688710
1708804800000,0.13758,0.13784,0.13716,0.13753,23235132
1708819200000,0.13753,0.13799,0.13751,0.13785,25648500
1708833600000,0.13784,0.13798,0.1377,0.13785,16121413
1708848000000,0.13785,0.13806,0.13728,0.13767,31259425
1708862400000,0.13767,0.13797,0.13745,0.13773,24997148
1708876800000,0.13772,0.13822,0.1375,0.13795,22033211
1708891200000,0.13794,0.13822,0.13749,0.13777,21223127
1708905600000,0.13776,0.13794,0.1375,0.13777,20436006
1708920000000,0.13777,0.13811,0.13772,0.13793,25383216
1708934400000,0.13793,0.13843,0.13738,0.1382,58932774
1708948800000,0.13819,0.13919,0.13788,0.13916,78286032
1708963200000,0.13915,0.1401,0.1391,0.14,55580832
1708977600000,0.14,0.14018,0.13968,0.13998,40738542
1708992000000,0.13999,0.14108,0.13982,0.14049,65916312
1709006400000,0.14049,0.14129,0.14044,0.14081,55454632
1709020800000,0.14082,0.14173,0.14077,0.14168,43377772
1709035200000,0.14169,0.14244,0.14134,0.14167,126192300
1709049600000,0.14167,0.14255,0.14134,0.14234,78650125
1709064000000,0.14234,0.14461,0.1422,0.14304,101514683
1709078400000,0.14305,0.14374,0.14281,0.14342,54727641
1709092800000,0.14342,0.14359,0.14157,0.14299,110931407
1709107200000,0.14301,0.14395,0.1423,0.14299,97674384
1709121600000,0.14299,0.14417,0.14299,0.14362,86933577
1709136000000,0.14361,0.14448,0.13792,0.14199,261032295
1709150400000,0.14198,0.14229,0.14165,0.14226,50905124
1709164800000,0.14225,0.14313,0.14215,0.14261,76581400
1709179200000,0.14261,0.14361,0.14244,0.14352,84437626
1709193600000,0.14353,0.14398,0.14265,0.14276,85085256
1709208000000,0.14275,0.14278,0.14196,0.14219,88629971
1709222400000,0.1422,0.14223,0.14081,0.14164,121564006
1709236800000,0.14163,0.14171,0.14012,0.14044,86518654
1709251200000,0.14044,0.14151,0.14036,0.14125,59967063
1709265600000,0.14126,0.14156,0.14091,0.14097,37184364
1709280000000,0.14096,0.14138,0.14092,0.14112,30196968
1709294400000,0.14113,0.14151,0.14031,0.14061,72726670
1709308800000,0.1406,0.14136,0.14039,0.14125,45668675
1709323200000,0.14124,0.1417,0.14112,0.14162,35951090
1709337600000,0.14163,0.14196,0.14034,0.14108,86252064
1709352000000,0.14108,0.14137,0.14048,0.14093,58468666
1709366400000,0.14093,0.14107,0.1403,0.14073,41437272
1709380800000,0.14074,0.14101,0.14057,0.14089,42000861
1709395200000,0.14088,0.14113,0.14078,0.1411,26131099
1709409600000,0.14109,0.14145,0.14083,0.1414,28538542
1709424000000,0.1414,0.14142,0.14102,0.14139,41485729
1709438400000,0.14138,0.14153,0.1386,0.14011,131508912
1709452800000,0.14011,0.1406,0.13956,0.14034,94038452
1709467200000,0.14033,0.14069,0.14002,0.14024,60913402
1709481600000,0.14023,0.14075,0.1401,0.14061,37589950
1709496000000,0.14062,0.14081,0.1405,0.14074,22608073
1709510400000,0.14074,0.14127,0.13971,0.1398,87165620
1709524800000,0.1398,0.14062,0.1397,0.14059,57785452
1709539200000,0.14059,0.14148,0.14051,0.1412,109444856
1709553600000,0.1412,0.14139,0.1401,0.14058,89226397
1709568000000,0.14058,0.14076,0.13951,0.14015,96412815
1709582400000,0.14015,0.14066,0.14003,0.14039,57359078
1709596800000,0.14039,0.14058,0.14007,0.14037,68851928
1709611200000,0.14036,0.1405,0.139,0.13952,121764131
1709625600000,0.13952,0.13992,0.13936,0.13971,56107152
1709640000000,0.13971,0.14055,0.13919,0.13927,113914221
1709654400000,0.13927,0.1394,0.13174,0.13502,315310271
1709668800000,0.13503,0.13609,0.13447,0.1359,228877219
1709683200000,0.1359,0.1369,0.13528,0.1359,114376543
1709697600000,0.1359,0.13795,0.1358,0.13784,111220217
1709712000000,0.13785,0.13842,0.13766,0.13817,91213998
1709726400000,0.13816,0.13821,0.1365,0.13715,144234925
1709740800000,0.13715,0.13771,0.137,0.13739,67488050
1709755200000,0.1374,0.13786,0.13728,0.13783,47483480
1709769600000,0.13782,0.13814,0.13746,0.13758,72943698
1709784000000,0.13758,0.13789,0.13719,0.13762,59866864
1709798400000,0.13762,0.13779,0.13676,0.13676,66159424
1709812800000,0.13676,0.13714,0.13629,0.13675,91852220
1709827200000,0.13675,0.1373,0.1366,0.13711,79937304
1709841600000,0.1371,0.13743,0.13694,0.13717,52887498
1709856000000,0.13717,0.13767,0.13706,0.13723,70900450
1709870400000,0.13723,0.13736,0.13702,0.13718,46276030
1709884800000,0.13717,0.13777,0.13707,0.13773,46185913
1709899200000,0.13772,0.13781,0.13608,0.13639,125748905
1709913600000,0.1364,0.13678,0.13577,0.13662,111934822
1709928000000,0.13662,0.13671,0.13616,0.13655,36780795
1709942400000,0.13655,0.13693,0.1365,0.1368,33675831
1709956800000,0.13679,0.13716,0.13631,0.13646,37833723
1709971200000,0.13645,0.13675,0.13562,0.13594,70457083
1709985600000,0.13593,0.13629,0.1358,0.136,37838373
1710000000000,0.136,0.1361,0.13561,0.1357,42183479
1710014400000,0.1357,0.13598,0.13568,0.13583,23519761
1710028800000,0.13583,0.13608,0.13574,0.136,37125890
1710043200000,0.136,0.13624,0.13586,0.13607,24535640
1710057600000,0.13607,0.13622,0.13542,0.13556,42682074
1710072000000,0.13555,0.13572,0.13464,0.13465,48300035
1710086400000,0.13465,0.13506,0.13375,0.13408,49531499
1710100800000,0.13409,0.13409,0.13329,0.13377,50436863
1710115200000,0.13377,0.13428,0.13123,0.13297,140044706
1710129600000,0.13297,0.1337,0.13279,0.13344,67032237
1710144000000,0.13345,0.1339,0.13297,0.13314,94216456
1710158400000,0.13314,0.13353,0.13183,0.13254,119557016
1710172800000,0.13254,0.13316,0.13226,0.13289,77950783
1710187200000,0.13289,0.13389,0.13285,0.13383,53347814
1710201600000,0.13382,0.13424,0.13308,0.13313,79123941
1710216000000,0.13313,0.13325,0.13241,0.13257,76268046
1710230400000,0.13257,0.13276,0.13158,0.13228,129885177
1710244800000,0.13227,0.13268,0.13118,0.13216,148506488
1710259200000,0.13215,0.13235,0.13015,0.13152,162240896
1710273600000,0.13152,0.13152,0.13102,0.13146,45277334
1710288000000,0.13147,0.13202,0.13122,0.13178,62212515
1710302400000,0.13178,0.1323,0.13169,0.13217,39713455
1710316800000,0.13217,0.13249,0.13163,0.13165,54943894
1710331200000,0.13165,0.13183,0.13101,0.13161,123922982
1710345600000,0.13162,0.13205,0.13143,0.13203,44452743
1710360000000,0.13202,0.13214,0.1316,0.13211,38917024
1710374400000,0.13212,0.1322,0.13135,0.13149,46909855
1710388800000,0.13149,0.13154,0.13049,0.13064,78847151
1710403200000,0.13065,0.1317,0.12997,0.13054,204211691
1710417600000,0.13054,0.13058,0.12845,0.12883,189787380
1710432000000,0.12882,0.12946,0.12743,0.12803,172439668
1710446400000,0.12802,0.12934,0.12801,0.12928,95010224
1710460800000,0.12928,0.12958,0.12636,0.12711,242160116
1710475200000,0.12711,0.12733,0.12629,0.12714,172677214
1710489600000,0.12714,0.12718,0.12495,0.12588,263107191
1710504000000,0.12588,0.12631,0.12524,0.12588,104103779
1710518400000,0.12588,0.12692,0.12541,0.12578,128874705
1710532800000,0.12578,0.12651,0.12522,0.1264,101683837
1710547200000,0.1264,0.12703,0.12637,0.12685,75391820
1710561600000,0.12685,0.12693,0.12604,0.12691,77737682
1710576000000,0.12691,0.12748,0.1268,0.1272,84646220
1710590400000,0.1272,0.12724,0.12612,0.12635,109954565
1710604800000,0.12635,0.12635,0.12505,0.12523,124972273
1710619200000,0.12523,0.12553,0.12463,0.1253,107152031
1710633600000,0.1253,0.12575,0.12496,0.12561,88649402
1710648000000,0.12561,0.12562,0.12389,0.1244,117514912
1710662400000,0.12439,0.12563,0.12413,0.1254,95725172
1710676800000,0.1254,0.12559,0.12474,0.12554,75176288
1710691200000,0.12554,0.12621,0.12535,0.1262,54767325
1710705600000,0.12621,0.12664,0.12601,0.12634,59893509
1710720000000,0.12633,0.1265,0.12571,0.12637,71594394
1710734400000,0.12638,0.12684,0.12615,0.12683,56016135
1710748800000,0.12684,0.12684,0.12558,0.12585,77993815
1710763200000,0.12584,0.12595,0.12358,0.12405,151802575
1710777600000,0.12406,0.12421,0.12283,0.12321,132640726
1710792000000,0.12321,0.12427,0.12321,0.12417,75266007
1710806400000,0.12417,0.12448,0.12253,0.12315,170721548
1710820800000,0.12315,0.12326,0.12012,0.12108,241997261
1710835200000,0.12109,0.12109,0.11604,0.1192,405054533
1710849600000,0.1192,0.12019,0.11494,0.11849,386584493
1710864000000,0.11849,0.11903,0.11626,0.11801,213970204
1710878400000,0.11801,0.11821,0.11019,0.11233,332045541
1710892800000,0.11232,0.11598,0.11209,0.1125,339674703
1710907200000,0.11249,0.11729,0.11012,0.11714,353665050
1710921600000,0.11714,0.11779,0.11475,0.11771,272184724
1710936000000,0.1177,0.1191,0.11542,0.11602,259735272
1710950400000,0.11602,0.12066,0.11266,0.12035,295238730
1710964800000,0.12035,0.12129,0.11974,0.12081,148986260
1710979200000,0.12081,0.12201,0.12047,0.12125,154618933
1710993600000,0.12124,0.12159,0.12034,0.12087,159801920
1711008000000,0.12086,0.12205,0.12078,0.12177,119177676
1711022400000,0.12178,0.12206,0.121,0.12137,113058536
1711036800000,0.12136,0.12197,0.12028,0.12068,153629287
1711051200000,0.12068,0.12129,0.1204,0.12122,82260176
1711065600000,0.12122,0.12158,0.12059,0.12131,101349332
1711080000000,0.12132,0.12163,0.12111,0.12135,68006244
1711094400000,0.12134,0.12143,0.11986,0.11994,112905288
1711108800000,0.11993,0.12015,0.11491,0.11787,295609125
1711123200000,0.11788,0.11792,0.11603,0.11703,154679504
1711137600000,0.11705,0.11743,0.11493,0.11741,116507254
1711152000000,0.11742,0.11911,0.11602,0.11668,139105297
1711166400000,0.11667,0.11816,0.1165,0.11781,71745160
1711180800000,0.11782,0.11855,0.11722,0.11815,83952826
1711195200000,0.11815,0.11877,0.11694,0.11841,141568632
1711209600000,0.11841,0.11944,0.11813,0.1191,83506637
1711224000000,0.11911,0.11976,0.11811,0.11822,61722326
1711238400000,0.11821,0.12047,0.11808,0.11936,96120504
1711252800000,0.11936,0.1205,0.1192,0.12046,50428793
1711267200000,0.12045,0.12064,0.11658,0.11891,160936958
1711281600000,0.11891,0.11975,0.11866,0.11938,76032465
1711296000000,0.11939,0.11992,0.11826,0.11979,88072659
1711310400000,0.11978,0.12052,0.11951,0.12023,41352249
1711324800000,0.12023,0.12048,0.11993,0.12037,42622907
1711339200000,0.12037,0.12046,0.11725,0.11733,231111430
1711353600000,0.11731,0.1197,0.11727,0.11854,140351906
1711368000000,0.11854,0.12047,0.11846,0.12028,102547389
1711382400000,0.12028,0.12102,0.12025,0.12101,108130664
1711396800000,0.12101,0.12115,0.12018,0.12049,66641484
1711411200000,0.12049,0.12138,0.12039,0.12102,59829751
1711425600000,0.12103,0.12173,0.12086,0.1213,66998080
1711440000000,0.12128,0.12253,0.12113,0.12194,104444544
1711454400000,0.12194,0.12253,0.1209,0.12134,154890050
1711468800000,0.12134,0.12151,0.12063,0.12071,68879790
1711483200000,0.12071,0.1211,0.12071,0.1209,36373402
1711497600000,0.12091,0.12167,0.12081,0.12126,47856679
1711512000000,0.12125,0.12147,0.12063,0.12069,55616756
1711526400000,0.12069,0.12087,0.11992,0.12051,78611804
1711540800000,0.12051,0.12135,0.1193,0.11952,177179765
1711555200000,0.11952,0.11994,0.11901,0.11949,78982459
1711569600000,0.11948,0.11972,0.11928,0.1195,32569163
1711584000000,0.1195,0.1198,0.11914,0.11939,45385723
1711598400000,0.1194,0.12006,0.11935,0.12004,31836527
1711612800000,0.12005,0.12057,0.12,0.12039,45791719
1711627200000,0.12039,0.1208,0.12017,0.12059,53759679
1711641600000,0.12059,0.1207,0.12016,0.12032,36190573
1711656000000,0.12032,0.12074,0.12017,0.12059,31849960
1711670400000,0.12058,0.12067,0.12036,0.12064,32455128
1711684800000,0.12063,0.12078,0.11956,0.11963,52560665
1711699200000,0.11963,0.12034,0.11952,0.12031,59047202
1711713600000,0.12031,0.12147,0.1197,0.12,112442351
1711728000000,0.12001,0.12027,0.11983,0.12013,51443585
1711742400000,0.12013,0.12018,0.11972,0.12005,36386946
1711756800000,0.12005,0.12048,0.12004,0.12037,32260303
1711771200000,0.12037,0.12067,0.12033,0.12051,25072841
1711785600000,0.12051,0.12099,0.12048,0.12095,27702868
1711800000000,0.12095,0.1215,0.12087,0.12136,36909953
1711814400000,0.12136,0.12235,0.1212,0.12234,73738666
1711828800000,0.12233,0.12308,0.12228,0.12268,103520125
1711843200000,0.12269,0.12285,0.12237,0.1224,50952436
1711857600000,0.1224,0.12268,0.12236,0.12247,29520995
1711872000000,0.12248,0.1226,0.12221,0.12259,43281674
1711886400000,0.12258,0.12344,0.1225,0.12342,45440503
1711900800000,0.12341,0.12345,0.12286,0.12308,51741288
1711915200000,0.12309,0.12318,0.12281,0.12313,33572581
1711929600000,0.12313,0.12338,0.12301,0.12334,35937057
1711944000000,0.12334,0.12341,0.12121,0.12173,159853084
1711958400000,0.12172,0.12174,0.12106,0.12146,71895456
1711972800000,0.12146,0.12173,0.11977,0.12008,135243960
1711987200000,0.12007,0.12082,0.11987,0.1208,63577494
1712001600000,0.12079,0.12087,0.12062,0.12062,33524044
1712016000000,0.12063,0.12068,0.11832,0.11834,168404869
1712030400000,0.11834,0.11834,0.11701,0.1177,134495411
1712044800000,0.11771,0.11778,0.11605,0.1165,145489566
1712059200000,0.1165,0.11667,0.1158,0.11593,113691810
1712073600000,0.11592,0.11662,0.11573,0.11645,77636406
1712088000000,0.11645,0.1169,0.11631,0.11667,57727012
1712102400000,0.11666,0.11726,0.11552,0.11725,111783290
1712116800000,0.11723,0.11774,0.11707,0.11771,56783378
1712131200000,0.1177,0.11858,0.11764,0.11797,206468319
1712145600000,0.11797,0.11804,0.11715,0.11754,104198740
1712160000000,0.11754,0.1179,0.11673,0.11715,74299127
1712174400000,0.11714,0.11738,0.11654,0.1172,42667186
1712188800000,0.11719,0.11808,0.11705,0.11737,78001909
1712203200000,0.11738,0.11779,0.11689,0.11732,63650867
1712217600000,0.11733,0.11794,0.11729,0.11783,39373491
1712232000000,0.11784,0.11916,0.11778,0.11913,87056956
1712246400000,0.11914,0.11962,0.11898,0.11926,68888569
1712260800000,0.11926,0.11933,0.11825,0.11928,79769609
1712275200000,0.11927,0.11955,0.11879,0.11916,51856749
1712289600000,0.11916,0.1192,0.11781,0.11867,73548725
1712304000000,0.11867,0.11944,0.11769,0.11772,109547298
1712318400000,0.11772,0.11829,0.11728,0.11817,90651888
1712332800000,0.11817,0.11835,0.11767,0.118,39833552
1712347200000,0.118,0.11824,0.11787,0.11794,29554403
1712361600000,0.11795,0.11817,0.11776,0.11794,29827537
1712376000000,0.11794,0.11826,0.11784,0.1181,25391941
1712390400000,0.1181,0.1187,0.11806,0.11861,34955557
1712404800000,0.11862,0.11934,0.11853,0.11919,55531909
1712419200000,0.11918,0.11977,0.11918,0.11942,42257160
1712433600000,0.11942,0.12004,0.11942,0.11969,40155822
1712448000000,0.11968,0.12028,0.11966,0.12012,31324613
1712462400000,0.12012,0.12039,0.12006,0.12026,24936751
1712476800000,0.12026,0.1206,0.12021,0.12043,25236593
1712491200000,0.12044,0.12108,0.12035,0.12057,58564039
1712505600000,0.12056,0.12092,0.12003,0.1202,41527293
1712520000000,0.12019,0.12071,0.12006,0.12066,29748643
1712534400000,0.12067,0.12123,0.12065,0.12118,52369183
1712548800000,0.12118,0.12174,0.12102,0.12159,47339995
1712563200000,0.1216,0.12359,0.12155,0.12318,152790561
1712577600000,0.12318,0.12366,0.1227,0.12279,77835036
1712592000000,0.12279,0.12316,0.12256,0.12298,39079782
1712606400000,0.12298,0.12334,0.12295,0.12315,26511847
1712620800000,0.12316,0.12321,0.12231,0.12238,59556775
1712635200000,0.12239,0.12274,0.12192,0.12198,56488505
1712649600000,0.12199,0.12264,0.12115,0.12263,85572617
1712664000000,0.12263,0.12284,0.12028,0.12124,166183433
1712678400000,0.12124,0.12132,0.12039,0.12108,64845272
1712692800000,0.12107,0.12153,0.12105,0.12118,39749998
1712707200000,0.12118,0.12251,0.12,0.12231,148448515
1712721600000,0.12232,0.12421,0.12218,0.12381,93324508
1712736000000,0.12381,0.12381,0.12024,0.12038,170114888
1712750400000,0.12037,0.12051,0.11788,0.11844,195339615
1712764800000,0.11845,0.11938,0.11833,0.11889,81898446
1712779200000,0.11889,0.11949,0.11855,0.11924,39166519
1712793600000,0.11925,0.12004,0.11898,0.11985,52291842
1712808000000,0.11986,0.12058,0.11946,0.12032,51274311
1712822400000,0.12033,0.12047,0.11953,0.11959,58472754
1712836800000,0.11959,0.12013,0.11908,0.11948,92507360
1712851200000,0.11947,0.11991,0.11929,0.11982,43275996
1712865600000,0.11981,0.12061,0.11964,0.12042,69541363
1712880000000,0.12042,0.12246,0.12041,0.12136,150020065
1712894400000,0.12136,0.12186,0.12134,0.12148,44010923
1712908800000,0.12148,0.12214,0.12142,0.122,56521246
1712923200000,0.12201,0.12205,0.12015,0.12071,121762023
1712937600000,0.12071,0.12089,0.11079,0.11334,525015198
1712952000000,0.11333,0.11493,0.11315,0.11484,131812834
1712966400000,0.11485,0.11544,0.11319,0.11419,153227492
1712980800000,0.11419,0.11486,0.11401,0.11409,90286862
1712995200000,0.1141,0.11453,0.11375,0.11413,99537407
1713009600000,0.11413,0.1149,0.11319,0.11328,118666224
1713024000000,0.11329,0.11345,0.1102,0.11155,292248830
1713038400000,0.11156,0.11175,0.10643,0.11011,516396249
1713052800000,0.11011,0.11018,0.10876,0.1091,169571384
1713067200000,0.1091,0.11184,0.10898,0.11174,159275151
1713081600000,0.11173,0.11224,0.11022,0.11047,159229918
1713096000000,0.11046,0.11137,0.11002,0.11089,168296605
1713110400000,0.11088,0.1117,0.11004,0.1108,183774990
1713124800000,0.11079,0.11262,0.11044,0.11241,126671331
1713139200000,0.11241,0.1129,0.11152,0.11266,138875202
1713153600000,0.11267,0.11532,0.11194,0.11484,191436396
1713168000000,0.11484,0.11534,0.1137,0.11391,228322121
1713182400000,0.11392,0.11466,0.11138,0.1123,246536179
1713196800000,0.1123,0.1126,0.10978,0.11128,259399421
1713211200000,0.11129,0.11169,0.11042,0.11141,99668054
1713225600000,0.11141,0.11161,0.11055,0.11081,130419669
1713240000000,0.1108,0.11161,0.10954,0.11143,168314939
1713254400000,0.11143,0.11165,0.10947,0.1109,208844379
1713268800000,0.11091,0.11091,0.10902,0.10908,226511046
1713283200000,0.10908,0.11074,0.10877,0.11065,137855352
1713297600000,0.11066,0.11208,0.11061,0.11177,83959213
1713312000000,0.11178,0.11247,0.11169,0.11246,78668721
1713326400000,0.11246,0.11299,0.11197,0.11245,95828673
1713340800000,0.11246,0.11282,0.112,0.11201,90946966
1713355200000,0.11202,0.11226,0.10895,0.10933,300969502
1713369600000,0.10933,0.11107,0.10882,0.11022,183707203
1713384000000,0.11023,0.11054,0.10955,0.10956,90336108
1713398400000,0.10955,0.11017,0.10837,0.10985,138282591
1713412800000,0.10985,0.10991,0.10878,0.10929,91023738
1713427200000,0.10928,0.10978,0.10876,0.10934,91784055
1713441600000,0.10933,0.10947,0.10733,0.10904,241216598
1713456000000,0.10903,0.10913,0.10781,0.10882,108629424
1713470400000,0.10883,0.10932,0.10859,0.10923,54639863
1713484800000,0.10923,0.10926,0.10475,0.10711,358013866
1713499200000,0.10712,0.10863,0.10657,0.10827,194409275
1713513600000,0.10826,0.10942,0.10822,0.10906,116976686
1713528000000,0.10905,0.11031,0.10882,0.1102,121147569
1713542400000,0.1102,0.11052,0.10967,0.11047,89639781
1713556800000,0.11047,0.11056,0.10914,0.10981,103678524
1713571200000,0.10981,0.11045,0.10954,0.10959,84999388
1713585600000,0.10959,0.10996,0.10908,0.10925,80665180
1713600000000,0.10925,0.10957,0.10888,0.10947,62574568
1713614400000,0.10948,0.11007,0.10935,0.11006,63057761
1713628800000,0.11007,0.11113,0.10988,0.11063,114588399
1713643200000,0.11064,0.11103,0.11058,0.11102,50941494
1713657600000,0.11101,0.11146,0.11064,0.111,70589406
1713672000000,0.11099,0.1112,0.11071,0.11095,44741587
1713686400000,0.11095,0.1111,0.11073,0.11105,44229566
1713700800000,0.11106,0.11113,0.11038,0.11077,66975705
1713715200000,0.11077,0.11117,0.11013,0.11104,76994484
1713729600000,0.11104,0.11149,0.11081,0.11127,58576029
1713744000000,0.11127,0.11157,0.11036,0.11108,89129331
1713758400000,0.11109,0.11195,0.11104,0.11116,67461028
1713772800000,0.11116,0.1112,0.11039,0.11093,130819306
1713787200000,0.11094,0.11152,0.11081,0.1114,81891675
1713801600000,0.1114,0.11203,0.11137,0.11177,60898760
1713816000000,0.11177,0.11243,0.11176,0.11214,46540858
1713830400000,0.11215,0.1125,0.11119,0.11131,75823245
1713844800000,0.11131,0.11236,0.11127,0.11208,83506440
1713859200000,0.11208,0.11231,0.11198,0.11211,63135479
1713873600000,0.11212,0.11292,0.11203,0.11252,72456270
1713888000000,0.11252,0.11346,0.11249,0.11344,52243745
1713902400000,0.11343,0.11365,0.11308,0.11319,57795301
1713916800000,0.1132,0.11358,0.11233,0.11308,74061280
1713931200000,0.11309,0.11384,0.11296,0.11332,53986178
1713945600000,0.11332,0.1139,0.11315,0.11376,51144616
1713960000000,0.11377,0.11412,0.11285,0.11305,130677505
1713974400000,0.11304,0.11407,0.11287,0.11395,131432432
1713988800000,0.11395,0.11411,0.11295,0.11324,92450245
1714003200000,0.11324,0.11435,0.11306,0.11408,111599750
1714017600000,0.11409,0.11421,0.11349,0.11403,76626491
1714032000000,0.11402,0.11545,0.11393,0.11523,180633139
1714046400000,0.11523,0.11695,0.11506,0.11694,213082604
1714060800000,0.11695,0.11726,0.11628,0.11715,108439563
1714075200000,0.11714,0.11745,0.11684,0.11722,58733495
1714089600000,0.11722,0.11782,0.1166,0.11781,98140774
1714104000000,0.11782,0.11783,0.11642,0.11687,98594231
1714118400000,0.11687,0.1187,0.11681,0.11855,165147904
1714132800000,0.11855,0.11947,0.11827,0.11941,183955372
1714147200000,0.11942,0.1206,0.1192,0.12048,97618806
1714161600000,0.12048,0.12049,0.11954,0.12012,104079515
1714176000000,0.12012,0.12028,0.11849,0.11909,151342261
1714190400000,0.11908,0.12098,0.11875,0.12047,109107943
1714204800000,0.12048,0.12066,0.11943,0.11996,145164964
1714219200000,0.11995,0.12061,0.11969,0.12032,68708620
1714233600000,0.12031,0.12067,0.11965,0.12009,80328562
1714248000000,0.12008,0.12017,0.11966,0.11966,30845453
1714262400000,0.11966,0.12048,0.11966,0.12035,61766342
1714276800000,0.12035,0.1211,0.12018,0.12066,61039283
1714291200000,0.12066,0.12143,0.12057,0.12132,62228787
1714305600000,0.12131,0.12135,0.12012,0.12048,118388769
1714320000000,0.12048,0.12053,0.12024,0.1204,40542301
1714334400000,0.1204,0.12396,0.12036,0.12118,210228231
1714348800000,0.12118,0.12141,0.12,0.12004,100314233
1714363200000,0.12004,0.12034,0.11816,0.11857,144174183
1714377600000,0.11856,0.11923,0.11827,0.11871,77968250
1714392000000,0.1187,0.11896,0.11761,0.11822,144445836
1714406400000,0.11823,0.1192,0.11799,0.11915,74731944
1714420800000,0.11915,0.11942,0.11871,0.11895,80812151
1714435200000,0.11895,0.11993,0.11869,0.11948,152413621
1714449600000,0.11948,0.12085,0.11945,0.12043,81326938
1714464000000,0.12042,0.12066,0.11838,0.11838,252775030
1714478400000,0.11837,0.1197,0.11782,0.11867,244278737
1714492800000,0.11868,0.11909,0.11742,0.11802,212010203
1714507200000,0.11801,0.11962,0.118,0.11955,117909943
1714521600000,0.11954,0.1204,0.11941,0.12005,151838617
1714536000000,0.12005,0.12087,0.11839,0.11848,183290219
1714550400000,0.11848,0.11899,0.11701,0.11894,208385932
1714564800000,0.11894,0.11997,0.11882,0.11976,125670792
1714579200000,0.11976,0.12105,0.11956,0.11958,193994029
1714593600000,0.11957,0.12059,0.11957,0.12042,76944863
1714608000000,0.12043,0.12084,0.12,0.12071,91474994
1714622400000,0.12072,0.12278,0.12071,0.1217,143386132
1714636800000,0.12171,0.1227,0.12142,0.12249,85916901
1714651200000,0.12249,0.12336,0.12239,0.12329,92615014
1714665600000,0.1233,0.12335,0.12261,0.12289,64263217
1714680000000,0.1229,0.12293,0.12215,0.1222,72477499
1714694400000,0.12219,0.12279,0.12219,0.12273,53802515
1714708800000,0.12273,0.1228,0.12177,0.12202,70694692
1714723200000,0.12202,0.1224,0.12176,0.12203,56674127
1714737600000,0.12203,0.12334,0.12191,0.12323,86142193
1714752000000,0.12323,0.12358,0.1232,0.12353,38657141
1714766400000,0.12353,0.12386,0.12247,0.12264,63310938
1714780800000,0.12264,0.12277,0.12236,0.1225,51092264
1714795200000,0.12251,0.12286,0.12238,0.12279,32488152
1714809600000,0.12279,0.12355,0.12277,0.1233,50954358
1714824000000,0.12329,0.12334,0.12248,0.12271,69320713
1714838400000,0.12272,0.12272,0.12244,0.12257,29036747
1714852800000,0.12257,0.12265,0.12218,0.1222,32124184
1714867200000,0.12219,0.12224,0.12084,0.121,83789594
1714881600000,0.12099,0.12144,0.1209,0.12124,30589717
1714896000000,0.12123,0.12165,0.12109,0.12112,43844875
1714910400000,0.12113,0.1214,0.12091,0.12128,44197566
1714924800000,0.12129,0.12136,0.12072,0.12085,46936991
1714939200000,0.12086,0.1211,0.12066,0.12108,40265018
1714953600000,0.12107,0.12132,0.12067,0.12072,43926149
1714968000000,0.12072,0.12177,0.12057,0.12169,52684556
1714982400000,0.12169,0.12202,0.11921,0.11957,127889477
1714996800000,0.11957,0.11958,0.11815,0.11907,156036849
1715011200000,0.11907,0.11914,0.11846,0.11864,52242508
1715025600000,0.11864,0.11905,0.11852,0.11853,27888903
1715040000000,0.11853,0.11901,0.11802,0.1184,65243952
1715054400000,0.11841,0.12072,0.11834,0.11931,97430334
1715068800000,0.11932,0.12027,0.11926,0.11978,65674635
1715083200000,0.11978,0.12062,0.11917,0.12044,86393065
1715097600000,0.12045,0.1217,0.12014,0.1209,63326156
1715112000000,0.1209,0.12139,0.12019,0.12047,75896162
1715126400000,0.12046,0.1217,0.12014,0.12129,187188736
1715140800000,0.12128,0.12176,0.1206,0.12113,119655154
1715155200000,0.12112,0.12284,0.12096,0.12257,118292395
1715169600000,0.12257,0.12323,0.12221,0.12302,130577224
1715184000000,0.12302,0.12378,0.12285,0.12323,82910619
1715198400000,0.12323,0.12338,0.12245,0.1229,67539230
1715212800000,0.1229,0.12389,0.12286,0.12381,62486249
1715227200000,0.12381,0.1244,0.1238,0.12395,74033843
1715241600000,0.12394,0.1259,0.12385,0.12587,208290782
1715256000000,0.12587,0.12716,0.12493,0.12647,251781465
1715270400000,0.12646,0.12675,0.126,0.12603,96038120
1715284800000,0.12603,0.12631,0.12582,0.12616,53296341
1715299200000,0.12616,0.1268,0.1258,0.12661,56677265
1715313600000,0.12661,0.1269,0.12633,0.12657,50207171
1715328000000,0.12657,0.12686,0.12447,0.12501,109757972
1715342400000,0.12501,0.12656,0.12403,0.12602,228047734
1715356800000,0.12601,0.1275,0.12554,0.12712,120516813
1715371200000,0.12712,0.12751,0.12645,0.12744,67407932
1715385600000,0.12743,0.12769,0.12659,0.12677,76083092
1715400000000,0.12677,0.12722,0.12647,0.12703,49873447
1715414400000,0.12703,0.12711,0.12665,0.12679,43960880
1715428800000,0.12679,0.12683,0.12576,0.12591,68757831
1715443200000,0.12591,0.12684,0.1259,0.12684,54589336
1715457600000,0.12684,0.127,0.12618,0.12631,46646337
1715472000000,0.12631,0.12704,0.1263,0.12681,33196727
1715486400000,0.12681,0.12699,0.12665,0.12682,33032907
1715500800000,0.12683,0.12695,0.1263,0.12649,52155400
1715515200000,0.1265,0.12682,0.12633,0.12679,39342837
1715529600000,0.12679,0.1272,0.12677,0.12703,40882992
1715544000000,0.12702,0.1274,0.12665,0.12734,41479240
1715558400000,0.12735,0.1275,0.12633,0.1266,78242412
1715572800000,0.12659,0.1269,0.12594,0.12683,64329561
1715587200000,0.12684,0.12715,0.12585,0.12616,71436726
1715601600000,0.12617,0.12625,0.12572,0.126,65349947
1715616000000,0.12599,0.12639,0.12567,0.12611,77457024
1715630400000,0.1261,0.12624,0.12538,0.12548,58542402
1715644800000,0.12548,0.12572,0.12517,0.12545,50208208
1715659200000,0.12544,0.12585,0.12473,0.12503,69937410
1715673600000,0.12503,0.12519,0.12472,0.12504,44609394
1715688000000,0.12504,0.12537,0.12465,0.12519,76467205
1715702400000,0.12518,0.12542,0.12488,0.12532,48838398
1715716800000,0.12531,0.12564,0.12521,0.12542,34162289
1715731200000,0.12541,0.1257,0.12536,0.12548,48126243
1715745600000,0.12548,0.12552,0.12522,0.12549,31612031
1715760000000,0.12549,0.12586,0.12526,0.12541,55826857
1715774400000,0.12541,0.1261,0.12528,0.12589,80109832
1715788800000,0.12589,0.12638,0.12587,0.12619,45907190
1715803200000,0.12619,0.12689,0.12599,0.12628,59010668
1715817600000,0.12627,0.12666,0.12616,0.12658,49596545
1715832000000,0.12658,0.12658,0.12416,0.12479,170461335
1715846400000,0.12478,0.1248,0.12438,0.12473,91895890
1715860800000,0.12473,0.12576,0.12442,0.12534,178394935
1715875200000,0.12533,0.12576,0.12482,0.12519,97084582
1715889600000,0.1252,0.12531,0.12491,0.12492,32527139
1715904000000,0.12492,0.12503,0.12432,0.12438,54725181
1715918400000,0.12437,0.1244,0.12387,0.12414,66514989
1715932800000,0.12413,0.12482,0.12392,0.12479,76719346
1715947200000,0.12479,0.12501,0.12446,0.12496,64174263
1715961600000,0.12496,0.12508,0.12436,0.12469,47106656
1715976000000,0.12468,0.12469,0.1241,0.12423,44068639
1715990400000,0.12423,0.1244,0.12394,0.12438,47839077
1716004800000,0.12438,0.12441,0.1241,0.12416,28376725
1716019200000,0.12416,0.1245,0.1231,0.12358,68441392
1716033600000,0.12359,0.12376,0.12296,0.1231,56481690
1716048000000,0.1231,0.1234,0.12292,0.12318,40564799
1716062400000,0.12319,0.12319,0.12288,0.12292,21185538
1716076800000,0.12292,0.12318,0.12212,0.12236,76263615
1716091200000,0.12236,0.12242,0.12213,0.12221,31880385
1716105600000,0.1222,0.12229,0.12126,0.12126,92436102
1716120000000,0.12126,0.12127,0.12035,0.12095,99023426
1716134400000,0.12096,0.12119,0.12071,0.12117,51382415
1716148800000,0.12118,0.12138,0.12099,0.12113,37269468
1716163200000,0.12112,0.12148,0.12081,0.12141,47654527
1716177600000,0.12141,0.12199,0.12107,0.12158,66266283
1716192000000,0.12157,0.12196,0.12133,0.12188,38324203
1716206400000,0.12188,0.12216,0.12164,0.12203,46700613
1716220800000,0.12203,0.12301,0.1219,0.12291,98919861
1716235200000,0.12291,0.12448,0.1225,0.12445,171407803
1716249600000,0.12444,0.12465,0.1235,0.12377,86817421
1716264000000,0.12378,0.12381,0.12274,0.12358,83145599
1716278400000,0.12359,0.12415,0.12357,0.12393,61604753
1716292800000,0.12393,0.12403,0.12291,0.12298,81604563
1716307200000,0.12298,0.1238,0.12288,0.12324,58707313
1716321600000,0.12323,0.12372,0.12321,0.1236,25699664
1716336000000,0.1236,0.12389,0.12357,0.12365,32627405
1716350400000,0.12366,0.12371,0.1228,0.1235,56969811
1716364800000,0.12351,0.12372,0.1212,0.12122,100675278
1716379200000,0.12122,0.12151,0.12074,0.12119,97507259
1716393600000,0.12119,0.12119,0.11995,0.12025,66615239
1716408000000,0.12025,0.12041,0.11949,0.11999,40811599
1716422400000,0.11999,0.12001,0.11916,0.11947,60193501
1716436800000,0.11948,0.1195,0.1188,0.11898,47744961
1716451200000,0.11898,0.119,0.11764,0.11786,77533156
1716465600000,0.11786,0.11792,0.11525,0.11556,217903938
1716480000000,0.11556,0.1156,0.11432,0.11435,73321951
1716494400000,0.11436,0.11538,0.1126,0.11536,159835893
1716508800000,0.11536,0.11574,0.11438,0.11485,88702804
1716523200000,0.11485,0.11503,0.1135,0.11359,106418802
1716537600000,0.1136,0.11455,0.11313,0.11443,91005094
1716552000000,0.11444,0.11508,0.11407,0.11455,131225326
1716566400000,0.11456,0.11529,0.11427,0.11523,70182829
1716580800000,0.11524,0.1155,0.11518,0.1155,42401610
1716595200000,0.1155,0.11608,0.11409,0.11459,100192799
1716609600000,0.1146,0.11511,0.11459,0.11505,38453008
1716624000000,0.11505,0.11517,0.11388,0.1139,91564035
1716638400000,0.1139,0.114,0.11307,0.11335,80679412
1716652800000,0.11335,0.11351,0.11316,0.11349,34775247
1716667200000,0.11349,0.11382,0.11326,0.11375,29168499
1716681600000,0.11376,0.11388,0.11332,0.11373,41941657
1716696000000,0.11374,0.11412,0.11356,0.11383,44988065
1716710400000,0.11384,0.11412,0.11345,0.1141,41770121
1716724800000,0.1141,0.11415,0.11318,0.1134,51407539
1716739200000,0.1134,0.11357,0.11283,0.11299,41705669
1716753600000,0.11299,0.11336,0.11262,0.1131,32481246
1716768000000,0.1131,0.11321,0.1127,0.11301,46167324
1716782400000,0.11302,0.11327,0.11146,0.11202,121238945
1716796800000,0.11203,0.11231,0.11076,0.11135,73114650
1716811200000,0.11134,0.11202,0.11119,0.112,86829488
1716825600000,0.112,0.11237,0.11133,0.11165,86501844
1716840000000,0.11165,0.11257,0.11146,0.1125,48130471
1716854400000,0.11251,0.11262,0.11115,0.11141,90778250
1716868800000,0.11142,0.11142,0.11024,0.11072,97072497
1716883200000,0.11071,0.11192,0.1106,0.11179,86199477
1716897600000,0.11178,0.11186,0.11066,0.11115,90690655
1716912000000,0.11114,0.11139,0.11075,0.11133,60944893
1716926400000,0.11134,0.11143,0.11095,0.1112,33992267
1716940800000,0.1112,0.11166,0.11091,0.1116,35461140
1716955200000,0.1116,0.11194,0.11103,0.11136,61417273
1716969600000,0.11136,0.11211,0.11097,0.11198,66435180
1716984000000,0.11198,0.11229,0.11188,0.11209,50773483
1716998400000,0.11208,0.11252,0.1116,0.11222,58753174
1717012800000,0.11223,0.1123,0.11199,0.1121,27687881
1717027200000,0.11209,0.11229,0.11127,0.11152,46959561
1717041600000,0.11152,0.11161,0.11084,0.11092,60174942
1717056000000,0.11093,0.11161,0.11062,0.11144,61515865
1717070400000,0.11144,0.11186,0.11143,0.11184,41239079
1717084800000,0.11183,0.11225,0.1118,0.11192,30634175
1717099200000,0.11192,0.1121,0.11156,0.11203,23852061
1717113600000,0.11203,0.1123,0.11192,0.11227,22489124
1717128000000,0.11226,0.11288,0.11102,0.11179,70746582
1717142400000,0.1118,0.11221,0.11154,0.112,40024885
1717156800000,0.112,0.11232,0.11131,0.1119,51063086
1717171200000,0.1119,0.11241,0.11173,0.11231,38083101
1717185600000,0.1123,0.1124,0.11206,0.11211,21931265
1717200000000,0.11211,0.11223,0.11092,0.11118,42058433
1717214400000,0.11118,0.11196,0.11107,0.11174,34914166
1717228800000,0.11175,0.11216,0.11158,0.1121,22072296
1717243200000,0.1121,0.11223,0.11192,0.11214,21433560
1717257600000,0.11214,0.11292,0.11213,0.11288,28697235
1717272000000,0.11289,0.11307,0.11256,0.11265,28566211
1717286400000,0.11266,0.11297,0.11254,0.11295,19146980
1717300800000,0.11295,0.11364,0.11289,0.11328,42652027
1717315200000,0.11329,0.11429,0.11325,0.11424,54907289
1717329600000,0.11425,0.11498,0.114,0.11485,57132628
1717344000000,0.11485,0.11493,0.11407,0.11483,70968938
1717358400000,0.11483,0.11534,0.11465,0.11479,45495468
1717372800000,0.1148,0.11527,0.11325,0.11343,98232867
1717387200000,0.11344,0.11368,0.11286,0.11332,89792083
1717401600000,0.11332,0.11388,0.11327,0.11377,44364706
1717416000000,0.11377,0.11403,0.11311,0.11322,58287186
1717430400000,0.11322,0.11373,0.11298,0.11373,32046718
1717444800000,0.11374,0.11388,0.11331,0.11335,29515355
1717459200000,0.11335,0.1144,0.1133,0.1144,43128090
1717473600000,0.1144,0.11452,0.11314,0.11332,54106779
1717488000000,0.11332,0.11379,0.11322,0.11378,28445101
1717502400000,0.11379,0.11436,0.11372,0.11434,42552542
1717516800000,0.11434,0.11449,0.11403,0.11437,34115361
1717531200000,0.11437,0.11461,0.11418,0.11446,26266342
1717545600000,0.11446,0.11478,0.11442,0.1146,31933623
1717560000000,0.1146,0.11484,0.11367,0.11398,56343853
1717574400000,0.11398,0.11416,0.11387,0.11413,34202113
1717588800000,0.11413,0.11454,0.11409,0.11447,39455925
1717603200000,0.11447,0.1149,0.11436,0.11475,31847230
1717617600000,0.11476,0.1148,0.1144,0.11464,22337759
1717632000000,0.11464,0.11479,0.11402,0.11426,32171883
1717646400000,0.11426,0.11508,0.114,0.11486,55274051
1717660800000,0.11486,0.11533,0.11465,0.11491,45643424
1717675200000,0.11491,0.11522,0.11478,0.11496,38098006
1717689600000,0.11496,0.11506,0.11457,0.11461,31274578
1717704000000,0.11461,0.11494,0.11438,0.11483,27954096
1717718400000,0.11482,0.11489,0.11361,0.11386,50368626
1717732800000,0.11386,0.11416,0.11358,0.11401,42022123
1717747200000,0.11401,0.11482,0.11399,0.11466,51118119
1717761600000,0.11466,0.11523,0.11423,0.115,80327061
1717776000000,0.115,0.11505,0.1088,0.11254,328847299
1717790400000,0.11254,0.11271,0.11239,0.1126,47840385
1717804800000,0.1126,0.11306,0.11217,0.11248,50562865
1717819200000,0.11248,0.11313,0.11238,0.11308,39206306
1717833600000,0.11308,0.11379,0.11262,0.11278,75556400
1717848000000,0.11277,0.11405,0.11232,0.11396,110333950
1717862400000,0.11397,0.11494,0.11381,0.11468,97937514
1717876800000,0.11469,0.11519,0.11454,0.11477,54901108
1717891200000,0.11476,0.11542,0.11368,0.1141,93667217
1717905600000,0.1141,0.115,0.11409,0.11495,46175948
1717920000000,0.11495,0.11641,0.11495,0.1163,103332525
1717934400000,0.11629,0.11685,0.11582,0.11649,97678281
1717948800000,0.1165,0.11694,0.11648,0.11658,40494648
1717963200000,0.11659,0.11697,0.11657,0.11689,30196264
1717977600000,0.11689,0.11704,0.11627,0.11698,48901067
1717992000000,0.11698,0.11775,0.11609,0.11617,109032115
1718006400000,0.11616,0.1166,0.11596,0.11641,79979175
1718020800000,0.11642,0.11728,0.11602,0.11717,61243472
1718035200000,0.11716,0.11786,0.11703,0.11783,58554268
1718049600000,0.11783,0.11785,0.11728,0.11771,45588396
1718064000000,0.11771,0.11805,0.11688,0.11742,96618813
1718078400000,0.11741,0.11744,0.11585,0.11694,86273428
1718092800000,0.11694,0.11746,0.11665,0.11727,87891346
1718107200000,0.11727,0.11756,0.1164,0.11663,139183297
1718121600000,0.11662,0.11711,0.11612,0.1166,91924346
1718136000000,0.11661,0.11686,0.11639,0.11657,41273645
1718150400000,0.11658,0.11741,0.11639,0.11689,78455614
1718164800000,0.11689,0.11716,0.11613,0.11692,82710628
1718179200000,0.11692,0.1173,0.11629,0.11642,77732824
1718193600000,0.11643,0.11764,0.11589,0.11758,113445755
1718208000000,0.11758,0.11793,0.11566,0.11634,177208511
1718222400000,0.11634,0.11687,0.1162,0.11648,70030283
1718236800000,0.11647,0.11701,0.11637,0.11669,79800153
1718251200000,0.11669,0.11714,0.1159,0.11631,72220187
1718265600000,0.11631,0.11656,0.11562,0.11628,60171811
1718280000000,0.11627,0.11677,0.1161,0.11642,65646595
1718294400000,0.11641,0.11685,0.11625,0.11677,39940122
1718308800000,0.11677,0.11706,0.11666,0.11697,35341350
1718323200000,0.11697,0.11711,0.11628,0.11697,50784283
1718337600000,0.11696,0.11698,0.11577,0.11621,59256204
1718352000000,0.11621,0.1163,0.11558,0.11601,41393495
1718366400000,0.11602,0.11666,0.11595,0.11656,64536064
1718380800000,0.11656,0.11666,0.115,0.11602,106223001
1718395200000,0.11601,0.11655,0.11583,0.11649,49505443
1718409600000,0.11649,0.11666,0.11628,0.11649,24419019
1718424000000,0.11648,0.11649,0.11563,0.11578,47201885
1718438400000,0.11578,0.11606,0.11489,0.11509,60282387
1718452800000,0.11509,0.11534,0.11478,0.11485,39815403
1718467200000,0.11486,0.11546,0.11486,0.11533,38538186
1718481600000,0.11534,0.11548,0.11516,0.11525,26967537
1718496000000,0.11526,0.11549,0.11514,0.11517,26831651
1718510400000,0.11517,0.11535,0.11493,0.11528,33348140
1718524800000,0.11528,0.11558,0.11502,0.11537,28978681
1718539200000,0.11538,0.11573,0.11524,0.11572,35472782
1718553600000,0.11571,0.11639,0.11563,0.11633,48382539
1718568000000,0.11633,0.11784,0.11624,0.11731,90472135
1718582400000,0.11732,0.11816,0.11668,0.11692,127106670
1718596800000,0.11692,0.11792,0.11686,0.11775,83339132
1718611200000,0.11775,0.11783,0.11628,0.11676,106585595
1718625600000,0.11677,0.11749,0.11661,0.11707,79498326
1718640000000,0.11706,0.11762,0.11636,0.1172,77917999
1718654400000,0.11719,0.1172,0.11671,0.11671,51037153
1718668800000,0.11672,0.11677,0.11118,0.11436,268380789
1718683200000,0.11436,0.11508,0.11422,0.11507,52650940
1718697600000,0.11507,0.1153,0.11476,0.11528,60281892
1718712000000,0.11528,0.11532,0.11461,0.11494,105655107
1718726400000,0.11494,0.11596,0.11416,0.11515,80368726
1718740800000,0.11514,0.11558,0.11504,0.11541,49308842
1718755200000,0.1154,0.11614,0.11511,0.11608,70809108
1718769600000,0.11607,0.1171,0.11607,0.11705,54073072
1718784000000,0.11705,0.11717,0.11634,0.11642,62246291
1718798400000,0.11642,0.11694,0.11642,0.1166,42290224
1718812800000,0.1166,0.11673,0.11615,0.11626,30372895
1718827200000,0.11627,0.11629,0.11567,0.11574,31771674
1718841600000,0.11575,0.11612,0.11562,0.11593,30811121
1718856000000,0.11593,0.11674,0.11584,0.11665,33969359
1718870400000,0.11665,0.11688,0.1164,0.11676,45892363
1718884800000,0.11676,0.11708,0.11627,0.11666,60935939
1718899200000,0.11665,0.11689,0.11637,0.11687,26790434
1718913600000,0.11687,0.11692,0.11666,0.11675,19819307
1718928000000,0.11674,0.11681,0.11631,0.11676,39922274
1718942400000,0.11675,0.11726,0.11666,0.11708,37953245
1718956800000,0.11709,0.1185,0.11608,0.11839,113966970
1718971200000,0.11838,0.11872,0.11802,0.11853,96995344
1718985600000,0.11852,0.11857,0.11782,0.11842,53834297
1719000000000,0.11843,0.11857,0.11799,0.1183,52580895
1719014400000,0.11829,0.11846,0.11776,0.11793,50291356
1719028800000,0.11792,0.11895,0.1179,0.11871,39102029
1719043200000,0.11871,0.1197,0.1186,0.11961,69910204
1719057600000,0.11962,0.12006,0.11948,0.11969,60865833
1719072000000,0.11969,0.1199,0.11929,0.11959,27732562
1719086400000,0.11959,0.11993,0.11943,0.11964,24423736
1719100800000,0.11964,0.12012,0.11964,0.1199,26975038
1719115200000,0.1199,0.12006,0.11951,0.12004,26650177
1719129600000,0.12004,0.1205,0.11995,0.12046,42120790
1719144000000,0.12046,0.1205,0.11957,0.11967,50465073
1719158400000,0.11967,0.11977,0.11923,0.11954,41057294
1719172800000,0.11954,0.11955,0.11895,0.11917,36488104
1719187200000,0.11917,0.11929,0.11874,0.11882,30937418
1719201600000,0.11882,0.11908,0.11814,0.11879,77967447
1719216000000,0.11878,0.11904,0.11727,0.11873,119506016
1719230400000,0.11872,0.11991,0.11862,0.11899,99636335
1719244800000,0.11899,0.11965,0.11898,0.11918,55353982
1719259200000,0.11918,0.11941,0.11878,0.11901,43648803
1719273600000,0.11901,0.12035,0.11901,0.12014,58355288
1719288000000,0.12014,0.12086,0.12003,0.12077,36050450
1719302400000,0.12077,0.12195,0.12053,0.12194,58848359
1719316800000,0.12194,0.12201,0.12138,0.12143,58296621
1719331200000,0.12143,0.12178,0.1212,0.12172,35187401
1719345600000,0.12172,0.12215,0.12155,0.12184,26236675
1719360000000,0.12184,0.12222,0.12175,0.1222,37357480
1719374400000,0.12221,0.12356,0.12215,0.12355,54568277
1719388800000,0.12355,0.12456,0.12354,0.12427,109022154
1719403200000,0.12428,0.1249,0.12317,0.12357,115427963
1719417600000,0.12357,0.12367,0.12264,0.12312,82614666
1719432000000,0.12312,0.12313,0.12247,0.12262,28793557
1719446400000,0.12262,0.12314,0.12256,0.12312,33098111
1719460800000,0.12312,0.12348,0.12282,0.12317,38464884
1719475200000,0.12316,0.12331,0.1229,0.1229,36797292
1719489600000,0.12291,0.12372,0.1223,0.12242,100530762
1719504000000,0.12242,0.12284,0.12219,0.12227,31503499
1719518400000,0.12227,0.12228,0.12187,0.12191,25836753
1719532800000,0.1219,0.12231,0.1218,0.122,37228317
1719547200000,0.12199,0.12232,0.12171,0.1223,29399838
1719561600000,0.12231,0.12268,0.12223,0.12252,29003997
1719576000000,0.12251,0.12321,0.1223,0.12307,79714122
1719590400000,0.12306,0.1237,0.12299,0.12327,61687820
1719604800000,0.12327,0.12381,0.12291,0.12312,62192034
1719619200000,0.12311,0.12389,0.12292,0.12386,54263409
1719633600000,0.12387,0.12488,0.12369,0.12446,81506176
1719648000000,0.12446,0.12528,0.12413,0.12509,75749462
1719662400000,0.12508,0.12577,0.12487,0.12547,65689393
1719676800000,0.12547,0.12613,0.12513,0.12609,66432367
1719691200000,0.12608,0.12627,0.12542,0.12549,59600540
1719705600000,0.12549,0.12583,0.1252,0.1256,64484573
1719720000000,0.12561,0.12584,0.12501,0.12544,59512677
1719734400000,0.12544,0.12552,0.12504,0.12523,33047774
1719748800000,0.12523,0.12541,0.12504,0.12531,30809116
1719763200000,0.12531,0.12534,0.12492,0.12514,28039250
1719777600000,0.12514,0.12529,0.12454,0.1246,49465003
1719792000000,0.12461,0.12516,0.12453,0.12501,38703099
1719806400000,0.12501,0.12534,0.12494,0.12531,25403165
1719820800000,0.12531,0.12874,0.12505,0.12846,181033046
1719835200000,0.12845,0.12899,0.12788,0.12855,110266231
1719849600000,0.12856,0.12877,0.12793,0.12807,58600067
1719864000000,0.12807,0.12832,0.12767,0.1277,53659935
1719878400000,0.1277,0.12818,0.12748,0.128,58517177
1719892800000,0.128,0.12844,0.12792,0.12823,34264980
1719907200000,0.12823,0.12836,0.1275,0.12817,48685316
1719921600000,0.12818,0.12898,0.12786,0.12837,87230742
1719936000000,0.12837,0.12935,0.12833,0.12891,55333310
1719950400000,0.12892,0.12936,0.12884,0.12923,26950324
1719964800000,0.12922,0.13007,0.12871,0.12973,98841888
1719979200000,0.12973,0.12973,0.12874,0.12888,41121051
1719993600000,0.12888,0.12997,0.12876,0.12885,81068854
1720008000000,0.12885,0.12957,0.12833,0.12902,112125065
1720022400000,0.12902,0.12966,0.12813,0.12838,71067850
1720036800000,0.12838,0.12933,0.12832,0.12865,48756031
1720051200000,0.12865,0.12907,0.12762,0.12785,126914496
1720065600000,0.12785,0.12835,0.1276,0.12812,58147249
1720080000000,0.12813,0.12851,0.12639,0.1266,120484283
1720094400000,0.12659,0.12692,0.12549,0.12691,146581926
1720108800000,0.12691,0.12744,0.12658,0.12728,91693716
1720123200000,0.12728,0.1289,0.12702,0.1271,118400490
1720137600000,0.1271,0.12711,0.1227,0.12271,331964771
1720152000000,0.12271,0.12336,0.12155,0.12223,206492412
1720166400000,0.12223,0.12623,0.12089,0.12581,292828918
1720180800000,0.1258,0.12775,0.12572,0.12704,311615313
1720195200000,0.12705,0.12746,0.12633,0.12675,101146736
1720209600000,0.12675,0.12726,0.12641,0.12676,44109896
1720224000000,0.12676,0.1273,0.12629,0.12693,92993229
1720238400000,0.12693,0.1282,0.12677,0.12812,66552959
1720252800000,0.12811,0.12952,0.12811,0.1294,119399549
1720267200000,0.1294,0.13007,0.12919,0.12976,87640678
1720281600000,0.12976,0.13029,0.1296,0.12987,51630983
1720296000000,0.12987,0.12996,0.1294,0.12991,40796697
1720310400000,0.12991,0.13102,0.1297,0.12997,121780337
1720324800000,0.12994,0.13021,0.12947,0.12975,45547341
1720339200000,0.12975,0.13027,0.1292,0.12921,62735741
1720353600000,0.12921,0.1294,0.12717,0.12724,100938747
1720368000000,0.12724,0.12745,0.12639,0.12648,60342714
1720382400000,0.12648,0.12661,0.12434,0.12452,95713150
1720396800000,0.12452,0.12468,0.12265,0.12406,163468573
1720411200000,0.12407,0.12489,0.1238,0.12449,73090700
1720425600000,0.12449,0.12646,0.12442,0.12537,135017609
1720440000000,0.12536,0.12572,0.12366,0.12473,139771633
1720454400000,0.12472,0.1258,0.12463,0.12574,53836973
1720468800000,0.12573,0.12628,0.12571,0.12608,41197353
1720483200000,0.12608,0.12861,0.12607,0.12825,106143704
1720497600000,0.12824,0.12849,0.12769,0.12842,49814516
1720512000000,0.12843,0.12906,0.12836,0.12871,59365114
1720526400000,0.12871,0.12932,0.12793,0.12916,77738658
1720540800000,0.12915,0.12993,0.12915,0.12991,52391620
1720555200000,0.12991,0.12997,0.12965,0.12993,27232482
1720569600000,0.12994,0.13011,0.12904,0.12983,49245637
1720584000000,0.12983,0.13087,0.12959,0.12968,66805737
1720598400000,0.12968,0.13014,0.12959,0.13,38349900
1720612800000,0.13,0.1316,0.12998,0.13131,71946754
1720627200000,0.13131,0.13169,0.13086,0.13107,45555315
1720641600000,0.13108,0.13185,0.13089,0.13145,40942889
1720656000000,0.13144,0.13283,0.13138,0.13256,86657034
1720670400000,0.13257,0.13435,0.13235,0.13413,100397104
1720684800000,0.13415,0.13492,0.13374,0.13432,83491375
1720699200000,0.13432,0.13512,0.13373,0.13439,117602331
1720713600000,0.1344,0.13507,0.1343,0.13475,59218067
1720728000000,0.13475,0.13528,0.13417,0.13423,73253242
1720742400000,0.13424,0.13493,0.1338,0.13447,71625650
1720756800000,0.13447,0.1358,0.13447,0.13529,69123666
1720771200000,0.13528,0.13671,0.13528,0.13654,74862533
1720785600000,0.13654,0.13694,0.13604,0.13638,78756100
1720800000000,0.13638,0.13689,0.13617,0.13651,54651607
1720814400000,0.1365,0.13728,0.13643,0.13726,47501495
1720828800000,0.13727,0.13988,0.13724,0.13967,120770903
1720843200000,0.13967,0.14052,0.13876,0.13973,99890098
1720857600000,0.13974,0.14017,0.13904,0.13913,72407845
1720872000000,0.13912,0.14032,0.13902,0.14023,66863261
1720886400000,0.14022,0.1416,0.14007,0.14135,76567140
1720900800000,0.14135,0.14138,0.1392,0.13936,82103693
1720915200000,0.13936,0.14013,0.13923,0.13923,55408765
1720929600000,0.13923,0.13947,0.13776,0.13792,73019101
1720944000000,0.13792,0.13861,0.13731,0.13736,73468797
1720958400000,0.13737,0.13832,0.13731,0.13757,58191204
1720972800000,0.13756,0.1377,0.13721,0.13752,31076247
1720987200000,0.13752,0.13805,0.13735,0.13746,48074196
1721001600000,0.13746,0.13843,0.13746,0.13807,68218752
1721016000000,0.13808,0.13888,0.13795,0.13824,62056873
1721030400000,0.13825,0.13848,0.13778,0.13823,55181927
1721044800000,0.13823,0.13838,0.13766,0.13788,44949824
1721059200000,0.13788,0.13805,0.13688,0.13698,77443538
1721073600000,0.13699,0.1374,0.13642,0.13728,104800371
1721088000000,0.13727,0.13736,0.13567,0.13582,110710709
1721102400000,0.13581,0.13599,0.13293,0.13299,216613118
1721116800000,0.13298,0.13414,0.13262,0.13385,130162156
1721131200000,0.13384,0.13425,0.13303,0.13418,105681905
1721145600000,0.13417,0.13439,0.13353,0.13358,82767800
1721160000000,0.13359,0.13405,0.1334,0.13393,40045257
1721174400000,0.13393,0.13463,0.13367,0.13405,83416296
1721188800000,0.13406,0.13505,0.13395,0.1348,65724945
1721203200000,0.13481,0.13491,0.1342,0.13456,60903901
1721217600000,0.13455,0.13471,0.13409,0.13434,60654268
1721232000000,0.13434,0.13434,0.13358,0.13385,58098002
1721246400000,0.13385,0.13421,0.13332,0.1334,42700907
1721260800000,0.1334,0.13417,0.13336,0.13399,36020835
1721275200000,0.13399,0.13431,0.13336,0.13359,35810711
1721289600000,0.13359,0.13429,0.1335,0.13417,32847802
1721304000000,0.13418,0.13466,0.13338,0.13344,64312057
1721318400000,0.13343,0.13444,0.133,0.13444,61068545
1721332800000,0.13443,0.13458,0.13411,0.13443,42488776
1721347200000,0.13443,0.1354,0.13396,0.13532,82608954
1721361600000,0.13532,0.13585,0.13389,0.13432,61149447
1721376000000,0.13433,0.13494,0.13408,0.13465,50684875
1721390400000,0.13465,0.13471,0.13408,0.13456,69581221
1721404800000,0.13457,0.13483,0.13418,0.13463,73086228
1721419200000,0.13462,0.13469,0.13426,0.13453,78409137
1721433600000,0.13452,0.13462,0.13425,0.13451,92575312
1721448000000,0.13451,0.13469,0.13444,0.13456,27723943
1721462400000,0.13456,0.13469,0.13354,0.13376,44019647
1721476800000,0.13376,0.13426,0.1335,0.1342,40529615
1721491200000,0.13421,0.13442,0.13391,0.13425,26935290
1721505600000,0.13425,0.13468,0.13422,0.13458,27084239
1721520000000,0.13458,0.13494,0.13448,0.13458,25442281
1721534400000,0.13459,0.13462,0.13367,0.13391,25896180
1721548800000,0.13392,0.13421,0.13377,0.13409,19640499
1721563200000,0.13409,0.1346,0.13391,0.13433,28301077
1721577600000,0.13434,0.13459,0.13339,0.13409,53053553
1721592000000,0.13408,0.13441,0.13392,0.13414,35274912
1721606400000,0.13414,0.13685,0.1341,0.13586,172297802
1721620800000,0.13585,0.13725,0.13566,0.1362,111211067
1721635200000,0.1362,0.13621,0.13352,0.13433,121723615
1721649600000,0.13432,0.13475,0.13356,0.13377,116770273
1721664000000,0.13378,0.13413,0.13201,0.13328,89413910
1721678400000,0.13329,0.13341,0.13158,0.13227,106699270
1721692800000,0.13227,0.13288,0.13211,0.13233,44802641
1721707200000,0.13233,0.13239,0.13098,0.1316,86452020
1721721600000,0.13159,0.13247,0.13151,0.13239,52127390
1721736000000,0.13238,0.1334,0.13221,0.13338,63635076
1721750400000,0.13338,0.13353,0.13208,0.13325,63863188
1721764800000,0.13324,0.13443,0.1332,0.13412,62416489
1721779200000,0.13411,0.13423,0.13355,0.13379,72522801
1721793600000,0.13379,0.13411,0.13345,0.13405,62242137
1721808000000,0.13404,0.13455,0.13341,0.13422,54358854
1721822400000,0.13421,0.13479,0.13398,0.13411,41046970
1721836800000,0.13412,0.1343,0.13392,0.13428,32915848
1721851200000,0.13429,0.13476,0.13364,0.13428,45582898
1721865600000,0.13428,0.13471,0.13328,0.13404,86164980
1721880000000,0.13404,0.13565,0.13391,0.13534,87435546
1721894400000,0.13535,0.13647,0.1353,0.13604,101783281
1721908800000,0.13604,0.13637,0.13475,0.13547,104033769
1721923200000,0.13548,0.13585,0.13487,0.13558,59935518
1721937600000,0.13558,0.13639,0.13495,0.13548,76567712
1721952000000,0.13549,0.13682,0.13548,0.13677,78260231
1721966400000,0.13676,0.13689,0.13636,0.13636,36770574
1721980800000,0.13635,0.13718,0.13615,0.13701,40383471
1721995200000,0.13701,0.13777,0.13666,0.13763,63629143
1722009600000,0.13763,0.13763,0.13705,0.13736,30697747
1722024000000,0.13736,0.13757,0.13723,0.13741,21018966
1722038400000,0.13741,0.13759,0.13693,0.13708,22621476
1722052800000,0.13709,0.13727,0.13678,0.13702,23018062
1722067200000,0.13702,0.1377,0.13692,0.13745,27346414
1722081600000,0.13745,0.13761,0.13695,0.13719,43438253
1722096000000,0.13718,0.13764,0.13697,0.13756,42221591
1722110400000,0.13757,0.13758,0.13623,0.13717,65695413
1722124800000,0.13717,0.13763,0.13688,0.13715,34408073
1722139200000,0.13715,0.13737,0.13671,0.1371,26662230
1722153600000,0.1371,0.13739,0.13704,0.13713,20057754
1722168000000,0.13713,0.13829,0.13701,0.13827,58909538
1722182400000,0.13827,0.13907,0.13798,0.13887,99822156
1722196800000,0.13887,0.1393,0.13844,0.13845,63654337
1722211200000,0.13845,0.1394,0.13821,0.13831,60921881
1722225600000,0.13831,0.13909,0.13787,0.13893,46446504
1722240000000,0.13893,0.13922,0.1359,0.136,111284439
1722254400000,0.13602,0.13672,0.13487,0.13668,130185095
1722268800000,0.13667,0.13837,0.13666,0.1381,118187119
1722283200000,0.13811,0.13824,0.13729,0.13738,29771720
1722297600000,0.13737,0.13844,0.13723,0.13765,82538600
1722312000000,0.13764,0.13776,0.13712,0.13712,47277703
1722326400000,0.13712,0.13713,0.13526,0.13557,53340601
1722340800000,0.13556,0.13556,0.13267,0.13288,100964900
1722355200000,0.13288,0.1331,0.13254,0.1329,100287207
1722369600000,0.13289,0.13313,0.13224,0.13299,59851047
1722384000000,0.133,0.133,0.1305,0.13116,119981124
1722398400000,0.13115,0.13186,0.1309,0.13176,56068747
1722412800000,0.13176,0.13222,0.13125,0.13162,58019904
1722427200000,0.13163,0.13187,0.12933,0.12951,101960717
1722441600000,0.12952,0.13,0.12875,0.12889,81552051
1722456000000,0.1289,0.12907,0.12833,0.12853,123318530
1722470400000,0.12854,0.12923,0.12833,0.12876,93290321
1722484800000,0.12875,0.12913,0.12821,0.12856,79801532
1722499200000,0.12856,0.12972,0.12852,0.12929,64879562
1722513600000,0.12929,0.12944,0.12698,0.12726,91155429
1722528000000,0.12725,0.12794,0.12678,0.12767,103122461
1722542400000,0.12767,0.12847,0.12761,0.12816,63440574
1722556800000,0.12816,0.12835,0.12679,0.12755,66386923
1722571200000,0.12754,0.12791,0.12733,0.12772,50944924
1722585600000,0.12772,0.12816,0.1263,0.12639,72161560
1722600000000,0.1264,0.12664,0.12269,0.12312,172718051
1722614400000,0.12312,0.12366,0.12273,0.12348,69679533
1722628800000,0.12348,0.12382,0.1229,0.12357,100306437
1722643200000,0.12357,0.12415,0.12291,0.12293,108308927
1722657600000,0.12292,0.12509,0.12284,0.12477,57466977
1722672000000,0.12476,0.12534,0.12409,0.12456,58474411
1722686400000,0.12456,0.12543,0.12435,0.12475,92514767
1722700800000,0.12476,0.12534,0.12443,0.12488,166999944
1722715200000,0.12487,0.12542,0.1246,0.12539,98821293
1722729600000,0.12539,0.12648,0.12492,0.12618,71257488
1722744000000,0.12617,0.12767,0.12578,0.12733,123861353
1722758400000,0.12733,0.12861,0.12728,0.12791,179274086
1722772800000,0.12791,0.12838,0.12632,0.12672,222370935
1722787200000,0.12671,0.12718,0.12551,0.12688,239288837
1722801600000,0.12689,0.12712,0.12609,0.12631,120378308
1722816000000,0.1263,0.12658,0.12,0.12162,482797633
1722830400000,0.12162,0.12233,0.11677,0.12042,484978917
1722844800000,0.12041,0.12077,0.11844,0.11936,263126878
1722859200000,0.11936,0.12193,0.11735,0.12169,425647309
1722873600000,0.1217,0.12334,0.12021,0.12088,232238962
1722888000000,0.12087,0.12194,0.12087,0.12143,143898397
1722902400000,0.12142,0.12288,0.12122,0.12212,182025803
1722916800000,0.12213,0.12322,0.12196,0.12307,78410854
1722931200000,0.12307,0.12323,0.1218,0.12256,111832166
1722945600000,0.12256,0.1234,0.12217,0.12302,132730782
1722960000000,0.12303,0.12369,0.12298,0.1231,69380349
1722974400000,0.12309,0.12381,0.12287,0.12332,94550957
1722988800000,0.12332,0.12545,0.12321,0.12416,127530068
1723003200000,0.12417,0.12439,0.1234,0.12404,66124030
1723017600000,0.12405,0.12444,0.12382,0.12431,66374336
1723032000000,0.12431,0.12486,0.12334,0.12443,113479461
1723046400000,0.12443,0.12452,0.1238,0.12434,78355449
1723060800000,0.12433,0.12496,0.12388,0.12468,113729792
1723075200000,0.12468,0.1257,0.1241,0.12515,104323339
1723089600000,0.12515,0.12578,0.12513,0.12547,48768433
1723104000000,0.12547,0.12603,0.12544,0.12562,38599298
1723118400000,0.12562,0.12641,0.12529,0.12638,92902248
1723132800000,0.12638,0.12675,0.126,0.12653,50973678
1723147200000,0.12653,0.12712,0.12615,0.12696,61484283
1723161600000,0.12696,0.12715,0.1264,0.1266,51710088
1723176000000,0.1266,0.1272,0.1262,0.12683,109362822
1723190400000,0.12683,0.12711,0.12645,0.12705,59170280
1723204800000,0.12704,0.12728,0.12623,0.1266,98349318
1723219200000,0.12659,0.12772,0.12652,0.12755,57652641
1723233600000,0.12756,0.1283,0.12735,0.12829,49518565
1723248000000,0.1283,0.12883,0.12815,0.12872,137185968
1723262400000,0.12873,0.12908,0.12859,0.1288,47291083
1723276800000,0.1288,0.12955,0.12848,0.1293,55702205
1723291200000,0.1293,0.12971,0.129,0.12925,62655852
1723305600000,0.12925,0.12968,0.12915,0.12942,31694510
1723320000000,0.12941,0.12947,0.1289,0.12896,44359249
1723334400000,0.12896,0.12935,0.12869,0.12888,55761466
1723348800000,0.12888,0.12894,0.12853,0.12875,27866524
1723363200000,0.12875,0.12889,0.12826,0.12836,37466339
1723377600000,0.12836,0.12843,0.12805,0.12833,43845773
1723392000000,0.12833,0.12875,0.12805,0.1282,41337267
1723406400000,0.12821,0.12821,0.12723,0.12762,64727821
1723420800000,0.12763,0.12822,0.12759,0.12797,35906465
1723435200000,0.12798,0.12819,0.12762,0.1277,78690489
1723449600000,0.12769,0.12796,0.12719,0.12729,87193703
1723464000000,0.12729,0.12731,0.12592,0.1265,125482887
1723478400000,0.12649,0.12688,0.12624,0.1264,56214133
1723492800000,0.1264,0.12696,0.12632,0.12664,71295271
1723507200000,0.12664,0.12669,0.12546,0.12583,108325276
1723521600000,0.12583,0.12651,0.1256,0.12647,72247825
1723536000000,0.12647,0.12687,0.12616,0.12681,42281785
1723550400000,0.12681,0.1277,0.1268,0.12761,67938835
1723564800000,0.12761,0.12865,0.12761,0.12854,72030235
1723579200000,0.12854,0.12902,0.12851,0.12872,47920328
1723593600000,0.12872,0.12957,0.12852,0.12929,63776818
1723608000000,0.12929,0.1305,0.12929,0.13046,96106872
1723622400000,0.13046,0.13089,0.1304,0.13058,89088141
1723636800000,0.13058,0.13072,0.12927,0.13046,145567341
1723651200000,0.13047,0.13069,0.13003,0.13032,77711127
1723665600000,0.13031,0.13063,0.1299,0.13039,50565483
1723680000000,0.13039,0.13155,0.13036,0.13142,103583395
1723694400000,0.13143,0.13188,0.13126,0.13174,62740305
1723708800000,0.13174,0.13214,0.13125,0.13173,77121679
1723723200000,0.13173,0.13188,0.13066,0.13109,94657043
1723737600000,0.13108,0.13151,0.13005,0.13007,114223660
1723752000000,0.13008,0.13026,0.12962,0.13011,75189331
1723766400000,0.13011,0.13042,0.12931,0.12979,87586439
1723780800000,0.1298,0.13098,0.12971,0.13091,64688324
1723795200000,0.13092,0.1319,0.13091,0.13151,94352370
1723809600000,0.13151,0.13194,0.13072,0.13187,132739394
1723824000000,0.13188,0.13345,0.13176,0.13312,150646803
1723838400000,0.13313,0.13418,0.13306,0.13415,75876415
1723852800000,0.13416,0.13424,0.13325,0.13424,96172126
1723867200000,0.13423,0.13492,0.13423,0.13487,83260448
1723881600000,0.13487,0.13608,0.13481,0.13601,119314762
1723896000000,0.13601,0.13631,0.13521,0.13534,102978305
1723910400000,0.13533,0.13572,0.13488,0.13548,96027332
1723924800000,0.13548,0.13555,0.1345,0.13476,38169517
1723939200000,0.13477,0.13477,0.13317,0.13337,79615673
1723953600000,0.13337,0.13355,0.13308,0.13341,43753919
1723968000000,0.13341,0.1339,0.13325,0.13369,53069988
1723982400000,0.13368,0.13544,0.13354,0.1345,109963421
1723996800000,0.1345,0.13534,0.13408,0.13532,72322336
1724011200000,0.13532,0.13568,0.13506,0.13508,47102514
1724025600000,0.13508,0.13546,0.13382,0.13452,99048249
1724040000000,0.13453,0.13584,0.13434,0.13576,76034990
1724054400000,0.13576,0.138,0.13566,0.13781,207186856
1724068800000,0.13782,0.13982,0.13706,0.13935,283283858
1724083200000,0.13936,0.1428,0.13872,0.14202,385864693
1724097600000,0.14203,0.14364,0.14159,0.14312,274909375
1724112000000,0.14311,0.14435,0.14212,0.14322,204687706
1724126400000,0.14324,0.14711,0.14277,0.14517,205808465
1724140800000,0.14517,0.14875,0.14498,0.14828,287963911
1724155200000,0.14827,0.15489,0.14821,0.15094,1103353683
1724169600000,0.15095,0.16092,0.14816,0.15701,842618832
1724184000000,0.15701,0.16199,0.15598,0.1615,508861192
1724198400000,0.1615,0.16176,0.1552,0.15957,657708108
1724212800000,0.15958,0.16678,0.15816,0.16158,548122664
1724227200000,0.16158,0.16619,0.16097,0.16482,1036202979
1724241600000,0.16482,0.16485,0.15877,0.15993,934062316
1724256000000,0.15992,0.16236,0.1559,0.15728,654222581
1724270400000,0.15729,0.15755,0.153,0.15379,496164739
1724284800000,0.15379,0.15505,0.14916,0.14929,468967454
1724299200000,0.14929,0.15328,0.14777,0.1522,788882232
1724313600000,0.1522,0.15906,0.15208,0.15906,699981461
1724328000000,0.15905,0.16032,0.15418,0.15641,895854180
1724342400000,0.15641,0.15708,0.15456,0.15526,280516768
1724356800000,0.15527,0.15617,0.15504,0.15542,117420440
1724371200000,0.15541,0.15615,0.1533,0.15495,242778080
1724385600000,0.15494,0.15497,0.15335,0.15439,239470873
1724400000000,0.15439,0.15686,0.15426,0.15614,270665087
1724414400000,0.15614,0.1592,0.15613,0.15817,409018274
1724428800000,0.15817,0.15842,0.15622,0.15781,293357950
1724443200000,0.15781,0.15882,0.15741,0.15827,132548265
1724457600000,0.15827,0.16131,0.15827,0.16105,329784132
1724472000000,0.16105,0.16305,0.15961,0.1597,340586690
1724486400000,0.1597,0.1604,0.15795,0.15858,228901470
1724500800000,0.15859,0.15983,0.15846,0.15942,122858312
1724515200000,0.15944,0.15978,0.15852,0.15966,142201111
1724529600000,0.15966,0.1599,0.1574,0.1588,170555161
1724544000000,0.15881,0.15933,0.15614,0.15758,249142975
1724558400000,0.1576,0.16098,0.15677,0.15974,335091920
1724572800000,0.15974,0.16183,0.15923,0.16173,223704113
1724587200000,0.16173,0.16888,0.16077,0.16528,786699984
1724601600000,0.16527,0.16578,0.1638,0.165,219322664
1724616000000,0.165,0.16733,0.16444,0.16629,269876148
1724630400000,0.16629,0.16633,0.16337,0.16473,249624965
1724644800000,0.16472,0.16611,0.16425,0.16587,172069815
1724659200000,0.16587,0.16876,0.16563,0.16752,351610987
1724673600000,0.16752,0.16818,0.16409,0.1648,462468116
1724688000000,0.1648,0.16653,0.16385,0.16442,281298487
1724702400000,0.16442,0.16445,0.16123,0.16144,269133840
1724716800000,0.16144,0.16307,0.16131,0.16225,178484269
1724731200000,0.16225,0.16244,0.16104,0.16175,128390268
1724745600000,0.16176,0.16188,0.16021,0.16058,186630697
1724760000000,0.16058,0.16199,0.16029,0.1619,212134449
1724774400000,0.16191,0.16366,0.16162,0.16194,213571911
1724788800000,0.16194,0.16216,0.15561,0.1579,412739981
1724803200000,0.1579,0.15834,0.1571,0.15801,130871150
1724817600000,0.15801,0.1586,0.15755,0.15757,103960499
1724832000000,0.15757,0.15984,0.15742,0.15932,295687374
1724846400000,0.15932,0.15938,0.15765,0.15832,198725222
1724860800000,0.15832,0.15866,0.15702,0.15743,201457694
1724875200000,0.15744,0.15829,0.15711,0.15822,104180810
1724889600000,0.15822,0.15915,0.15784,0.15848,95462104
1724904000000,0.15848,0.15943,0.15845,0.15904,75195497
1724918400000,0.15905,0.16056,0.15878,0.16009,105006639
1724932800000,0.1601,0.1615,0.15992,0.16046,215318335
1724947200000,0.16046,0.1608,0.15978,0.16035,165628038
1724961600000,0.16035,0.16064,0.15926,0.15988,90431483
1724976000000,0.15988,0.16039,0.15929,0.15967,69516131
1724990400000,0.15967,0.16121,0.15966,0.16103,112249095
1725004800000,0.16102,0.16169,0.16027,0.16068,110540553
1725019200000,0.16069,0.16174,0.15904,0.15959,234233915
1725033600000,0.15959,0.16041,0.15894,0.15912,196078061
1725048000000,0.15913,0.16008,0.15896,0.15998,70812785
1725062400000,0.15999,0.16036,0.15909,0.15912,78872316
1725076800000,0.15912,0.15946,0.15655,0.15756,186541064
1725091200000,0.15756,0.1578,0.15648,0.15711,92401876
1725105600000,0.15711,0.15744,0.15637,0.15728,97095855
1725120000000,0.15727,0.15818,0.15674,0.15759,83549674
1725134400000,0.15759,0.15794,0.15712,0.15758,56703734
1725148800000,0.15759,0.15777,0.1557,0.15604,103083299
1725163200000,0.15605,0.15654,0.15562,0.15617,82737815
1725177600000,0.15616,0.15687,0.15592,0.1568,72133547
1725192000000,0.15681,0.15695,0.15593,0.15631,106952238
1725206400000,0.15632,0.15667,0.15604,0.15635,76570121
1725220800000,0.15635,0.15661,0.15445,0.15555,150032261
1725235200000,0.15555,0.15634,0.15542,0.1559,84591413
1725249600000,0.1559,0.15605,0.15542,0.15574,57136069
1725264000000,0.15574,0.15689,0.15568,0.1566,142622842
1725278400000,0.1566,0.15684,0.1558,0.15595,83365009
1725292800000,0.15596,0.15597,0.15364,0.15399,164134156
1725307200000,0.15399,0.15438,0.15357,0.1542,81840953
1725321600000,0.1542,0.15468,0.15358,0.15372,92673129
1725336000000,0.15372,0.15411,0.15279,0.1541,91187876
1725350400000,0.15409,0.15428,0.15145,0.15227,192326494
1725364800000,0.15227,0.15243,0.15056,0.15072,143293413
1725379200000,0.15071,0.15149,0.15068,0.15107,91015152
1725393600000,0.15107,0.15129,0.15006,0.15017,78717076
1725408000000,0.15017,0.15204,0.14857,0.15169,306652018
1725422400000,0.1517,0.15216,0.15107,0.15131,102288056
1725436800000,0.15131,0.1514,0.14965,0.14976,116035296
1725451200000,0.14976,0.15014,0.14907,0.14976,138509163
1725465600000,0.14976,0.15025,0.14898,0.14956,95437608
1725480000000,0.14957,0.1503,0.14939,0.14993,44583022
1725494400000,0.14992,0.15014,0.1488,0.14904,72363081
1725508800000,0.14904,0.14996,0.14896,0.14964,63824518
1725523200000,0.14965,0.1513,0.1493,0.15108,154827944
1725537600000,0.15109,0.1512,0.14986,0.15019,99088484
1725552000000,0.1502,0.1505,0.14963,0.14977,69465188
1725566400000,0.14976,0.15051,0.14944,0.1497,64139485
1725580800000,0.14971,0.15019,0.14949,0.14959,52337177
1725595200000,0.14959,0.14984,0.14895,0.14911,75621327
1725609600000,0.1491,0.15006,0.14895,0.14991,56749718
1725624000000,0.14991,0.15009,0.14805,0.14836,178258989
1725638400000,0.14836,0.14843,0.14733,0.1476,105869320
1725652800000,0.14761,0.1482,0.14627,0.14786,144097584
1725667200000,0.14786,0.14919,0.14786,0.14906,78037792
1725681600000,0.14906,0.14999,0.14906,0.14961,75803195
1725696000000,0.14961,0.15057,0.1495,0.15005,65325891
1725710400000,0.15004,0.15209,0.14994,0.15192,123144400
1725724800000,0.15192,0.152,0.15076,0.15128,84422202
1725739200000,0.15128,0.15165,0.15103,0.15157,41547468
1725753600000,0.15158,0.1526,0.15128,0.15253,79094007
1725768000000,0.15252,0.15253,0.15112,0.15138,62713413
1725782400000,0.15138,0.1515,0.15098,0.15144,65961378
1725796800000,0.15142,0.15315,0.15108,0.15276,135141015
1725811200000,0.15276,0.15322,0.1524,0.15294,64893455
1725825600000,0.15293,0.15336,0.15238,0.15314,87926219
1725840000000,0.15315,0.15388,0.15309,0.15315,75927680
1725854400000,0.15316,0.15432,0.15303,0.15406,78675502
1725868800000,0.15405,0.15444,0.15364,0.15383,68068835
1725883200000,0.15382,0.15463,0.15353,0.15448,84802667
1725897600000,0.15449,0.15503,0.15401,0.15459,92839860
1725912000000,0.15459,0.15474,0.15398,0.15452,74543363
1725926400000,0.15452,0.15455,0.15347,0.15359,59388848
1725940800000,0.15358,0.15385,0.15266,0.15283,76798187
1725955200000,0.15283,0.1529,0.15237,0.15237,71017107
1725969600000,0.15238,0.15303,0.15228,0.15236,102062202
1725984000000,0.15237,0.15321,0.15195,0.15302,77783024
1725998400000,0.15302,0.15356,0.15288,0.15291,36843233
1726012800000,0.15291,0.15298,0.15211,0.15231,62827250
1726027200000,0.15231,0.15237,0.15164,0.15224,67909324
1726041600000,0.15224,0.1528,0.152,0.15241,67750873
1726056000000,0.15241,0.15301,0.15198,0.15256,88416887
1726070400000,0.15256,0.1532,0.15253,0.1531,64610928
1726084800000,0.1531,0.1535,0.15282,0.15333,55244713
1726099200000,0.15334,0.15378,0.15329,0.15329,57481230
1726113600000,0.15329,0.15385,0.15328,0.15362,53265972
1726128000000,0.15361,0.15431,0.15346,0.15405,76978776
1726142400000,0.15406,0.15419,0.15195,0.15211,153085162
1726156800000,0.15212,0.15248,0.15182,0.15215,72571095
1726171200000,0.15216,0.15219,0.1517,0.15186,45149326
1726185600000,0.15187,0.15187,0.15102,0.15103,65257548
1726200000000,0.15103,0.15128,0.15055,0.15071,55036986
1726214400000,0.1507,0.15107,0.15058,0.15066,58796703
1726228800000,0.15066,0.15093,0.15034,0.15053,104020308
1726243200000,0.15052,0.15054,0.14832,0.1487,255440344
1726257600000,0.1487,0.14899,0.14846,0.14876,69842655
1726272000000,0.14876,0.14877,0.14733,0.14809,97730146
1726286400000,0.14809,0.14824,0.14762,0.14778,49597761
1726300800000,0.14777,0.1483,0.14737,0.14745,77086722
1726315200000,0.14746,0.14778,0.14685,0.14728,92569356
1726329600000,0.14727,0.14737,0.14676,0.14734,65269756
1726344000000,0.14735,0.14755,0.14717,0.14741,33965143
1726358400000,0.14741,0.14781,0.14714,0.14761,56222438
1726372800000,0.14761,0.14789,0.14727,0.14744,48969089
1726387200000,0.14744,0.14755,0.14687,0.14705,74127248
1726401600000,0.14706,0.14957,0.14688,0.14946,125422449
1726416000000,0.14947,0.1495,0.14876,0.14908,77376663
1726430400000,0.14908,0.1492,0.14827,0.14887,60475834
1726444800000,0.14886,0.14889,0.14759,0.14843,65809470
1726459200000,0.14844,0.14901,0.14777,0.14888,62436586
1726473600000,0.14887,0.14939,0.14836,0.14915,88395760
1726488000000,0.14916,0.14963,0.1479,0.14796,132097006
1726502400000,0.14795,0.14862,0.14795,0.14844,55717188
1726516800000,0.14845,0.14896,0.14825,0.1489,33854427
1726531200000,0.1489,0.1496,0.14888,0.14947,40816863
1726545600000,0.14947,0.14999,0.14946,0.14995,38386763
1726560000000,0.14994,0.15044,0.14982,0.14996,61315150
1726574400000,0.14996,0.15127,0.14984,0.15107,97467060
1726588800000,0.15106,0.15107,0.1497,0.14989,74553097
1726603200000,0.14988,0.15021,0.14961,0.14993,29739108
1726617600000,0.14994,0.14994,0.1495,0.1496,35874918
1726632000000,0.14961,0.15019,0.14936,0.15006,38947324
1726646400000,0.15006,0.15024,0.1494,0.14941,60423753
1726660800000,0.14942,0.14987,0.14924,0.14931,40366646
1726675200000,0.14931,0.14986,0.14882,0.14901,83535801
1726689600000,0.149,0.14945,0.14883,0.14941,37972199
1726704000000,0.14941,0.14992,0.14932,0.14967,63227203
1726718400000,0.14968,0.1503,0.14946,0.15019,55122569
1726732800000,0.15019,0.1505,0.14994,0.15032,44951653
1726747200000,0.15033,0.1516,0.1501,0.15139,81336019
1726761600000,0.15139,0.15151,0.15076,0.15087,55894659
1726776000000,0.15087,0.15148,0.15051,0.15148,57399123
1726790400000,0.15148,0.15233,0.1514,0.15226,55875551
1726804800000,0.15226,0.15278,0.15212,0.15232,53286372
1726819200000,0.15232,0.15239,0.15169,0.15214,41781175
1726833600000,0.15215,0.15246,0.1512,0.15189,61628404
1726848000000,0.15189,0.15201,0.15141,0.15194,39000597
1726862400000,0.15194,0.15211,0.15174,0.15198,18598189
1726876800000,0.15197,0.15208,0.15154,0.15161,28740805
1726891200000,0.15159,0.15192,0.1513,0.15186,17646489
1726905600000,0.15185,0.15225,0.15163,0.15205,20323508
1726920000000,0.15204,0.15228,0.1519,0.15199,22952322
1726934400000,0.15198,0.15242,0.15192,0.15195,19251893
1726948800000,0.15194,0.15215,0.15173,0.15188,20641824
1726963200000,0.15187,0.15209,0.15147,0.15161,40784452
1726977600000,0.1516,0.15177,0.15138,0.15145,17440124
1726992000000,0.15146,0.15179,0.15108,0.15109,25511136
1727006400000,0.15109,0.15136,0.15076,0.15113,34348588
1727020800000,0.15113,0.15181,0.15083,0.15156,58547853
1727035200000,0.15156,0.15202,0.15114,0.15167,84073872
1727049600000,0.15168,0.1519,0.15109,0.15166,88279885
1727064000000,0.15166,0.15228,0.15128,0.15202,40063158
1727078400000,0.15202,0.15288,0.15174,0.15275,52972194
1727092800000,0.15275,0.15288,0.15225,0.15251,52232918
1727107200000,0.1525,0.15271,0.15228,0.15254,32558368
1727121600000,0.15253,0.15262,0.15212,0.15225,32107919
1727136000000,0.15225,0.15226,0.15149,0.15177,37477458
1727150400000,0.15176,0.1521,0.15147,0.1521,26150032
1727164800000,0.1521,0.15243,0.15186,0.15234,37598019
1727179200000,0.15234,0.15252,0.15153,0.1516,50589207
1727193600000,0.15161,0.15166,0.15051,0.15109,98156430
1727208000000,0.15108,0.15132,0.15073,0.15112,51855938
1727222400000,0.15112,0.15113,0.15051,0.15103,62948159
1727236800000,0.15103,0.15117,0.14987,0.1502,61595233
1727251200000,0.1502,0.15069,0.15005,0.15069,67928878
1727265600000,0.15069,0.15082,0.15031,0.15041,37936547
1727280000000,0.1504,0.15056,0.15001,0.15003,31252903
1727294400000,0.15003,0.15037,0.14967,0.1499,28815510
1727308800000,0.14991,0.14996,0.14922,0.14972,39369973
1727323200000,0.14973,0.15185,0.14959,0.15182,82373571
1727337600000,0.15182,0.15245,0.15167,0.15236,56733992
1727352000000,0.15236,0.15289,0.15219,0.1527,78498314
1727366400000,0.15269,0.15338,0.15267,0.15322,64034307
1727380800000,0.15321,0.15368,0.15293,0.15303,55058504
1727395200000,0.15303,0.15462,0.15303,0.15457,70335672
1727409600000,0.15457,0.155,0.15403,0.15417,67348848
1727424000000,0.15416,0.1549,0.15416,0.15485,57283658
1727438400000,0.15486,0.15554,0.1545,0.15527,69716653
1727452800000,0.15527,0.15552,0.15481,0.15509,53896974
1727467200000,0.1551,0.15526,0.1545,0.15511,35586674
1727481600000,0.1551,0.15535,0.1548,0.1553,28984842
1727496000000,0.15529,0.15541,0.15434,0.15471,38177328
1727510400000,0.15471,0.15473,0.15372,0.15443,48611238
1727524800000,0.15444,0.15491,0.15404,0.15469,37531905
1727539200000,0.1547,0.15494,0.15433,0.15488,23155722
1727553600000,0.15488,0.15512,0.15434,0.15506,27855635
1727568000000,0.15506,0.15519,0.15468,0.15519,32058500
1727582400000,0.15519,0.15541,0.15478,0.15494,37090056
1727596800000,0.15493,0.15621,0.15491,0.15618,72720712
1727611200000,0.15618,0.15699,0.15592,0.15694,74454115
1727625600000,0.15694,0.15766,0.15677,0.15761,54702930
1727640000000,0.15761,0.15766,0.15635,0.15635,49790936
1727654400000,0.15635,0.15663,0.15476,0.15498,101287182
1727668800000,0.15498,0.15534,0.15465,0.15517,44814579
1727683200000,0.15516,0.15566,0.1549,0.15559,92169578
1727697600000,0.1556,0.15665,0.15553,0.15603,77900077
1727712000000,0.15603,0.15692,0.15594,0.15668,49914938
1727726400000,0.15669,0.15692,0.15564,0.15589,57127912
1727740800000,0.15588,0.1567,0.15566,0.15648,61323053
1727755200000,0.15647,0.15683,0.15616,0.15661,47860883
1727769600000,0.15661,0.15697,0.15646,0.15693,29299804
1727784000000,0.15693,0.15715,0.15375,0.15489,183730530
1727798400000,0.15488,0.15506,0.15282,0.1538,163199238
1727812800000,0.15379,0.15388,0.15295,0.15348,87443053
1727827200000,0.15348,0.15428,0.153,0.15426,77193486
1727841600000,0.15426,0.15465,0.15402,0.15409,55841393
1727856000000,0.15408,0.15448,0.1534,0.15395,85799473
1727870400000,0.15395,0.15492,0.15334,0.15482,98708234
1727884800000,0.15483,0.1553,0.15361,0.15402,109438677
1727899200000,0.15402,0.15487,0.15382,0.15449,70878160
1727913600000,0.15448,0.15482,0.15388,0.15475,70927766
1727928000000,0.15475,0.1551,0.15446,0.15474,60315076
1727942400000,0.15473,0.15479,0.15337,0.15385,108883653
1727956800000,0.15384,0.15483,0.15346,0.15477,113150341
1727971200000,0.15476,0.15671,0.15436,0.15669,126254848
1727985600000,0.1567,0.1578,0.15669,0.15773,89097252
1728000000000,0.15773,0.15787,0.15647,0.15674,95900345
1728014400000,0.15674,0.15719,0.1563,0.15706,45328896
1728028800000,0.15707,0.15761,0.15684,0.15746,46944399
1728043200000,0.15747,0.15755,0.15663,0.15733,81108498
1728057600000,0.15733,0.15736,0.15638,0.15675,47205030
1728072000000,0.15674,0.15677,0.15633,0.1564,32380137
1728086400000,0.1564,0.15651,0.15513,0.15513,52757399
1728100800000,0.15513,0.15517,0.15433,0.15436,57536556
1728115200000,0.15436,0.15472,0.15366,0.15401,59206371
1728129600000,0.15402,0.15409,0.15368,0.15384,36608372
1728144000000,0.15383,0.15389,0.15344,0.15356,41047563
1728158400000,0.15357,0.15376,0.15338,0.15339,28809820
1728172800000,0.15339,0.15364,0.15299,0.15306,38915304
1728187200000,0.15306,0.15335,0.15302,0.15315,29930247
1728201600000,0.15314,0.15436,0.15314,0.15413,40307501
1728216000000,0.15412,0.15461,0.15404,0.15446,43581576
1728230400000,0.15445,0.15469,0.15419,0.15419,27251676
1728244800000,0.15419,0.15449,0.15387,0.15424,34756470
1728259200000,0.15425,0.1546,0.15377,0.15398,62803650
1728273600000,0.15397,0.15454,0.15376,0.15442,42635532
1728288000000,0.15442,0.15578,0.15428,0.15568,84346709
1728302400000,0.15569,0.15644,0.15539,0.15602,88222274
1728316800000,0.15603,0.15651,0.15578,0.15633,57028117
1728331200000,0.15632,0.15669,0.15573,0.15582,64890795
1728345600000,0.15581,0.15692,0.15563,0.15619,65946640
1728360000000,0.1562,0.15635,0.15554,0.15597,55954006
1728374400000,0.15598,0.15665,0.15554,0.15651,56179314
1728388800000,0.15651,0.15752,0.15605,0.15751,92370580
1728403200000,0.15752,0.15991,0.15747,0.15979,133286873
1728417600000,0.1598,0.16056,0.15967,0.16002,95226981
1728432000000,0.16003,0.16056,0.1594,0.16001,68393044
1728446400000,0.16,0.16022,0.15964,0.16016,53323790
1728460800000,0.16016,0.16058,0.15987,0.16035,56566961
1728475200000,0.16036,0.16208,0.16012,0.16165,123233311
1728489600000,0.16165,0.16194,0.16044,0.16069,68055743
1728504000000,0.16068,0.1609,0.15997,0.16052,72491724
1728518400000,0.16052,0.16067,0.15932,0.15932,64873409
1728532800000,0.15932,0.15991,0.15921,0.15944,43998427
1728547200000,0.15944,0.16002,0.15902,0.15978,63519117
1728561600000,0.15977,0.1602,0.15942,0.15982,66585287
1728576000000,0.15983,0.15992,0.15854,0.15873,71519663
1728590400000,0.15872,0.15917,0.15858,0.15873,45656472
1728604800000,0.15873,0.1591,0.158,0.15808,50269127
1728619200000,0.15808,0.15913,0.15804,0.15886,39198036
1728633600000,0.15887,0.15979,0.15875,0.15976,42226095
1728648000000,0.15977,0.1611,0.15956,0.16105,82988315
1728662400000,0.16105,0.16149,0.16038,0.16068,61575917
1728676800000,0.16069,0.16071,0.15953,0.15973,48644274
1728691200000,0.15972,0.1599,0.15897,0.15982,56713863
1728705600000,0.15981,0.1623,0.15978,0.16229,73703420
1728720000000,0.16229,0.16395,0.16228,0.16366,84260190
1728734400000,0.16366,0.16405,0.16278,0.16295,51692127
1728748800000,0.16294,0.16329,0.16274,0.16308,38674585
1728763200000,0.16307,0.16313,0.16242,0.16243,30701231
1728777600000,0.16242,0.16262,0.16179,0.16261,43126859
1728792000000,0.16261,0.16272,0.16215,0.16269,29127973
1728806400000,0.16269,0.16316,0.16231,0.16262,40054830
1728820800000,0.16262,0.16349,0.16251,0.16316,51848448
1728835200000,0.16317,0.16335,0.1623,0.16241,49656418
1728849600000,0.1624,0.16273,0.16218,0.16254,30499735
1728864000000,0.16254,0.16299,0.16169,0.16288,76640354
1728878400000,0.16288,0.16317,0.16022,0.16031,103721246
1728892800000,0.16031,0.16048,0.15958,0.15975,76570880
1728907200000,0.15976,0.1607,0.15967,0.16018,105332873
1728921600000,0.16017,0.16131,0.15985,0.16045,98466793
1728936000000,0.16045,0.16092,0.1603,0.16046,55078455
1728950400000,0.16047,0.16051,0.15908,0.15912,81842060
1728964800000,0.15911,0.15925,0.15839,0.15841,60244784
1728979200000,0.15841,0.1589,0.15762,0.1579,71396639
1728993600000,0.15791,0.15921,0.15747,0.158,139779740
1729008000000,0.158,0.15868,0.15798,0.15852,54059789
1729022400000,0.15853,0.15894,0.15823,0.15869,38428388
1729036800000,0.15869,0.15934,0.15836,0.15916,48811425
1729051200000,0.15916,0.15949,0.15868,0.15905,50751720
1729065600000,0.15906,0.15963,0.15904,0.15945,55961709
1729080000000,0.15946,0.16008,0.15904,0.15966,79053491
1729094400000,0.15966,0.16035,0.15931,0.15973,50630944
1729108800000,0.15972,0.16019,0.15972,0.16004,27032510
1729123200000,0.16004,0.16023,0.15978,0.16008,30523209
1729137600000,0.16009,0.16027,0.15986,0.16019,36748719
1729152000000,0.16018,0.16058,0.15956,0.15987,60518823
1729166400000,0.15988,0.16008,0.15957,0.16003,51815247
1729180800000,0.16003,0.16006,0.15922,0.15959,39418739
1729195200000,0.15959,0.16014,0.15898,0.15935,34774835
1729209600000,0.15935,0.15941,0.15863,0.15872,48017147
1729224000000,0.15872,0.15929,0.15868,0.15903,35125847
1729238400000,0.15903,0.15913,0.15879,0.15885,28503375
1729252800000,0.15886,0.15918,0.15879,0.15903,39107397
1729267200000,0.15904,0.15944,0.15885,0.15894,31342717
1729281600000,0.15895,0.15913,0.1581,0.15831,32624972
1729296000000,0.1583,0.15855,0.15814,0.15836,34807562
1729310400000,0.15836,0.15837,0.1579,0.15794,32287855
1729324800000,0.15794,0.15821,0.15758,0.15759,45775490
1729339200000,0.15758,0.15787,0.15716,0.15778,55688288
1729353600000,0.15777,0.15778,0.15603,0.15679,83186083
1729368000000,0.15679,0.15731,0.1566,0.15666,22941135
1729382400000,0.15665,0.15674,0.1559,0.15626,30671611
1729396800000,0.15626,0.15652,0.15603,0.15638,21811426
1729411200000,0.15638,0.15647,0.15611,0.1564,19261990
1729425600000,0.15639,0.15686,0.15606,0.15654,42422148
1729440000000,0.15655,0.15667,0.1563,0.15635,20072999
1729454400000,0.15634,0.15686,0.15633,0.15664,39221713
1729468800000,0.15664,0.15686,0.15501,0.15574,64923316
1729483200000,0.15574,0.15675,0.15567,0.15657,38854044
1729497600000,0.15656,0.15784,0.15655,0.15756,59289734
1729512000000,0.15756,0.15784,0.15693,0.15784,71349651
1729526400000,0.15784,0.15872,0.15783,0.15858,62286811
1729540800000,0.15859,0.15874,0.15825,0.15829,33503806
1729555200000,0.15828,0.15883,0.15743,0.15807,74148000
1729569600000,0.15808,0.15968,0.15801,0.15951,67135660
1729584000000,0.15952,0.15986,0.15911,0.15981,68870137
1729598400000,0.15981,0.16024,0.15944,0.16013,69665255
1729612800000,0.16014,0.16046,0.15986,0.16043,55526580
1729627200000,0.16044,0.16077,0.1601,0.16032,36626974
1729641600000,0.16033,0.16062,0.16011,0.16057,42449556
1729656000000,0.16058,0.16071,0.15999,0.16007,46848582
1729670400000,0.16008,0.16042,0.15947,0.15975,52073782
1729684800000,0.15975,0.16044,0.15961,0.15995,47959880
1729699200000,0.15996,0.16006,0.15918,0.15992,58081350
1729713600000,0.15992,0.16047,0.15967,0.16033,37283324
1729728000000,0.16034,0.16249,0.16032,0.1624,94348738
1729742400000,0.16241,0.16368,0.16231,0.16314,91884841
1729756800000,0.16313,0.16364,0.1627,0.16354,69792292
1729771200000,0.16353,0.16392,0.16326,0.1637,58424130
1729785600000,0.16371,0.16512,0.1637,0.16436,92529314
1729800000000,0.16437,0.16519,0.16437,0.16465,35141191
1729814400000,0.16464,0.16599,0.16464,0.16589,65049672
1729828800000,0.16589,0.1663,0.16519,0.16553,88827572
1729843200000,0.16555,0.16673,0.16479,0.16662,105095923
1729857600000,0.16662,0.16698,0.16595,0.16627,73921359
1729872000000,0.16627,0.16672,0.16417,0.16481,173031211
1729886400000,0.16481,0.16527,0.16175,0.16255,180186240
1729900800000,0.16254,0.16399,0.16234,0.16395,90599637
1729915200000,0.16396,0.16469,0.16387,0.16461,51822286
1729929600000,0.16462,0.16549,0.16462,0.16498,40804044
1729944000000,0.16498,0.16529,0.16382,0.16385,72288050
1729958400000,0.16385,0.16469,0.16383,0.1645,34812094
1729972800000,0.16451,0.16535,0.16442,0.16515,29135110
1729987200000,0.16515,0.16634,0.16514,0.16618,58858357
1730001600000,0.16617,0.16626,0.16566,0.16602,37706369
1730016000000,0.16602,0.16611,0.16532,0.16562,34151650
1730030400000,0.16561,0.16615,0.16526,0.16577,50065786
1730044800000,0.16576,0.16578,0.1645,0.1648,54899859
1730059200000,0.16479,0.16479,0.16388,0.16392,45852286
1730073600000,0.16393,0.16407,0.16321,0.16324,48479090
1730088000000,0.16324,0.164,0.16308,0.16394,52830511
1730102400000,0.16393,0.16422,0.16355,0.16358,37095015
1730116800000,0.16358,0.16397,0.16336,0.16344,54404251
1730131200000,0.16344,0.16429,0.16323,0.16398,52587281
1730145600000,0.16383,0.1645,0.16383,0.16414,27741205
1730160000000,0.16414,0.16468,0.16399,0.16435,41177902
1730174400000,0.16435,0.16446,0.16397,0.16417,28313235
1730188800000,0.16417,0.1645,0.16394,0.16421,34275178
1730203200000,0.16421,0.1673,0.164,0.16544,205894501
1730217600000,0.16545,0.16594,0.16505,0.16537,69952780
1730232000000,0.16537,0.16638,0.16515,0.16637,51286866
1730246400000,0.16638,0.16704,0.16598,0.16701,34398656
1730260800000,0.16701,0.16808,0.1668,0.16783,53028252
1730275200000,0.16784,0.16829,0.16779,0.16799,59054194
1730289600000,0.16799,0.16933,0.16767,0.16878,102361230
1730304000000,0.16878,0.16985,0.1687,0.1696,57797683
1730318400000,0.16961,0.16991,0.16919,0.16936,69104253
1730332800000,0.16936,0.16999,0.16906,0.16913,37165752
1730347200000,0.16914,0.16986,0.1691,0.16943,37384347
1730361600000,0.16944,0.17068,0.16923,0.17022,71033071
1730376000000,0.17022,0.17045,0.16817,0.16852,126338445
1730390400000,0.16852,0.16895,0.1677,0.16777,69912348
1730404800000,0.16778,0.1687,0.16764,0.16854,45334645
1730419200000,0.16854,0.16888,0.16762,0.16807,55720084
1730433600000,0.16806,0.16843,0.16682,0.16701,66330379
1730448000000,0.16701,0.16754,0.16672,0.1673,46992205
1730462400000,0.16731,0.16803,0.1661,0.16632,107646872
1730476800000,0.16632,0.16729,0.166,0.16709,67569669
1730491200000,0.16709,0.16763,0.16691,0.16737,30963683
1730505600000,0.16736,0.16775,0.16715,0.16719,26188411
1730520000000,0.1672,0.16767,0.16713,0.16753,19917471
1730534400000,0.16754,0.1676,0.16713,0.1672,20866874
1730548800000,0.1672,0.1672,0.16605,0.16617,58039896
1730563200000,0.16617,0.16639,0.16577,0.16617,34528736
1730577600000,0.16616,0.16626,0.16581,0.16607,16256724
1730592000000,0.16606,0.16613,0.16359,0.16405,90154833
1730606400000,0.16404,0.16435,0.16386,0.16394,25244609
1730620800000,0.16394,0.1644,0.16386,0.1639,28415207
1730635200000,0.1639,0.16401,0.16305,0.16376,64882244
1730649600000,0.16376,0.1648,0.1636,0.16477,72421847
1730664000000,0.16477,0.16544,0.16449,0.16515,43266288
1730678400000,0.16516,0.16564,0.16446,0.16545,67379961
1730692800000,0.16546,0.16579,0.16494,0.16499,46828851
1730707200000,0.16498,0.16561,0.16488,0.16522,47901939
1730721600000,0.16522,0.16544,0.16401,0.16422,67047521
1730736000000,0.16422,0.16423,0.16342,0.16349,53320507
1730750400000,0.16349,0.1635,0.16245,0.16279,75449613
1730764800000,0.16279,0.16321,0.16228,0.16249,66568851
1730779200000,0.16249,0.16271,0.16211,0.16225,47136265
1730793600000,0.16226,0.16247,0.1615,0.16158,64366147
1730808000000,0.16158,0.16245,0.16105,0.16169,95356543
1730822400000,0.16169,0.16223,0.16015,0.16024,141148426
1730836800000,0.16024,0.16032,0.15958,0.15996,71659976
1730851200000,0.15996,0.16265,0.15982,0.1623,170461172
1730865600000,0.1623,0.16299,0.1618,0.16255,131663978
1730880000000,0.16255,0.16324,0.16148,0.16309,114403709
1730894400000,0.16309,0.1641,0.16291,0.16313,93109861
1730908800000,0.16313,0.16366,0.16308,0.16349,48651501
1730923200000,0.16348,0.16348,0.16218,0.16239,55317005
1730937600000,0.16239,0.16295,0.16138,0.1627,99032718
1730952000000,0.16269,0.1627,0.16072,0.16087,86433377
1730966400000,0.16087,0.16107,0.16023,0.16029,53336022
1730980800000,0.16028,0.16041,0.15939,0.16005,81433960
1730995200000,0.16005,0.16116,0.15977,0.16012,100621008
1731009600000,0.16012,0.1605,0.1598,0.16001,43593498
1731024000000,0.16001,0.16053,0.15978,0.15998,40410424
1731038400000,0.15999,0.16088,0.15998,0.16079,33382965
1731052800000,0.16079,0.16159,0.16055,0.16122,56775326
1731067200000,0.16123,0.16188,0.1607,0.16114,88269106
1731081600000,0.16114,0.16145,0.16022,0.16079,59421150
1731096000000,0.16079,0.16104,0.16054,0.16089,26141674
1731110400000,0.16089,0.1609,0.15965,0.15969,37037339
1731124800000,0.15969,0.1605,0.15967,0.16012,44337402
1731139200000,0.16011,0.1608,0.15994,0.16069,40236180
1731153600000,0.16068,0.16072,0.16004,0.16028,37249652
1731168000000,0.16028,0.1607,0.1598,0.16066,35291917
1731182400000,0.16065,0.16218,0.16061,0.16204,57286935
1731196800000,0.16205,0.16216,0.16122,0.16191,62957478
1731211200000,0.16191,0.16485,0.16189,0.1646,145706152
1731225600000,0.1646,0.16592,0.1646,0.16574,91497853
1731240000000,0.16573,0.16646,0.16491,0.16579,141791488
1731254400000,0.16578,0.16687,0.16451,0.16491,139468786
1731268800000,0.16492,0.16494,0.16246,0.16399,149480179
1731283200000,0.16399,0.16594,0.16395,0.16591,93337978
1731297600000,0.16591,0.16611,0.1633,0.16424,112091025
1731312000000,0.16425,0.16524,0.16424,0.16515,67011147
1731326400000,0.16515,0.16583,0.16435,0.16544,123201075
1731340800000,0.16545,0.16683,0.16544,0.1667,151324087
1731355200000,0.16671,0.16805,0.16647,0.16794,129755887
1731369600000,0.16794,0.16871,0.16653,0.1687,119980893
1731384000000,0.1687,0.16882,0.16711,0.16829,109472275
1731398400000,0.16829,0.18503,0.1644,0.17673,874132581
1731412800000,0.17673,0.17958,0.17472,0.1795,324758811
1731427200000,0.17949,0.18876,0.17706,0.1879,381703954
1731441600000,0.1879,0.1905,0.18475,0.18753,203531384
1731456000000,0.18754,0.19245,0.1782,0.17826,323736126
1731470400000,0.17824,0.18074,0.17357,0.17803,299506806
1731484800000,0.17803,0.17805,0.17472,0.17585,159131063
1731499200000,0.17582,0.18153,0.17502,0.18135,233048288
1731513600000,0.18134,0.18208,0.17503,0.1756,203021397
1731528000000,0.1756,0.17727,0.17403,0.17716,132192472
1731542400000,0.17716,0.1794,0.17685,0.17854,112323968
1731556800000,0.17856,0.18312,0.17823,0.18014,124264419
1731571200000,0.18014,0.18335,0.17887,0.18063,161573618
1731585600000,0.18062,0.18533,0.17729,0.17786,242630651
1731600000000,0.17786,0.17955,0.1774,0.17889,76171398
1731614400000,0.1789,0.18078,0.1756,0.17646,132046370
1731628800000,0.17646,0.17865,0.17594,0.17849,91007496
1731643200000,0.1785,0.17997,0.17612,0.17932,115496476
1731657600000,0.17932,0.18424,0.1786,0.18406,166633256
1731672000000,0.18407,0.19023,0.1834,0.18391,314777802
1731686400000,0.18392,0.1898,0.18315,0.1878,151701974
1731700800000,0.18779,0.19169,0.18743,0.19141,107825842
1731715200000,0.19141,0.19385,0.18907,0.19013,117469367
1731729600000,0.19013,0.19233,0.18815,0.19141,104051189
1731744000000,0.1914,0.19871,0.19044,0.19833,177874756
1731758400000,0.19834,0.20495,0.19759,0.1994,295137935
1731772800000,0.19939,0.20492,0.19883,0.20332,146794081
1731787200000,0.20331,0.20332,0.1997,0.20032,100625795
1731801600000,0.20032,0.20161,0.19237,0.19533,186971083
1731816000000,0.19534,0.19771,0.19454,0.19708,76959841
1731830400000,0.19708,0.19794,0.19417,0.19422,69250398
1731844800000,0.19422,0.19742,0.19419,0.19682,76674221
1731859200000,0.19683,0.19848,0.1959,0.19733,76736942
1731873600000,0.19734,0.20033,0.19664,0.19963,104627109
1731888000000,0.19963,0.20428,0.19962,0.20368,130722903
1731902400000,0.20368,0.20698,0.20279,0.20456,92065023
1731916800000,0.20456,0.20553,0.20017,0.20046,109327602
1731931200000,0.20047,0.20596,0.1998,0.20553,143555127
1731945600000,0.20553,0.20728,0.20148,0.20291,122871169
1731960000000,0.20289,0.20388,0.20151,0.2022,63645809
1731974400000,0.20219,0.20535,0.20163,0.20477,59333028
1731988800000,0.20478,0.2066,0.20295,0.2052,73712278
1732003200000,0.20521,0.20688,0.202,0.20501,124848897
1732017600000,0.20501,0.20553,0.20104,0.20187,93846100
1732032000000,0.20187,0.20369,0.20145,0.20223,65899509
1732046400000,0.20222,0.20251,0.19836,0.19966,95757601
1732060800000,0.19967,0.19967,0.19541,0.1964,78565763
1732075200000,0.19641,0.19827,0.19575,0.1977,48912972
1732089600000,0.19771,0.19902,0.19732,0.19776,49873771
1732104000000,0.19776,0.19999,0.19594,0.19823,105232750
1732118400000,0.19822,0.19843,0.19314,0.1941,143506659
1732132800000,0.1941,0.19646,0.19371,0.19471,59075936
1732147200000,0.1947,0.19677,0.19296,0.19525,101786996
1732161600000,0.19524,0.19871,0.19524,0.19865,84267324
1732176000000,0.19865,0.19937,0.19769,0.19915,67809096
1732190400000,0.19915,0.20166,0.19689,0.19819,165173703
1732204800000,0.19819,0.20057,0.19801,0.1989,93003274
1732219200000,0.19889,0.19934,0.19763,0.19874,62463576
1732233600000,0.19874,0.20181,0.19777,0.20078,100047946
1732248000000,0.20078,0.20139,0.19809,0.1982,73915748
1732262400000,0.1982,0.19998,0.198,0.19992,55026671
1732276800000,0.19992,0.20081,0.19678,0.20019,184591567
1732291200000,0.20019,0.20161,0.19901,0.20054,95078171
1732305600000,0.20054,0.2051,0.20048,0.20504,107405902
1732320000000,0.20504,0.20941,0.20496,0.20675,140034072
1732334400000,0.20676,0.21025,0.20635,0.20905,98600736
1732348800000,0.20906,0.21716,0.20905,0.21582,193796317
1732363200000,0.21581,0.22519,0.21581,0.21829,288111764
1732377600000,0.21829,0.2188,0.21137,0.2126,232461725
1732392000000,0.21261,0.21354,0.20939,0.21218,130837799
1732406400000,0.2122,0.21581,0.21197,0.21549,93502598
1732420800000,0.21549,0.21735,0.21387,0.21728,99708945
1732435200000,0.21728,0.21748,0.207,0.20708,202144495
1732449600000,0.20708,0.20834,0.20032,0.20167,319745960
1732464000000,0.20168,0.20665,0.20076,0.205,135212746
1732478400000,0.205,0.20927,0.20461,0.2088,89175976
1732492800000,0.20879,0.20902,0.20592,0.20865,101779314
1732507200000,0.20864,0.20988,0.20822,0.20939,73596816
1732521600000,0.20939,0.21264,0.20928,0.21036,104417639
1732536000000,0.21036,0.21108,0.19511,0.2001,416923267
1732550400000,0.2001,0.20052,0.19605,0.19842,149243892
1732564800000,0.19842,0.19925,0.19371,0.19589,143528780
1732579200000,0.19587,0.1994,0.19489,0.19824,100603057
1732593600000,0.19823,0.20101,0.19731,0.19811,97905306
1732608000000,0.1981,0.1982,0.18601,0.1897,325816647
1732622400000,0.18969,0.19231,0.18774,0.19052,192503866
1732636800000,0.19052,0.19346,0.18822,0.19188,191132929
1732651200000,0.19189,0.19486,0.19123,0.19451,115965185
1732665600000,0.19451,0.197,0.19334,0.19634,125449239
1732680000000,0.19634,0.20047,0.19618,0.20025,73659963
1732694400000,0.20025,0.20067,0.1986,0.2003,87532309
1732708800000,0.20029,0.20251,0.1983,0.20195,100510369
1732723200000,0.20198,0.20212,0.19953,0.20074,78193180
1732737600000,0.20074,0.20195,0.20054,0.2011,57789776
1732752000000,0.2011,0.20272,0.19881,0.19995,100283096
1732766400000,0.19996,0.20138,0.19911,0.19936,55490422
1732780800000,0.19936,0.20208,0.19556,0.20057,152540089
1732795200000,0.20056,0.20288,0.19962,0.1997,101399855
1732809600000,0.19971,0.20365,0.1997,0.20279,74871558
1732824000000,0.2028,0.20387,0.20193,0.20345,49705128
1732838400000,0.20346,0.20374,0.20191,0.20202,59260650
1732852800000,0.20202,0.2022,0.20071,0.20077,48417338
1732867200000,0.20077,0.2038,0.20075,0.2036,51492154
1732881600000,0.20359,0.2074,0.20353,0.20519,103218096
1732896000000,0.2052,0.20599,0.20316,0.20445,59224252
1732910400000,0.20446,0.20534,0.20413,0.20446,37948890
1732924800000,0.20447,0.20447,0.20241,0.20371,55992666
1732939200000,0.20371,0.206,0.20354,0.20593,58592561
1732953600000,0.20592,0.20602,0.20288,0.20389,65647269
1732968000000,0.20388,0.20611,0.20388,0.20578,63412160
1732982400000,0.20578,0.20664,0.2051,0.2065,48340515
1732996800000,0.20649,0.20739,0.20485,0.20491,46394513
1733011200000,0.20491,0.20591,0.20202,0.20381,87867574
1733025600000,0.20381,0.20643,0.20339,0.20587,48030972
1733040000000,0.20587,0.2096,0.20584,0.20949,81946095
1733054400000,0.20949,0.20992,0.20779,0.20894,63453960
1733068800000,0.20895,0.20933,0.20624,0.2075,67009802
1733083200000,0.20748,0.20836,0.20551,0.20737,81241449
1733097600000,0.20737,0.21256,0.20653,0.20871,169049530
1733112000000,0.20871,0.21174,0.20636,0.21148,178641019
1733126400000,0.21149,0.21154,0.20315,0.20579,298740803
1733140800000,0.20579,0.21309,0.20534,0.21276,218511994
1733155200000,0.21276,0.21445,0.2087,0.21416,251769165
1733169600000,0.21416,0.22143,0.21394,0.22136,195471526
1733184000000,0.22135,0.22708,0.22123,0.2249,282066079
1733198400000,0.22491,0.23596,0.22453,0.22796,356131864
1733212800000,0.22798,0.24033,0.22797,0.24005,428163021
1733227200000,0.24005,0.2885,0.22742,0.25869,1824892647
1733241600000,0.25866,0.31168,0.2555,0.30598,1847929783
1733256000000,0.30595,0.45,0.29763,0.43347,3613637004
1733270400000,0.43336,0.4509,0.36735,0.38924,2397559675
1733284800000,0.3892,0.43437,0.383,0.39183,2078633556
1733299200000,0.39185,0.39981,0.37252,0.38907,1472570517
1733313600000,0.38906,0.38973,0.35005,0.35147,1775283483
1733328000000,0.35147,0.36198,0.32222,0.34324,1582235785
1733342400000,0.34324,0.34677,0.32286,0.33084,802123400
1733356800000,0.33085,0.34498,0.31335,0.31676,1326568842
1733371200000,0.31675,0.33486,0.31538,0.33423,676443327
1733385600000,0.33422,0.34028,0.32818,0.34022,488529814
1733400000000,0.34021,0.34685,0.32463,0.33109,768866423
1733414400000,0.33109,0.3356,0.32134,0.32353,545283710
1733428800000,0.32353,0.32682,0.31278,0.32269,525799044
1733443200000,0.32268,0.32505,0.31892,0.32291,250203608
1733457600000,0.32292,0.32992,0.3226,0.32635,279884294
1733472000000,0.32635,0.32961,0.31433,0.31558,423627628
1733486400000,0.31556,0.32036,0.3085,0.3184,507544817
1733500800000,0.3184,0.31983,0.31554,0.31912,203476245
1733515200000,0.31911,0.32699,0.31889,0.32585,227139586
1733529600000,0.32585,0.32926,0.32221,0.32374,287024757
1733544000000,0.32373,0.3363,0.3233,0.32495,369901804
1733558400000,0.32496,0.325,0.31728,0.32126,229628587
1733572800000,0.32126,0.32282,0.31825,0.32281,138648324
1733587200000,0.3228,0.32299,0.31685,0.31781,156590347
1733601600000,0.31782,0.32083,0.31748,0.31908,81562864
1733616000000,0.31908,0.32375,0.31809,0.32152,126618563
1733630400000,0.32152,0.32196,0.31444,0.3164,155554652
1733644800000,0.31639,0.31674,0.30676,0.31397,254007895
1733659200000,0.31397,0.31801,0.31161,0.31758,154366376
1733673600000,0.31758,0.319,0.31464,0.31743,120794476
1733688000000,0.31743,0.3194,0.31646,0.31866,60031578
1733702400000,0.31867,0.32164,0.30553,0.30898,268730254
1733716800000,0.30895,0.30998,0.30122,0.30477,239855034
1733731200000,0.30477,0.30522,0.2924,0.29398,377853076
1733745600000,0.29397,0.30307,0.29022,0.29191,361415690
1733760000000,0.29191,0.29783,0.29058,0.2937,138043599
1733774400000,0.2937,0.29443,0.2371,0.26273,1286612167
1733788800000,0.26267,0.26883,0.24367,0.25207,511896037
1733803200000,0.25208,0.2646,0.24782,0.26422,266186323
1733817600000,0.26426,0.27985,0.26236,0.27349,392938767
1733832000000,0.27348,0.27418,0.25677,0.25705,436878694
1733846400000,0.25712,0.26211,0.24862,0.26073,455381013
1733860800000,0.26073,0.27496,0.25953,0.26934,256832011
1733875200000,0.26934,0.27132,0.26107,0.26935,291916516
1733889600000,0.26935,0.27523,0.2681,0.2683,167347153
1733904000000,0.2683,0.27608,0.26756,0.27328,133769857
1733918400000,0.27328,0.28535,0.27312,0.28524,297576157
1733932800000,0.28525,0.28744,0.27706,0.28069,193893256
1733947200000,0.28068,0.28367,0.27863,0.28205,101427602
1733961600000,0.28205,0.29157,0.28001,0.28908,206761847
1733976000000,0.28908,0.29731,0.28858,0.29355,227807720
1733990400000,0.29359,0.30823,0.29324,0.29565,542582205
1734004800000,0.29566,0.30591,0.29566,0.29928,362222066
1734019200000,0.29925,0.30972,0.29324,0.29464,372681075
1734033600000,0.29467,0.30136,0.29391,0.29672,213014756
1734048000000,0.29672,0.30232,0.29065,0.29254,253198010
1734062400000,0.29254,0.29283,0.28432,0.28632,195442907
1734076800000,0.28631,0.28995,0.285,0.28682,151108545
1734091200000,0.28682,0.29255,0.28452,0.28484,209123239
1734105600000,0.28485,0.29016,0.28352,0.28899,175215733
1734120000000,0.289,0.29106,0.28722,0.29061,75592851
1734134400000,0.2906,0.29362,0.28959,0.29149,81017510
1734148800000,0.2915,0.29548,0.2915,0.2944,84070309
1734163200000,0.2944,0.29767,0.29256,0.29486,114815110
1734177600000,0.29487,0.29577,0.28004,0.28305,271723421
1734192000000,0.28304,0.28481,0.27817,0.28109,137382492
1734206400000,0.28109,0.28287,0.27759,0.28224,84493070
1734220800000,0.28225,0.28353,0.27748,0.27954,91538124
1734235200000,0.27954,0.2828,0.27502,0.27674,100744045
1734249600000,0.27674,0.28269,0.2766,0.28188,77195464
1734264000000,0.28188,0.28678,0.28052,0.28468,97234916
1734278400000,0.28467,0.28611,0.28274,0.28407,53677884
1734292800000,0.28407,0.2866,0.27703,0.28556,148669614
1734307200000,0.28559,0.28943,0.28043,0.28186,160948602
1734321600000,0.28186,0.28559,0.28126,0.28421,70455423
1734336000000,0.2842,0.28506,0.2769,0.27722,127051349
1734350400000,0.27723,0.28284,0.27629,0.28207,130287453
1734364800000,0.28208,0.30128,0.28176,0.29877,577954297
1734379200000,0.29877,0.3049,0.29509,0.29668,286481516
1734393600000,0.29667,0.29781,0.28963,0.2946,292650933
1734408000000,0.2946,0.29527,0.28871,0.28946,119129423
1734422400000,0.28947,0.29617,0.28899,0.29362,210282064
1734436800000,0.29362,0.29754,0.28086,0.28376,366478913
1734451200000,0.28374,0.28856,0.28257,0.28557,125420200
1734465600000,0.28557,0.28679,0.27722,0.27949,140950016
1734480000000,0.27952,0.28135,0.27532,0.27551,148884949
1734494400000,0.2755,0.27578,0.26969,0.2726,179370584
1734508800000,0.27257,0.27597,0.27144,0.27505,76073047
1734523200000,0.27506,0.27521,0.26966,0.27241,128230571
1734537600000,0.27241,0.27684,0.26718,0.26727,183171187
1734552000000,0.26726,0.26819,0.25347,0.25776,480846047
1734566400000,0.25777,0.26219,0.25186,0.26203,346543941
1734580800000,0.26203,0.2651,0.26138,0.26457,109273509
1734595200000,0.26457,0.26631,0.26262,0.26578,103169652
1734609600000,0.26577,0.26601,0.25703,0.26079,207265770
1734624000000,0.26078,0.26257,0.24586,0.24852,482506095
1734638400000,0.24854,0.25337,0.24337,0.25091,278534572
1734652800000,0.25091,0.2545,0.2488,0.25249,196066494
1734667200000,0.25249,0.25369,0.24531,0.24945,167979315
1734681600000,0.24945,0.24976,0.22385,0.22421,573710949
1734696000000,0.22422,0.24404,0.22416,0.24322,327256478
1734710400000,0.24322,0.24822,0.2427,0.24748,151927540
1734724800000,0.24752,0.24895,0.24401,0.24855,121306584
1734739200000,0.24855,0.24953,0.24784,0.24861,72458972
1734753600000,0.24861,0.25602,0.24827,0.25512,110674105
1734768000000,0.25512,0.25536,0.25023,0.25117,144510048
1734782400000,0.25117,0.25122,0.24221,0.24614,245517632
1734796800000,0.24615,0.24637,0.24173,0.24341,158030703
1734811200000,0.24341,0.24616,0.24253,0.24484,126302201
1734825600000,0.24484,0.24676,0.24324,0.24605,125879159
1734840000000,0.24602,0.2462,0.24131,0.24517,134835454
1734854400000,0.24517,0.24937,0.24516,0.24789,94051095
1734868800000,0.24788,0.25082,0.24387,0.24569,165539869
1734883200000,0.2457,0.24772,0.24289,0.24314,96097831
1734897600000,0.24314,0.24547,0.24127,0.24409,137598450
1734912000000,0.24409,0.24885,0.24095,0.24851,221452172
1734926400000,0.24852,0.25026,0.24472,0.24723,154264287
1734940800000,0.24722,0.25027,0.24682,0.24938,92457206
1734955200000,0.24939,0.25128,0.24709,0.24738,151396792
1734969600000,0.2474,0.25137,0.24709,0.24986,123791787
1734984000000,0.24986,0.25363,0.24952,0.25239,119619865
1734998400000,0.25238,0.25329,0.25004,0.25216,95368977
1735012800000,0.25215,0.25294,0.25082,0.25106,54056404
1735027200000,0.25106,0.25247,0.25058,0.25222,60181888
1735041600000,0.25222,0.25873,0.25156,0.25843,169765230
1735056000000,0.25843,0.25947,0.25586,0.25586,102697964
1735070400000,0.25586,0.2567,0.25404,0.25626,82742733
1735084800000,0.25626,0.25732,0.25525,0.2564,101839209
1735099200000,0.2564,0.25793,0.25577,0.25614,63526460
1735113600000,0.25614,0.25877,0.2558,0.25638,75179038
1735128000000,0.25638,0.2576,0.25531,0.25649,86223550
1735142400000,0.2565,0.25817,0.25538,0.25809,75487730
1735156800000,0.25809,0.25839,0.25595,0.25797,64894210
1735171200000,0.25797,0.25897,0.25614,0.25705,88703371
1735185600000,0.25705,0.25718,0.25363,0.25427,90817422
1735200000000,0.25427,0.25455,0.24934,0.25231,164214649
1735214400000,0.2523,0.25291,0.25049,0.25163,95712785
1735228800000,0.25161,0.25298,0.25047,0.25257,85609100
1735243200000,0.25256,0.25402,0.25169,0.25373,90458578
1735257600000,0.25373,0.25625,0.25273,0.25606,97199759
1735272000000,0.25607,0.26007,0.25599,0.25618,209917490
1735286400000,0.25617,0.26426,0.25603,0.26316,172812195
1735300800000,0.26316,0.26543,0.25831,0.25902,198142074
1735315200000,0.25902,0.26166,0.257,0.2601,109220866
1735329600000,0.2601,0.26076,0.25802,0.25923,70756259
1735344000000,0.25923,0.26328,0.25917,0.26105,114279507
1735358400000,0.26106,0.26135,0.2581,0.25822,60968688
1735372800000,0.25823,0.25922,0.25782,0.25893,52833090
1735387200000,0.25894,0.25928,0.25656,0.25673,103637704
1735401600000,0.25672,0.25846,0.25641,0.2574,53790353
1735416000000,0.25741,0.2588,0.257,0.25821,41178617
1735430400000,0.2582,0.26053,0.25642,0.25936,82231374
1735444800000,0.25935,0.26287,0.25903,0.26286,89511400
1735459200000,0.26286,0.26342,0.25994,0.26009,87371716
1735473600000,0.26009,0.26252,0.25928,0.26219,89042722
1735488000000,0.26222,0.26224,0.25853,0.26017,84146743
1735502400000,0.26016,0.26032,0.25647,0.25776,101200534
1735516800000,0.25776,0.25981,0.25682,0.25893,88938444
1735531200000,0.25893,0.2591,0.25714,0.25823,74116535
1735545600000,0.25822,0.25855,0.25538,0.25691,75557234
1735560000000,0.2569,0.2575,0.25045,0.25089,166972854
1735574400000,0.25089,0.25526,0.25026,0.25515,107752146
1735588800000,0.25514,0.25652,0.25072,0.25339,154469201
1735603200000,0.25338,0.25338,0.25108,0.25248,79146419
1735617600000,0.25248,0.25333,0.25176,0.25308,53687778
1735632000000,0.25309,0.25619,0.25308,0.25567,93470314
1735646400000,0.25567,0.25768,0.25562,0.25655,78896367
1735660800000,0.25655,0.25689,0.25376,0.25513,81120878
1735675200000,0.25513,0.25555,0.25413,0.25456,33305381
1735689600000,0.25456,0.25627,0.25443,0.25599,41850323
1735704000000,0.256,0.25616,0.25506,0.25543,34884133
1735718400000,0.25542,0.25556,0.25268,0.25378,62480836
1735732800000,0.25377,0.25607,0.25343,0.25508,65694438
1735747200000,0.25507,0.25652,0.254,0.25588,73093864
1735761600000,0.25587,0.25616,0.25529,0.25588,38026659
1735776000000,0.25588,0.25826,0.25563,0.25765,69774279
1735790400000,0.25765,0.25937,0.25756,0.2585,60022287
1735804800000,0.2585,0.26265,0.25834,0.26236,91689991
1735819200000,0.26236,0.26573,0.26173,0.26379,200634070
1735833600000,0.26379,0.26698,0.26194,0.26454,128279189
1735848000000,0.26455,0.26595,0.26395,0.26531,73767462
1735862400000,0.26531,0.26894,0.26488,0.2664,125934139
1735876800000,0.26641,0.26648,0.26082,0.26131,105077797
1735891200000,0.26132,0.26341,0.26077,0.26307,71578551
1735905600000,0.26306,0.26822,0.26277,0.2681,111202169
1735920000000,0.26809,0.27083,0.26767,0.27047,108219137
1735934400000,0.27046,0.27143,0.2687,0.2702,75169512
1735948800000,0.2702,0.27031,0.26737,0.26802,94353264
1735963200000,0.26803,0.26902,0.26636,0.26889,69747318
1735977600000,0.26889,0.26899,0.26676,0.26831,71846900
1735992000000,0.2683,0.2733,0.26813,0.26905,181577814
1736006400000,0.26906,0.27437,0.26881,0.2694,124952568
1736020800000,0.2694,0.27075,0.2689,0.26963,46429166
1736035200000,0.26964,0.26974,0.26536,0.26609,93314146
1736049600000,0.26609,0.26674,0.265,0.26597,51952125
1736064000000,0.26598,0.26598,0.26221,0.26286,94068869
1736078400000,0.26285,0.26384,0.26098,0.26271,81399226
1736092800000,0.26271,0.26317,0.26147,0.26239,59011965
1736107200000,0.26239,0.26311,0.26207,0.26254,38865395
1736121600000,0.26253,0.26433,0.25931,0.26381,125841311
1736136000000,0.26381,0.26634,0.26329,0.2636,77635715
1736150400000,0.26359,0.2643,0.26178,0.26359,63234323
1736164800000,0.26359,0.26757,0.26341,0.26747,123306390
1736179200000,0.26749,0.26987,0.26562,0.26859,141293385
1736193600000,0.26858,0.26935,0.26755,0.26843,57483019
1736208000000,0.26842,0.27045,0.26793,0.26958,77269290
1736222400000,0.2696,0.27174,0.26957,0.27009,85702349
1736236800000,0.2701,0.27078,0.26799,0.26902,84758290
1736251200000,0.26903,0.27087,0.25584,0.25841,338568514
1736265600000,0.25841,0.2594,0.2533,0.25382,157438703
1736280000000,0.25381,0.25522,0.25188,0.25236,121380652
1736294400000,0.25235,0.25491,0.25051,0.25134,141508092
1736308800000,0.25135,0.25171,0.24605,0.24919,168643421
1736323200000,0.24918,0.25061,0.24778,0.24898,99306529
1736337600000,0.24898,0.25237,0.24848,0.25209,127916710
1736352000000,0.25209,0.2522,0.24396,0.24832,269318670
1736366400000,0.24833,0.25067,0.24765,0.25045,75690385
1736380800000,0.25044,0.25142,0.24692,0.24739,85989828
1736395200000,0.24736,0.24791,0.24285,0.24295,92644849
1736409600000,0.24295,0.24564,0.24255,0.24472,102133948
1736424000000,0.24472,0.24523,0.23938,0.24501,203892006
1736438400000,0.24502,0.24587,0.23919,0.23919,173757037
1736452800000,0.23919,0.24059,0.23636,0.24005,134245181
1736467200000,0.24004,0.2413,0.23952,0.24103,63205763
1736481600000,0.24104,0.24428,0.24008,0.243,75390062
1736496000000,0.24299,0.24345,0.24186,0.24257,55496384
1736510400000,0.24257,0.24286,0.23718,0.24017,186940911
1736524800000,0.24017,0.24463,0.23926,0.24446,113822650
1736539200000,0.24446,0.2447,0.24348,0.24442,46740021
1736553600000,0.24442,0.2445,0.24249,0.24263,36168713
1736568000000,0.24263,0.24329,0.24212,0.24254,31677537
1736582400000,0.24255,0.24295,0.2417,0.24275,36915690
1736596800000,0.24275,0.24298,0.24141,0.24149,37620410
1736611200000,0.24148,0.24192,0.24027,0.2407,44801030
1736625600000,0.24071,0.24335,0.24035,0.2408,63168229
1736640000000,0.24079,0.24117,0.24014,0.24051,40228634
1736654400000,0.24052,0.24058,0.23799,0.23868,44196221
1736668800000,0.23868,0.23883,0.23571,0.23704,54047487
1736683200000,0.23706,0.23827,0.23662,0.23794,56919297
1736697600000,0.23794,0.23821,0.23534,0.23557,45697199
1736712000000,0.23556,0.23573,0.23135,0.23342,62534700
1736726400000,0.23342,0.23723,0.22807,0.2291,184369411
1736740800000,0.22907,0.23094,0.22583,0.22696,118269687
1736755200000,0.22696,0.22708,0.21659,0.21667,208154296
1736769600000,0.21667,0.22358,0.21664,0.22281,326642805
1736784000000,0.22282,0.22294,0.2173,0.21996,235815791
1736798400000,0.21995,0.22408,0.21921,0.22276,144327378
1736812800000,0.22276,0.22362,0.22186,0.22315,70882502
1736827200000,0.22316,0.22498,0.22239,0.22241,58830889
1736841600000,0.2224,0.2269,0.2224,0.22464,96575000
1736856000000,0.22464,0.22579,0.22325,0.22371,97790396
1736870400000,0.22371,0.22372,0.22136,0.22146,98505311
1736884800000,0.22145,0.22196,0.22021,0.22073,86299229
1736899200000,0.22072,0.22318,0.2203,0.22241,88356096
1736913600000,0.22241,0.22547,0.22163,0.22535,72351001
1736928000000,0.22534,0.2258,0.2219,0.22311,110131540
1736942400000,0.22311,0.23238,0.22259,0.23196,223537544
1736956800000,0.23196,0.23752,0.23095,0.23745,192377100
1736971200000,0.23745,0.2382,0.2342,0.23795,153097570
1736985600000,0.23795,0.23813,0.23268,0.23428,132486763
1737000000000,0.2343,0.23849,0.23407,0.23722,90973925
1737014400000,0.23723,0.23882,0.2325,0.23875,172410858
1737028800000,0.23874,0.24096,0.23375,0.23847,287731978
1737043200000,0.23847,0.24096,0.23806,0.24033,105748451
1737057600000,0.24033,0.24103,0.23607,0.23702,76837422
1737072000000,0.23702,0.24256,0.23702,0.24168,98489813
1737086400000,0.24168,0.24506,0.24092,0.24403,80436023
1737100800000,0.24403,0.24765,0.24374,0.24686,84737491
1737115200000,0.24686,0.24773,0.24449,0.2472,114590965
1737129600000,0.2472,0.24912,0.2457,0.24701,97679687
1737144000000,0.247,0.24942,0.24677,0.24875,65696282
1737158400000,0.24875,0.268,0.24771,0.2492,864743905
1737172800000,0.24918,0.24983,0.24025,0.24109,276094978
1737187200000,0.24109,0.24258,0.23799,0.24233,194824949
1737201600000,0.24233,0.24549,0.24088,0.24393,185008920
1737216000000,0.24394,0.24428,0.23917,0.24162,170632224
1737230400000,0.24162,0.24259,0.23964,0.24223,62643197
1737244800000,0.24224,0.24666,0.24176,0.24609,137241080
1737259200000,0.24609,0.24624,0.24036,0.24074,130713652
1737273600000,0.24073,0.24076,0.22803,0.22946,401337394
1737288000000,0.22946,0.24272,0.22881,0.24055,371051749
1737302400000,0.24055,0.2448,0.24026,0.2448,114276482
1737316800000,0.2448,0.24512,0.22572,0.22858,553814668
1737331200000,0.22859,0.23009,0.22361,0.22928,337855389
1737345600000,0.22929,0.24376,0.22828,0.24091,301408561
1737360000000,0.24092,0.2428,0.23881,0.24221,189167861
1737374400000,0.24221,0.25741,0.23532,0.24411,1039294594
1737388800000,0.2441,0.24557,0.23329,0.24258,424889087
1737403200000,0.24258,0.2426,0.23701,0.23809,136492310
1737417600000,0.23809,0.23987,0.23484,0.23983,205878674
1737432000000,0.23983,0.24105,0.23587,0.23968,202590841
1737446400000,0.23968,0.24177,0.23719,0.24137,139934374
1737460800000,0.24137,0.24303,0.239,0.24097,172687744
1737475200000,0.24096,0.24482,0.2406,0.24248,156763032
1737489600000,0.24248,0.247,0.24214,0.2448,207121590
1737504000000,0.24479,0.25181,0.24472,0.25003,235169474
1737518400000,0.25003,0.252,0.24917,0.25046,124332825
1737532800000,0.25046,0.25318,0.24806,0.25276,159811722
1737547200000,0.25276,0.25786,0.25171,0.25591,257963318
1737561600000,0.25591,0.25851,0.25488,0.25658,143866288
1737576000000,0.25659,0.25693,0.25236,0.25374,139527853
1737590400000,0.25374,0.25478,0.24971,0.25094,169793459
1737604800000,0.25093,0.251,0.2458,0.24728,138118743
1737619200000,0.24728,0.24848,0.24442,0.24609,125555523
1737633600000,0.24609,0.25112,0.24386,0.2504,274745673
1737648000000,0.25041,0.2518,0.2466,0.24756,180765557
1737662400000,0.24756,0.25329,0.24683,0.25263,213934442
1737676800000,0.25262,0.25364,0.25016,0.2527,129525233
1737691200000,0.25271,0.25898,0.25215,0.25833,165057664
1737705600000,0.25834,0.2595,0.25666,0.25805,103843366
1737720000000,0.25804,0.26154,0.257,0.25827,163756145
1737734400000,0.25827,0.25961,0.25678,0.25693,89407246
1737748800000,0.25693,0.25717,0.25365,0.25422,96598772
1737763200000,0.25422,0.25753,0.2536,0.25724,96835643
1737777600000,0.25725,0.25783,0.25489,0.25527,88982367
1737792000000,0.25528,0.25672,0.25414,0.25449,73482603
1737806400000,0.25448,0.25566,0.25422,0.2551,61290960
1737820800000,0.2551,0.25536,0.25307,0.25356,66757665
1737835200000,0.25355,0.25408,0.25282,0.25327,49104448
1737849600000,0.25327,0.25332,0.25119,0.25287,74652352
1737864000000,0.25287,0.25419,0.25265,0.253,54801663
1737878400000,0.25301,0.25301,0.25036,0.25172,74408091
1737892800000,0.25171,0.25231,0.25057,0.25117,43423755
1737907200000,0.25117,0.25293,0.25081,0.25219,40901001
1737921600000,0.25218,0.25234,0.24593,0.24598,134312009
1737936000000,0.24599,0.24689,0.24084,0.24319,204156309
1737950400000,0.24319,0.2432,0.23199,0.23554,213747744
1737964800000,0.23554,0.23876,0.23352,0.2377,192706719
1737979200000,0.23771,0.2447,0.23741,0.24427,185344202
1737993600000,0.24428,0.24523,0.24112,0.24316,161356178
1738008000000,0.24315,0.24664,0.24314,0.24647,92378840
1738022400000,0.24648,0.24718,0.24446,0.24632,70697965
1738036800000,0.24632,0.24805,0.2462,0.24746,60015966
1738051200000,0.24746,0.24833,0.24643,0.24709,62745377
1738065600000,0.2471,0.24743,0.24459,0.24612,96987125
1738080000000,0.24612,0.24618,0.24276,0.24355,75609488
1738094400000,0.24356,0.24394,0.23824,0.23975,118524735
1738108800000,0.23975,0.24299,0.23962,0.24214,85599176
1738123200000,0.24214,0.24346,0.24177,0.24333,39784602
1738137600000,0.24333,0.24378,0.24101,0.24111,60369240
1738152000000,0.24111,0.24124,0.23724,0.23808,103936447
1738166400000,0.23808,0.24092,0.23566,0.23997,145179952
1738180800000,0.23996,0.24275,0.23865,0.23996,133494625
1738195200000,0.23997,0.24587,0.23885,0.24581,97450524
1738209600000,0.24581,0.24668,0.24464,0.24594,59767051
1738224000000,0.24595,0.24862,0.24518,0.24854,60830678
1738238400000,0.24855,0.2509,0.24765,0.25041,100650409
1738252800000,0.25043,0.25272,0.25042,0.25235,83457784
1738267200000,0.25235,0.25288,0.2505,0.25186,80317429
1738281600000,0.25185,0.25423,0.25104,0.25182,119432605
1738296000000,0.25181,0.255,0.25093,0.25369,96501672
1738310400000,0.25369,0.25527,0.25331,0.25433,69451391
1738324800000,0.25433,0.25817,0.25386,0.25776,143471902
1738339200000,0.25777,0.25811,0.25357,0.25421,117726834
1738353600000,0.25421,0.25451,0.25288,0.25361,68683970
1738368000000,0.25361,0.25634,0.25303,0.25534,79200808
1738382400000,0.25534,0.25656,0.25483,0.25522,55132036
1738396800000,0.25521,0.25529,0.25052,0.2542,113521247
1738411200000,0.25421,0.25522,0.25291,0.25384,65023462
1738425600000,0.25385,0.25408,0.24914,0.24931,95656459
1738440000000,0.24931,0.24932,0.24369,0.24406,137407436
1738454400000,0.24407,0.24624,0.23994,0.24,157998025
1738468800000,0.24001,0.24321,0.23973,0.24132,92652458
1738483200000,0.24133,0.24348,0.23923,0.23932,102719021
1738497600000,0.23933,0.24085,0.23752,0.23903,135397728
1738512000000,0.23904,0.23905,0.22551,0.23002,479157923
1738526400000,0.23006,0.23263,0.22091,0.22547,347613100
1738540800000,0.22548,0.22554,0.19887,0.21424,929746533
1738555200000,0.21427,0.22252,0.20941,0.22248,245632637
1738569600000,0.22247,0.22329,0.21869,0.22232,169383274
1738584000000,0.22232,0.22626,0.21499,0.22526,503665127
1738598400000,0.2253,0.22885,0.22423,0.22879,177234034
1738612800000,0.22879,0.23002,0.22583,0.22854,143454760
1738627200000,0.22853,0.22941,0.22503,0.2256,115151749
1738641600000,0.22561,0.22629,0.21572,0.21661,313456538
1738656000000,0.21661,0.22312,0.21565,0.22223,210727990
1738670400000,0.22225,0.22511,0.22149,0.22368,239787239
1738684800000,0.22368,0.22873,0.22301,0.22495,159871753
1738699200000,0.22495,0.22589,0.22095,0.22436,230318840
1738713600000,0.22437,0.22543,0.22322,0.22484,96135353
1738728000000,0.22484,0.22517,0.22236,0.22501,92039957
1738742400000,0.225,0.2268,0.22457,0.22666,76779158
1738756800000,0.22666,0.22713,0.22309,0.22466,100505893
1738771200000,0.22467,0.2251,0.22133,0.22313,122588657
1738785600000,0.22314,0.22352,0.22131,0.2223,70426596
1738800000000,0.22229,0.22487,0.22112,0.22456,95210153
1738814400000,0.22455,0.22757,0.22453,0.22659,85581396
1738828800000,0.22659,0.2328,0.22573,0.23208,158549559
1738843200000,0.23208,0.23235,0.22618,0.22681,197150652
1738857600000,0.2268,0.22872,0.22671,0.22801,131437657
1738872000000,0.22802,0.23233,0.2278,0.23148,134585668
1738886400000,0.23148,0.23456,0.23087,0.23308,116972650
1738900800000,0.23308,0.23382,0.22716,0.22767,116355392
1738915200000,0.22767,0.22886,0.22714,0.2284,99174297
1738929600000,0.2284,0.23244,0.22771,0.23099,170436217
1738944000000,0.231,0.23482,0.23016,0.23297,108874613
1738958400000,0.23296,0.23306,0.22762,0.22992,109502849
1738972800000,0.22992,0.23189,0.22834,0.22882,84824029
1738987200000,0.22882,0.23272,0.22872,0.23218,76503974
1739001600000,0.23218,0.23444,0.23089,0.23293,114607357
1739016000000,0.23293,0.23356,0.22905,0.23031,89907604
1739030400000,0.23031,0.23222,0.22967,0.23143,49067729
1739044800000,0.23144,0.23294,0.23083,0.2311,43783127
1739059200000,0.2311,0.23448,0.2307,0.23423,66607363
1739073600000,0.23423,0.23549,0.23209,0.23546,66320250
1739088000000,0.23546,0.23746,0.23307,0.23496,89185217
1739102400000,0.23497,0.23718,0.2342,0.23669,73817846
1739116800000,0.2367,0.23764,0.23497,0.23557,62546255
1739131200000,0.23556,0.23706,0.23096,0.2321,114396076
1739145600000,0.23211,0.23355,0.22761,0.23062,142777546
1739160000000,0.23063,0.23417,0.23018,0.23416,84584301
1739174400000,0.23416,0.2389,0.23416,0.23817,126951932
1739188800000,0.23818,0.23945,0.23596,0.23915,99973770
1739203200000,0.23914,0.24395,0.23909,0.24307,85853375
1739217600000,0.24307,0.24679,0.24304,0.24616,92176080
1739232000000,0.24616,0.24843,0.24592,0.24739,97063977
1739246400000,0.2474,0.24828,0.24481,0.24668,79069944
1739260800000,0.24668,0.24911,0.24456,0.24832,99167240
1739275200000,0.24833,0.24879,0.24408,0.24539,99263950
1739289600000,0.24539,0.24563,0.23984,0.24059,91159663
1739304000000,0.24058,0.24301,0.24031,0.24078,58762754
1739318400000,0.24079,0.24126,0.23885,0.2389,65994948
1739332800000,0.2389,0.23984,0.23555,0.23927,85130251
1739347200000,0.23927,0.24337,0.23915,0.24274,101991490
1739361600000,0.24273,0.24495,0.23886,0.24278,185368321
1739376000000,0.24278,0.24554,0.24243,0.24311,95329510
1739390400000,0.24312,0.24418,0.24259,0.24319,62804546
1739404800000,0.24319,0.24421,0.24062,0.24111,79099470
1739419200000,0.24111,0.24132,0.2381,0.24018,80871993
1739433600000,0.24017,0.24094,0.23485,0.23625,101888162
1739448000000,0.23625,0.23765,0.2343,0.23621,108024252
1739462400000,0.2362,0.2362,0.23354,0.23402,69738643
1739476800000,0.23403,0.23603,0.23345,0.23395,39584241
1739491200000,0.23394,0.23667,0.23336,0.23647,58157195
1739505600000,0.23647,0.23653,0.23078,0.23139,92763735
1739520000000,0.23139,0.23362,0.23066,0.23169,101764535
1739534400000,0.23166,0.23223,0.22967,0.2316,85179822
1739548800000,0.23161,0.23573,0.23104,0.23386,107426840
1739563200000,0.23387,0.23398,0.22985,0.23138,81973756
1739577600000,0.23137,0.2327,0.23004,0.23245,49706424
1739592000000,0.23244,0.23396,0.23174,0.23215,57972151
1739606400000,0.23215,0.23352,0.23206,0.23344,42970681
1739620800000,0.23344,0.23715,0.23342,0.23577,91907765
1739635200000,0.23576,0.23735,0.23551,0.23647,72425762
1739649600000,0.23648,0.238,0.23566,0.2374,44175724
1739664000000,0.2374,0.23824,0.23529,0.23581,58533128
1739678400000,0.23581,0.2395,0.23565,0.23892,73650960
1739692800000,0.23893,0.24006,0.23734,0.23892,81807894
1739707200000,0.23893,0.2427,0.23867,0.24192,89330767
1739721600000,0.24193,0.24362,0.24171,0.24273,73902194
1739736000000,0.24273,0.24387,0.24214,0.24223,52802985
1739750400000,0.24222,0.24374,0.23933,0.24029,76205091
1739764800000,0.24029,0.24574,0.24012,0.2443,100012770
1739779200000,0.24431,0.24692,0.24363,0.24655,95775438
1739793600000,0.24655,0.24758,0.24278,0.24281,105123185
1739808000000,0.24282,0.24342,0.23892,0.2397,118167344
1739822400000,0.2397,0.24043,0.23817,0.23861,39036668
1739836800000,0.23862,0.24118,0.23703,0.24075,81375574
1739851200000,0.24076,0.24081,0.23641,0.23854,86371951
1739865600000,0.23852,0.24036,0.23521,0.2356,106954201
1739880000000,0.23561,0.23743,0.23274,0.2332,99537526
1739894400000,0.2332,0.23508,0.23218,0.23398,78039313
1739908800000,0.23399,0.23971,0.23391,0.23911,81315671
1739923200000,0.23911,0.24382,0.23911,0.24382,122386429
1739937600000,0.24381,0.24403,0.24166,0.24311,77320986
1739952000000,0.24311,0.24366,0.24218,0.24318,47313648
1739966400000,0.24318,0.24355,0.24081,0.24217,64588505
1739980800000,0.24217,0.24346,0.24209,0.24298,47763271
1739995200000,0.24298,0.24339,0.24191,0.24218,31941732
1740009600000,0.24217,0.24227,0.24074,0.24083,49188026
1740024000000,0.24083,0.24084,0.23747,0.23843,72462811
1740038400000,0.23843,0.23977,0.23784,0.23932,70998851
1740052800000,0.23931,0.24168,0.23904,0.24126,71766851
1740067200000,0.24128,0.24541,0.24122,0.2451,90774724
1740081600000,0.24509,0.24774,0.24501,0.24618,75055465
1740096000000,0.24619,0.24906,0.24604,0.24864,78807980
1740110400000,0.24863,0.25063,0.24754,0.24787,91296077
1740124800000,0.24787,0.24948,0.24765,0.24853,60779910
1740139200000,0.24853,0.24893,0.24272,0.24387,120711463
1740153600000,0.24389,0.24494,0.23554,0.23621,192075901
1740168000000,0.23624,0.23777,0.23527,0.23775,83780639
1740182400000,0.23776,0.2396,0.23695,0.23816,71457064
1740196800000,0.23816,0.23889,0.2371,0.23791,43816128
1740211200000,0.23791,0.23799,0.23627,0.23686,61709652
1740225600000,0.23686,0.23773,0.23523,0.23612,62836967
1740240000000,0.23612,0.23933,0.23418,0.23906,95462146
1740254400000,0.23906,0.23933,0.23529,0.23923,66219301
1740268800000,0.23924,0.24165,0.23773,0.24119,87223489
1740283200000,0.24119,0.243,0.24088,0.24241,61550010
1740297600000,0.24241,0.24315,0.24134,0.24221,68327837
1740312000000,0.24222,0.24372,0.24159,0.24324,58433819
1740326400000,0.24324,0.24596,0.24266,0.2444,85094771
1740340800000,0.2444,0.24623,0.24411,0.24594,53575081
1740355200000,0.24593,0.24634,0.24215,0.24259,83429015
1740369600000,0.24259,0.24707,0.24143,0.24665,94195943
1740384000000,0.24666,0.24842,0.24476,0.24805,152277284
1740398400000,0.24805,0.24903,0.2442,0.24589,149208589
1740412800000,0.24589,0.2481,0.24475,0.24545,90541534
1740427200000,0.24545,0.24827,0.23901,0.23987,215244294
1740441600000,0.23987,0.24401,0.23739,0.24225,269502674
1740456000000,0.24225,0.24308,0.22921,0.23104,333720241
1740470400000,0.23104,0.23389,0.22663,0.23113,264828320
1740484800000,0.23114,0.23174,0.22686,0.22833,206689762
1740499200000,0.22833,0.22882,0.22504,0.22875,219601992
1740513600000,0.22875,0.23383,0.22844,0.2306,157271088
1740528000000,0.23061,0.23179,0.2268,0.22982,151831545
1740542400000,0.22982,0.23063,0.22795,0.2299,96442340
1740556800000,0.2299,0.23137,0.22877,0.2289,84369472
1740571200000,0.2289,0.23058,0.22657,0.22937,135411920
1740585600000,0.22938,0.23011,0.22242,0.22391,208275723
1740600000000,0.2239,0.23188,0.22299,0.22704,328414497
1740614400000,0.22704,0.22805,0.22529,0.22733,105811043
1740628800000,0.22734,0.22901,0.22666,0.22851,48155980
1740643200000,0.2285,0.22957,0.22781,0.22955,62178395
1740657600000,0.22955,0.22971,0.22712,0.22786,82579474
1740672000000,0.22785,0.22874,0.22691,0.2271,59116239
1740686400000,0.22711,0.22854,0.22529,0.22841,73769654
1740700800000,0.22842,0.22876,0.21771,0.21789,246018203
1740715200000,0.21788,0.22065,0.21669,0.21953,192867013
1740729600000,0.21953,0.22541,0.21739,0.22389,182678920
1740744000000,0.22389,0.22924,0.22384,0.2288,120267509
1740758400000,0.2288,0.23155,0.22813,0.23056,117054165
1740772800000,0.23056,0.23341,0.23018,0.23325,85836847
1740787200000,0.23324,0.23642,0.23296,0.23542,81264228
1740801600000,0.23541,0.23671,0.23399,0.23638,62920185
1740816000000,0.23639,0.2373,0.23216,0.233,76162115
1740830400000,0.233,0.2335,0.23025,0.23239,75048850
1740844800000,0.23238,0.23245,0.22975,0.23201,75011481
1740859200000,0.23201,0.23444,0.23138,0.23395,44603643
1740873600000,0.23395,0.23443,0.23232,0.23235,45544720
1740888000000,0.23234,0.23415,0.23233,0.2331,28749180
1740902400000,0.23311,0.23351,0.23188,0.23276,36370318
1740916800000,0.23277,0.23974,0.23238,0.23934,117580290
1740931200000,0.23934,0.24764,0.23881,0.24403,291617098
1740945600000,0.24403,0.24525,0.2432,0.24401,64928850
1740960000000,0.244,0.24423,0.24073,0.2418,94587298
1740974400000,0.24181,0.24288,0.23819,0.24109,98985174
1740988800000,0.24108,0.24318,0.2391,0.2431,91734733
1741003200000,0.2431,0.24557,0.24047,0.24163,142390287
1741017600000,0.24163,0.24337,0.22808,0.22868,271698407
1741032000000,0.22869,0.23197,0.22713,0.23103,138991510
1741046400000,0.23103,0.23277,0.22645,0.23015,207499202
1741060800000,0.23016,0.23423,0.23005,0.23281,94220660
1741075200000,0.23281,0.23843,0.23217,0.23507,130972743
1741089600000,0.23506,0.23733,0.23241,0.23682,214908342
1741104000000,0.23681,0.24219,0.23156,0.24145,201357427
1741118400000,0.24145,0.24289,0.24084,0.24252,87841494
1741132800000,0.24252,0.24555,0.24114,0.24117,99524193
1741147200000,0.24117,0.24252,0.24109,0.24148,41029446
1741161600000,0.24147,0.24429,0.24042,0.24275,95837113
1741176000000,0.24276,0.24384,0.24222,0.24296,80618635
1741190400000,0.24295,0.24447,0.2428,0.24369,55551590
1741204800000,0.24369,0.24491,0.24326,0.24347,34920294
1741219200000,0.24347,0.24465,0.24265,0.24421,60712821
1741233600000,0.2442,0.24662,0.2441,0.24522,76657132
1741248000000,0.24521,0.24678,0.24055,0.24143,113104211
1741262400000,0.24143,0.24229,0.24,0.24167,77576339
1741276800000,0.24167,0.24172,0.23879,0.23972,62254698
1741291200000,0.23973,0.24144,0.23964,0.23993,41921501
1741305600000,0.23994,0.24059,0.23481,0.23754,147422335
1741320000000,0.23754,0.24095,0.23737,0.2406,56263228
1741334400000,0.2406,0.24264,0.2405,0.24248,60620100
1741348800000,0.24249,0.24674,0.24232,0.2453,129105650
1741363200000,0.24531,0.24622,0.24314,0.24542,103166823
1741377600000,0.24543,0.24629,0.24299,0.24348,94961422
1741392000000,0.24348,0.24635,0.2434,0.24616,89785728
1741406400000,0.24616,0.2496,0.24543,0.24855,102682642
1741420800000,0.24855,0.25097,0.24414,0.24437,190263897
1741435200000,0.24438,0.24712,0.24426,0.24606,72704445
1741449600000,0.24606,0.24721,0.24486,0.24506,53085207
1741464000000,0.24505,0.24541,0.24359,0.24366,42313535
1741478400000,0.24365,0.24405,0.24111,0.24231,60607794
1741492800000,0.24231,0.24288,0.24084,0.24162,43155851
1741507200000,0.24162,0.24196,0.23987,0.24086,53144206
1741521600000,0.24086,0.24278,0.23997,0.24038,81339316
1741536000000,0.24039,0.24189,0.23368,0.23602,171816628
1741550400000,0.23602,0.23698,0.23154,0.23192,88412806
1741564800000,0.23195,0.23548,0.23081,0.23348,108847217
1741579200000,0.23348,0.23551,0.2329,0.2338,52483949
1741593600000,0.23381,0.23758,0.23117,0.23722,134697426
1741608000000,0.23722,0.23798,0.22972,0.23495,179160752
1741622400000,0.23495,0.23537,0.22681,0.22951,175921241
1741636800000,0.22951,0.23108,0.22868,0.22894,76501373
1741651200000,0.22895,0.23212,0.22571,0.23029,182909935
1741665600000,0.23029,0.23221,0.22926,0.23148,73352408
1741680000000,0.23148,0.23193,0.22867,0.22882,55185316
1741694400000,0.22881,0.22891,0.22232,0.22389,196501527
1741708800000,0.22389,0.22778,0.22313,0.22577,142649205
1741723200000,0.22577,0.22577,0.22406,0.22407,62200597
1741737600000,0.22407,0.22615,0.22287,0.22289,107019949
1741752000000,0.22289,0.22309,0.22139,0.22207,74649341
1741766400000,0.22206,0.22272,0.22011,0.22217,97005645
1741780800000,0.22217,0.2238,0.21963,0.22076,148495380
1741795200000,0.22076,0.2244,0.2206,0.22287,82900783
1741809600000,0.22287,0.2239,0.22252,0.22273,37616334
1741824000000,0.22273,0.22296,0.22179,0.22225,45956826
1741838400000,0.22225,0.22542,0.22221,0.22378,100957067
1741852800000,0.22378,0.22558,0.22308,0.22545,57719450
1741867200000,0.22545,0.22655,0.22493,0.22584,74991719
1741881600000,0.22584,0.22595,0.22297,0.2231,73493924
1741896000000,0.22309,0.22574,0.22258,0.225,98084307
1741910400000,0.225,0.22613,0.22482,0.22553,43240726
1741924800000,0.22553,0.226,0.22307,0.22319,39798966
1741939200000,0.22319,0.22363,0.22039,0.22127,88221017
1741953600000,0.22128,0.22342,0.22054,0.22217,79584780
1741968000000,0.22217,0.22257,0.22066,0.22122,84819752
1741982400000,0.22122,0.2225,0.22071,0.22231,38348274
1741996800000,0.2223,0.22504,0.22146,0.22258,145503005
1742011200000,0.22257,0.22316,0.22065,0.22075,36855304
1742025600000,0.22075,0.22469,0.21971,0.22405,90441199
1742040000000,0.22405,0.22414,0.22265,0.22283,37393628
1742054400000,0.22283,0.22292,0.22163,0.22178,31862884
1742068800000,0.22178,0.22234,0.22051,0.22136,61558919
1742083200000,0.22136,0.22148,0.21809,0.21987,109511754
1742097600000,0.21988,0.22115,0.21882,0.21885,45504716
1742112000000,0.21884,0.21892,0.21306,0.21325,107997731
1742126400000,0.21325,0.21571,0.21186,0.2153,134803182
1742140800000,0.2153,0.2172,0.2128,0.21292,97236284
1742155200000,0.21293,0.21333,0.21057,0.21172,61823485
1742169600000,0.21171,0.21355,0.21165,0.21222,72930858
1742184000000,0.21222,0.214,0.21084,0.214,65859452
1742198400000,0.21399,0.21564,0.21274,0.21461,90896646
1742212800000,0.21462,0.2196,0.21375,0.21877,117426493
1742227200000,0.21876,0.222,0.2174,0.21953,186318592
1742241600000,0.21953,0.22072,0.21932,0.22055,40985355
1742256000000,0.22054,0.22247,0.21981,0.2222,109599026
1742270400000,0.22221,0.22326,0.22158,0.22246,79160311
1742284800000,0.22245,0.22512,0.22244,0.22483,115536533
1742299200000,0.22484,0.22527,0.22287,0.22345,88340556
1742313600000,0.22344,0.23113,0.22344,0.23053,158482145
1742328000000,0.23053,0.23938,0.23051,0.23704,273073659
1742342400000,0.23704,0.24377,0.23437,0.23494,451047401
1742356800000,0.23493,0.23646,0.23134,0.23392,204772310
1742371200000,0.23393,0.2341,0.22912,0.2302,171219344
1742385600000,0.2302,0.23281,0.22941,0.23035,131181258
1742400000000,0.23035,0.23124,0.22863,0.22988,100069602
1742414400000,0.22988,0.23172,0.22935,0.23075,59345219
1742428800000,0.23075,0.23296,0.22932,0.23214,80565624
1742443200000,0.23214,0.23364,0.23013,0.2313,75190401
1742457600000,0.23131,0.23189,0.22832,0.22853,79572094
1742472000000,0.22854,0.23314,0.22836,0.23135,99371391
1742486400000,0.23135,0.23597,0.23011,0.23525,205233912
1742500800000,0.23526,0.23688,0.23358,0.23369,70646992
1742515200000,0.23368,0.23478,0.23124,0.23184,61609412
1742529600000,0.23183,0.23322,0.23026,0.23319,63182053
1742544000000,0.23318,0.23551,0.23241,0.23545,80938653
1742558400000,0.23545,0.23751,0.23457,0.23635,86750368
1742572800000,0.23635,0.2377,0.23486,0.23741,57021634
1742587200000,0.2374,0.2374,0.23281,0.23343,52221421
1742601600000,0.23344,0.23693,0.23268,0.23585,56522905
1742616000000,0.23585,0.2366,0.2342,0.23512,46035990
1742630400000,0.23513,0.23639,0.23305,0.23405,49685835
1742644800000,0.23406,0.23574,0.23369,0.23424,36904229
1742659200000,0.23424,0.23834,0.2337,0.23715,48638397
1742673600000,0.23715,0.23816,0.23658,0.23697,42254186
1742688000000,0.23696,0.24084,0.23684,0.23878,90833448
1742702400000,0.23878,0.24015,0.23831,0.23861,38375552
1742716800000,0.23862,0.23941,0.2338,0.23396,74404642
1742731200000,0.23396,0.2351,0.23211,0.23229,86840188
1742745600000,0.23228,0.23228,0.23029,0.23053,51974755
1742760000000,0.23053,0.23086,0.22946,0.2299,42471285
1742774400000,0.22991,0.22991,0.22487,0.22684,157564188
1742788800000,0.22683,0.22869,0.22663,0.22804,84644838
1742803200000,0.22803,0.22958,0.22766,0.22867,65103679
1742817600000,0.22867,0.23,0.22757,0.22953,84929436
1742832000000,0.22954,0.23004,0.22852,0.22879,42041747
1742846400000,0.22878,0.22912,0.22772,0.22796,37511751
1742860800000,0.22797,0.22797,0.22592,0.22649,62797819
1742875200000,0.22648,0.22752,0.22571,0.22749,38742413
1742889600000,0.22749,0.22779,0.22668,0.22708,38142459
1742904000000,0.22707,0.22803,0.2266,0.22697,48047398
1742918400000,0.22697,0.229,0.22691,0.22847,33935029
1742932800000,0.22847,0.2287,0.22626,0.22709,36526375
1742947200000,0.22709,0.22814,0.22659,0.22749,32204057
1742961600000,0.22751,0.22934,0.22742,0.22925,55383490
1742976000000,0.22925,0.23113,0.22852,0.23058,48485546
1742990400000,0.23058,0.23087,0.22756,0.22859,77515622
1743004800000,0.2286,0.23086,0.22839,0.22962,54507882
1743019200000,0.22961,0.23177,0.22956,0.23131,53559587
1743033600000,0.23132,0.2327,0.23053,0.23224,55467069
1743048000000,0.23225,0.23364,0.23145,0.23256,52692078
1743062400000,0.23256,0.23476,0.23255,0.23448,56006333
1743076800000,0.23449,0.23518,0.23134,0.23214,83740117
1743091200000,0.23214,0.23471,0.232,0.23391,48360633
1743105600000,0.23392,0.2353,0.23374,0.23499,28484813
1743120000000,0.23499,0.23502,0.23155,0.23275,57168980
1743134400000,0.23276,0.23374,0.22884,0.22947,71022140
1743148800000,0.22946,0.23147,0.22921,0.22982,54386646
1743163200000,0.22983,0.23255,0.22903,0.23178,64010153
1743177600000,0.23178,0.23386,0.23128,0.23337,52970524
1743192000000,0.23337,0.23476,0.23215,0.23227,37763534
1743206400000,0.23227,0.23393,0.2318,0.23308,49699413
1743220800000,0.23308,0.23449,0.23216,0.23266,63256841
1743235200000,0.23264,0.23524,0.23211,0.2329,89499888
1743249600000,0.23291,0.2349,0.23277,0.23473,60179164
1743264000000,0.23474,0.23582,0.23153,0.23331,98932011
1743278400000,0.2333,0.2341,0.23152,0.23152,52512582
1743292800000,0.23153,0.23268,0.22938,0.22968,84042431
1743307200000,0.22967,0.2328,0.22948,0.23163,57695255
1743321600000,0.23163,0.23236,0.23002,0.23034,46441031
1743336000000,0.23034,0.23113,0.22942,0.2304,38558734
1743350400000,0.23041,0.23271,0.23023,0.23156,46478663
1743364800000,0.23157,0.23268,0.23042,0.23174,45792451
1743379200000,0.23174,0.23388,0.23122,0.23242,64826609
1743393600000,0.23242,0.23357,0.23152,0.23198,48058515
1743408000000,0.23197,0.2336,0.2309,0.23342,57622668
1743422400000,0.23342,0.23829,0.23301,0.23733,101545233
1743436800000,0.23733,0.24016,0.23685,0.23904,76011906
1743451200000,0.23905,0.24011,0.23838,0.23868,43585117
1743465600000,0.23868,0.23911,0.2353,0.23682,68686717
1743480000000,0.23682,0.23793,0.23357,0.23409,62000858
1743494400000,0.23409,0.23564,0.23305,0.23375,102786343
1743508800000,0.23374,0.23642,0.23327,0.23592,72904147
1743523200000,0.23592,0.23725,0.2353,0.23674,37350998
1743537600000,0.23674,0.23825,0.2361,0.23773,35260924
1743552000000,0.23773,0.23934,0.2367,0.23718,71600352
1743566400000,0.23718,0.23853,0.23582,0.23605,61348989
1743580800000,0.23604,0.23992,0.23476,0.23804,95579620
1743595200000,0.23803,0.23862,0.23486,0.23746,151869405
1743609600000,0.23746,0.23944,0.23711,0.23887,60695496
1743624000000,0.23888,0.24018,0.23184,0.23392,174610767
1743638400000,0.23392,0.2375,0.23291,0.2374,70589441
1743652800000,0.2374,0.23855,0.23417,0.23458,48564567
1743667200000,0.23458,0.23484,0.23093,0.23201,94526445
1743681600000,0.23201,0.23463,0.23018,0.23412,103704356
1743696000000,0.23412,0.23639,0.23384,0.23566,61503856
1743710400000,0.23565,0.23824,0.23559,0.23815,44363937
1743724800000,0.23814,0.23947,0.2377,0.23943,54956243
1743739200000,0.23944,0.2403,0.23743,0.23837,63289316
1743753600000,0.23837,0.23947,0.23644,0.23848,86803267
1743768000000,0.23848,0.2418,0.23792,0.23984,128221558
1743782400000,0.23984,0.24067,0.23953,0.24002,39398898
1743796800000,0.24001,0.24004,0.23823,0.239,42752577
1743811200000,0.23899,0.23916,0.23763,0.23767,36747784
1743825600000,0.23767,0.23876,0.23561,0.23793,62643381
1743840000000,0.23794,0.23794,0.23602,0.23667,42106090
1743854400000,0.23667,0.23898,0.23615,0.23775,55266622
1743868800000,0.23776,0.23813,0.23684,0.23779,30298291
1743883200000,0.23779,0.2379,0.2372,0.23724,15690713
1743897600000,0.23724,0.23731,0.23541,0.23583,41911219
1743912000000,0.23583,0.23779,0.23533,0.23769,33885028
1743926400000,0.2377,0.23944,0.23741,0.23872,61452864
1743940800000,0.23872,0.23998,0.23853,0.23903,69234215
1743955200000,0.23904,0.2395,0.23265,0.23363,153497699
1743969600000,0.2336,0.2336,0.22809,0.22996,121161813
1743984000000,0.22997,0.23214,0.22565,0.22612,133921551
1743998400000,0.22611,0.22687,0.2207,0.22231,164930290
1744012800000,0.2223,0.22696,0.22201,0.22489,160507472
1744027200000,0.22489,0.22977,0.22467,0.22787,213392799
1744041600000,0.22786,0.22894,0.22653,0.22762,82278659
1744056000000,0.22762,0.22898,0.22761,0.22854,41828110
1744070400000,0.22855,0.23364,0.22848,0.2323,91800168
1744084800000,0.23231,0.2347,0.23198,0.23405,84030879
1744099200000,0.23406,0.23603,0.23371,0.23441,75268194
1744113600000,0.23441,0.23681,0.23322,0.23514,99714321
1744128000000,0.23513,0.23513,0.23,0.23085,133144842
1744142400000,0.23086,0.23276,0.22987,0.23044,59374692
1744156800000,0.23043,0.23116,0.22603,0.22734,146060093
1744171200000,0.22734,0.22947,0.22645,0.22939,84131832
1744185600000,0.22939,0.23067,0.22704,0.22769,92437027
1744200000000,0.22768,0.23214,0.22688,0.23016,105676370
1744214400000,0.23016,0.2366,0.23,0.23636,143864167
1744228800000,0.23636,0.23921,0.23635,0.23846,78504733
1744243200000,0.23846,0.23981,0.237,0.23846,91461899
1744257600000,0.23846,0.24415,0.23843,0.24085,153390280
1744272000000,0.24085,0.24198,0.23821,0.24148,90134838
1744286400000,0.24148,0.242,0.23446,0.23503,185802320
1744300800000,0.23503,0.23766,0.23444,0.2371,79418200
1744315200000,0.23711,0.23716,0.23598,0.23617,38675940
1744329600000,0.23616,0.2365,0.23449,0.23616,75509404
1744344000000,0.23617,0.23625,0.2344,0.23603,62546932
1744358400000,0.23604,0.23853,0.23557,0.23682,86797176
1744372800000,0.23683,0.23971,0.23669,0.23962,60624350
1744387200000,0.23963,0.24336,0.23931,0.24324,109377636
1744401600000,0.24323,0.24373,0.2422,0.24285,48758960
1744416000000,0.24284,0.2439,0.23999,0.24352,180660013
1744430400000,0.24353,0.24917,0.2434,0.24866,111909689
1744444800000,0.24866,0.25037,0.24793,0.25034,79762745
1744459200000,0.25034,0.25063,0.2489,0.25014,79036429
1744473600000,0.25014,0.25036,0.24594,0.24664,111068149
1744488000000,0.24664,0.24699,0.24578,0.24585,54796376
1744502400000,0.24585,0.24783,0.24552,0.24687,76526868
1744516800000,0.24686,0.24811,0.24623,0.248,53289905
1744531200000,0.248,0.24834,0.24555,0.2462,77753303
1744545600000,0.24619,0.25175,0.24607,0.25151,131147134
1744560000000,0.25149,0.2544,0.25142,0.25234,155521199
1744574400000,0.25233,0.25465,0.25195,0.25462,103298211
1744588800000,0.25461,0.25998,0.25421,0.25522,189133187
1744603200000,0.25521,0.25763,0.25514,0.25763,88247556
1744617600000,0.25762,0.25886,0.25572,0.25692,93653431
1744632000000,0.25693,0.25693,0.25219,0.253,153800016
1744646400000,0.25299,0.25355,0.25188,0.25247,70791733
1744660800000,0.25248,0.2525,0.25118,0.25199,60992791
1744675200000,0.252,0.25376,0.25083,0.25334,76643157
1744689600000,0.25334,0.25346,0.25108,0.25158,52544614
1744704000000,0.25157,0.25226,0.24702,0.24812,155958167
1744718400000,0.24813,0.24899,0.24665,0.24698,104783304
1744732800000,0.24698,0.25086,0.24689,0.25077,78952611
1744747200000,0.25077,0.25115,0.25001,0.25037,51530536
1744761600000,0.25038,0.25305,0.24966,0.25262,74374904
1744776000000,0.25261,0.25304,0.25121,0.2521,64912739
1744790400000,0.25209,0.25428,0.25167,0.25393,81405226
1744804800000,0.25393,0.25521,0.25306,0.2548,81158240
1744819200000,0.25479,0.25513,0.25006,0.2506,132182692
1744833600000,0.25061,0.25061,0.24727,0.24736,74397736
1744848000000,0.24736,0.24737,0.24359,0.24461,143509131
1744862400000,0.24461,0.24599,0.24395,0.24493,92559721
1744876800000,0.24492,0.24847,0.24404,0.24799,98105574
1744891200000,0.248,0.2486,0.24686,0.24848,78280061
1744905600000,0.24849,0.2505,0.24741,0.24798,94071784
1744920000000,0.24798,0.24913,0.24755,0.24763,34701665
1744934400000,0.24763,0.24785,0.24526,0.24649,45789571
1744948800000,0.24649,0.24649,0.24436,0.24454,56436008
1744963200000,0.24453,0.2464,0.24413,0.24477,56090584
1744977600000,0.24478,0.24478,0.24258,0.24277,75491455
1744992000000,0.24277,0.2435,0.24096,0.24134,119014533
1745006400000,0.24134,0.2414,0.23943,0.23963,52488066
1745020800000,0.23963,0.24221,0.23943,0.2417,71452237
1745035200000,0.2417,0.24191,0.24107,0.24174,31652449
1745049600000,0.24175,0.24265,0.24109,0.24246,48443626
1745064000000,0.24246,0.24375,0.24087,0.24108,59462791
1745078400000,0.24108,0.24282,0.24037,0.24262,47539779
1745092800000,0.24261,0.24456,0.24215,0.24392,35855069
1745107200000,0.24392,0.24537,0.2436,0.24409,55802816
1745121600000,0.24409,0.24415,0.24137,0.2415,49257320
1745136000000,0.24149,0.24489,0.24109,0.24439,72456298
1745150400000,0.24439,0.24583,0.24368,0.24472,73316774
1745164800000,0.24473,0.24679,0.24419,0.24628,49597381
1745179200000,0.24628,0.2467,0.24335,0.24356,47521589
1745193600000,0.24356,0.24691,0.24339,0.24487,97387634
1745208000000,0.24487,0.24567,0.24373,0.24547,66782071
1745222400000,0.24546,0.24562,0.24198,0.24243,84866285
1745236800000,0.24244,0.24376,0.24072,0.24347,87530743
1745251200000,0.24348,0.24554,0.24226,0.245,89286013
1745265600000,0.245,0.24666,0.245,0.24631,61430970
1745280000000,0.2463,0.24728,0.24545,0.24565,69632052
1745294400000,0.24565,0.24849,0.24565,0.24825,64559355
1745308800000,0.24826,0.24931,0.24442,0.24478,88778142
1745323200000,0.24477,0.24725,0.24347,0.24662,131087178
1745337600000,0.24663,0.24686,0.24489,0.24538,53619588
1745352000000,0.24538,0.25006,0.24441,0.24823,98218796
1745366400000,0.24822,0.2485,0.2462,0.24746,68844460
1745380800000,0.24746,0.24945,0.24551,0.24666,102058809
1745395200000,0.24666,0.24716,0.24482,0.2456,83310673
1745409600000,0.24559,0.24706,0.24307,0.24431,96656232
1745424000000,0.2443,0.24588,0.24387,0.24558,52032758
1745438400000,0.24558,0.24733,0.24558,0.24614,45990566
1745452800000,0.24612,0.24632,0.24333,0.24339,51690862
1745467200000,0.24339,0.24386,0.24222,0.24232,56941603
1745481600000,0.24232,0.2452,0.24168,0.24433,86172949
1745496000000,0.24435,0.24719,0.24403,0.24708,69926631
1745510400000,0.24707,0.2475,0.24556,0.24641,61044785
1745524800000,0.24641,0.24675,0.24516,0.2453,33769648
1745539200000,0.2453,0.24584,0.24283,0.24377,80080374
1745553600000,0.24378,0.2442,0.24259,0.24347,48736700
1745568000000,0.24347,0.24359,0.24186,0.24311,74628337
1745582400000,0.24312,0.24441,0.24236,0.24359,90459565
1745596800000,0.2436,0.24387,0.2421,0.24278,46379593
1745611200000,0.24277,0.24305,0.2399,0.24171,70733796
1745625600000,0.2417,0.24347,0.24153,0.24303,44311072
1745640000000,0.24303,0.24683,0.24296,0.24549,81708908
1745654400000,0.24549,0.25239,0.24507,0.25176,207033655
1745668800000,0.25176,0.25303,0.24936,0.2508,170989893
1745683200000,0.25081,0.25304,0.25081,0.25271,68558355
1745697600000,0.25272,0.25336,0.2516,0.25201,46073294
1745712000000,0.25201,0.25454,0.25029,0.25156,135487658
1745726400000,0.25156,0.25341,0.2501,0.25073,79075888
1745740800000,0.25073,0.25117,0.24875,0.24986,68837176
1745755200000,0.24986,0.24986,0.248,0.24889,57941515
1745769600000,0.24888,0.24969,0.24728,0.24746,44854668
1745784000000,0.24746,0.24752,0.24502,0.24513,67869965
1745798400000,0.24513,0.24568,0.24319,0.24418,93810052
1745812800000,0.24418,0.24749,0.24364,0.24707,91099418
1745827200000,0.24708,0.24723,0.24571,0.24686,82611231
1745841600000,0.24684,0.24692,0.24409,0.24502,79000967
1745856000000,0.24501,0.24793,0.24483,0.24737,62765920
1745870400000,0.24737,0.24835,0.24712,0.24824,42663182
1745884800000,0.24823,0.24988,0.24669,0.24781,70168883
1745899200000,0.24781,0.24789,0.24664,0.24691,35180840
1745913600000,0.24691,0.24787,0.24642,0.24701,42923620
1745928000000,0.247,0.247,0.2449,0.24497,61359939
1745942400000,0.24497,0.24621,0.24497,0.24597,32118223
1745956800000,0.24596,0.24597,0.24281,0.24371,49965881
1745971200000,0.2437,0.24462,0.24201,0.24414,53846715
1745985600000,0.24414,0.24419,0.2428,0.24354,27165904
1746000000000,0.24354,0.24542,0.24336,0.2452,45770835
1746014400000,0.2452,0.24573,0.24261,0.2444,90979860
1746028800000,0.24441,0.24647,0.24432,0.24639,54216817
1746043200000,0.24639,0.24702,0.24618,0.24639,37151456
1746057600000,0.24639,0.24764,0.24629,0.24643,38695454
1746072000000,0.24643,0.24823,0.24586,0.24792,37332833
1746086400000,0.24792,0.24956,0.24791,0.2487,63126691
1746100800000,0.2487,0.24936,0.24702,0.24718,56829214
1746115200000,0.24717,0.24758,0.24479,0.24496,75970073
1746129600000,0.24496,0.24524,0.24377,0.24451,47759386
1746144000000,0.24451,0.24573,0.24306,0.24436,71704209
1746158400000,0.24436,0.24496,0.2441,0.24469,41745636
1746172800000,0.2447,0.24555,0.24434,0.24496,33839715
1746187200000,0.24497,0.24676,0.24483,0.2467,57516715
1746201600000,0.24671,0.24745,0.24636,0.247,43904167
1746216000000,0.24701,0.24835,0.24693,0.24778,44457043
1746230400000,0.24779,0.24911,0.24758,0.24874,57138196
1746244800000,0.24874,0.2498,0.2468,0.24708,66733729
1746259200000,0.24709,0.2488,0.24656,0.24791,57220968
1746273600000,0.24792,0.24919,0.24591,0.24607,55050501
1746288000000,0.24606,0.247,0.24418,0.24569,89057901
1746302400000,0.24569,0.24576,0.245,0.24536,28467010
1746316800000,0.24535,0.24743,0.24485,0.24687,59264098
1746331200000,0.24686,0.24865,0.24681,0.24815,58467251
1746345600000,0.24815,0.24889,0.24706,0.24733,59816603
1746360000000,0.24733,0.24844,0.24682,0.24746,37664674
1746374400000,0.24747,0.24845,0.24747,0.24783,28262504
1746388800000,0.24782,0.24799,0.24589,0.24703,51136846
1746403200000,0.24703,0.24931,0.24577,0.24916,85203356
1746417600000,0.24917,0.25043,0.24807,0.2483,76123634
1746432000000,0.24829,0.24914,0.24689,0.24889,80953729
1746446400000,0.24889,0.25032,0.248,0.24917,63614871
1746460800000,0.24916,0.2498,0.24806,0.24806,38836561
1746475200000,0.24807,0.24943,0.24731,0.24811,49793385
1746489600000,0.24811,0.24839,0.24682,0.24744,52713226
1746504000000,0.24743,0.2477,0.24535,0.24587,66160885
1746518400000,0.24587,0.24587,0.24383,0.24406,66484503
1746532800000,0.24405,0.24518,0.24361,0.24507,59849870
1746547200000,0.24508,0.24576,0.24428,0.24513,43135926
1746561600000,0.24514,0.24624,0.24369,0.24577,55519498
1746576000000,0.24576,0.24583,0.2433,0.24367,66242695
1746590400000,0.24366,0.2447,0.24337,0.24465,38184902
1746604800000,0.24464,0.24689,0.24408,0.24667,67293557
1746619200000,0.24666,0.24763,0.24598,0.24647,62649752
1746633600000,0.24647,0.24808,0.24591,0.24732,60476804
1746648000000,0.24732,0.24916,0.24732,0.24865,52210491
1746662400000,0.24865,0.25009,0.24806,0.25006,76687995
1746676800000,0.25007,0.2511,0.24964,0.25003,54621387
1746691200000,0.25003,0.25309,0.25002,0.2507,79786429
1746705600000,0.25069,0.26357,0.24971,0.25431,210063994
1746720000000,0.2543,0.25596,0.25416,0.25455,104691769
1746734400000,0.25456,0.25799,0.25428,0.25708,83985071
1746748800000,0.25707,0.25809,0.25416,0.25449,92651330
1746763200000,0.25448,0.25742,0.25404,0.2565,103433550
1746777600000,0.2565,0.26625,0.25604,0.26316,302822927
1746792000000,0.26316,0.26493,0.26035,0.2618,180976853
1746806400000,0.26178,0.26351,0.26,0.26161,123006652
1746820800000,0.26161,0.2618,0.25948,0.26013,51813131
1746835200000,0.26013,0.26475,0.26006,0.26334,112017268
1746849600000,0.26333,0.2641,0.26171,0.26328,82901637
1746864000000,0.26328,0.2651,0.2588,0.25962,143368696
1746878400000,0.25961,0.26077,0.25842,0.25913,60154150
1746892800000,0.25912,0.26184,0.25881,0.26101,56849470
1746907200000,0.26101,0.26684,0.26035,0.26618,104860849
1746921600000,0.26616,0.26848,0.2625,0.26793,145709785
1746936000000,0.26796,0.26881,0.26,0.26048,159999309
1746950400000,0.26047,0.26324,0.26,0.2628,82472709
1746964800000,0.26279,0.2628,0.25965,0.26064,78728931
1746979200000,0.26065,0.26464,0.25941,0.26437,74066148
1746993600000,0.26437,0.266,0.26376,0.26521,63679482
1747008000000,0.2652,0.26832,0.26418,0.26749,145400101
1747022400000,0.26749,0.26939,0.26298,0.26685,153204406
1747036800000,0.26685,0.27259,0.26476,0.26985,169674434
1747051200000,0.26985,0.28029,0.2696,0.27524,416528893
1747065600000,0.27525,0.277,0.2688,0.27299,226271627
1747080000000,0.27298,0.27519,0.27044,0.27175,126907068
1747094400000,0.27174,0.27193,0.26137,0.26175,192586197
1747108800000,0.26175,0.26374,0.26052,0.26177,118661126
1747123200000,0.26178,0.26634,0.26158,0.26514,108943397
1747137600000,0.26514,0.26819,0.26368,0.26808,126674661
1747152000000,0.2681,0.27307,0.26806,0.27187,87619587
1747166400000,0.27185,0.27203,0.27006,0.27077,53083364
1747180800000,0.27078,0.27313,0.26895,0.27248,106809895
1747195200000,0.27248,0.27665,0.27162,0.27548,92739488
1747209600000,0.27548,0.27577,0.27071,0.27484,132257239
1747224000000,0.27483,0.27791,0.27324,0.27736,143681033
1747238400000,0.27736,0.27913,0.27433,0.27625,131356348
1747252800000,0.27625,0.27746,0.27402,0.27458,60003215
1747267200000,0.27457,0.27559,0.27117,0.27287,97518366
1747281600000,0.27286,0.27376,0.26863,0.26915,112513367
1747296000000,0.26915,0.27094,0.26711,0.26921,107369830
1747310400000,0.2692,0.27419,0.2686,0.27351,188095468
1747324800000,0.27351,0.27638,0.27253,0.27339,120350905
1747339200000,0.2734,0.275,0.27119,0.27323,89633080
1747353600000,0.27322,0.2765,0.27213,0.27644,91807682
1747368000000,0.27645,0.27816,0.27453,0.27484,88619620
1747382400000,0.27485,0.27535,0.27161,0.27169,84063000
1747396800000,0.27168,0.27284,0.27037,0.27228,84730762
1747411200000,0.27228,0.27356,0.27098,0.27318,49763423
1747425600000,0.27318,0.2738,0.27112,0.27147,60045964
1747440000000,0.27146,0.272,0.26772,0.26921,103341242
1747454400000,0.26922,0.27014,0.26835,0.26912,41799853
1747468800000,0.26911,0.27001,0.26658,0.26951,73254063
1747483200000,0.26952,0.2719,0.26785,0.27102,81589137
1747497600000,0.27101,0.27222,0.27012,0.27032,63139922
1747512000000,0.27033,0.27204,0.26838,0.26946,54985679
1747526400000,0.26945,0.27351,0.26865,0.27142,64833278
1747540800000,0.27143,0.27327,0.27124,0.27317,44619750
1747555200000,0.27318,0.27338,0.27169,0.27227,47734445
1747569600000,0.27227,0.27487,0.27153,0.27266,95817970
1747584000000,0.27265,0.27326,0.2645,0.26453,198104369
1747598400000,0.26453,0.26799,0.26328,0.26784,105668214
1747612800000,0.26784,0.26791,0.26165,0.26265,122883134
1747627200000,0.26263,0.26447,0.26016,0.26405,120798009
1747641600000,0.26405,0.26427,0.26147,0.26363,59284432
1747656000000,0.26362,0.26574,0.26302,0.26481,70009671
1747670400000,0.26481,0.26552,0.26339,0.26549,52767375
1747684800000,0.26549,0.26671,0.26484,0.26656,31155026
1747699200000,0.26656,0.2682,0.26588,0.26737,73196630
1747713600000,0.26737,0.2722,0.26688,0.27148,121484817
1747728000000,0.27148,0.27446,0.27106,0.2735,101505575
1747742400000,0.27351,0.27393,0.27061,0.27083,93152020
1747756800000,0.27084,0.27548,0.26945,0.27054,143868720
1747771200000,0.27054,0.27055,0.26795,0.26902,74362802
1747785600000,0.26902,0.27025,0.2682,0.26981,61258091
1747800000000,0.26981,0.27278,0.26906,0.27121,86013645
1747814400000,0.27121,0.27188,0.26936,0.2711,62695547
1747828800000,0.2711,0.27306,0.26984,0.27237,100306250
1747843200000,0.27236,0.2743,0.2655,0.26695,233108415
1747857600000,0.26696,0.26938,0.26575,0.26808,66801357
1747872000000,0.26809,0.27068,0.26711,0.27012,93650060
1747886400000,0.27012,0.27274,0.27003,0.27206,79141018
1747900800000,0.27206,0.2822,0.27194,0.28125,201658191
1747915200000,0.28126,0.28156,0.2741,0.27754,217217872
1747929600000,0.27754,0.2783,0.27516,0.27558,80772674
1747944000000,0.27558,0.27596,0.27336,0.27581,57827591
1747958400000,0.27582,0.27585,0.27261,0.27522,94246954
1747972800000,0.27522,0.27572,0.27245,0.27334,91997682
1747987200000,0.27335,0.27618,0.26568,0.26651,183057633
1748001600000,0.26652,0.26823,0.26338,0.26731,167219809
1748016000000,0.26731,0.27125,0.2662,0.2712,96057475
1748030400000,0.27119,0.27197,0.2675,0.26863,94668915
1748044800000,0.26864,0.2732,0.2684,0.27272,79273601
1748059200000,0.27274,0.27343,0.27146,0.27165,53832948
1748073600000,0.27164,0.27385,0.27088,0.27221,51705899
1748088000000,0.27222,0.27231,0.27068,0.27092,57559662
1748102400000,0.27092,0.27117,0.26939,0.27078,44026588
1748116800000,0.27077,0.27092,0.26983,0.27008,23615186
1748131200000,0.27009,0.27101,0.26854,0.27015,45240929
1748145600000,0.27015,0.27282,0.26984,0.27181,57018482
1748160000000,0.27181,0.27372,0.2706,0.27301,91535962
1748174400000,0.273,0.27385,0.26952,0.27049,77741409
1748188800000,0.27049,0.27145,0.26968,0.27085,33537745
1748203200000,0.27085,0.2723,0.27038,0.27203,42181711
1748217600000,0.27204,0.27275,0.2701,0.27196,48615670
1748232000000,0.27196,0.27318,0.2715,0.27183,48018912
1748246400000,0.27183,0.2742,0.27156,0.27379,58266073
1748260800000,0.27379,0.27489,0.27181,0.27284,61517721
1748275200000,0.27285,0.2731,0.27123,0.27283,40562402
1748289600000,0.27284,0.27443,0.27246,0.27374,44758456
1748304000000,0.27374,0.27529,0.2718,0.27492,70267036
1748318400000,0.27492,0.27721,0.27429,0.27698,68043440
1748332800000,0.27699,0.2789,0.27614,0.27656,74046725
1748347200000,0.27656,0.27657,0.27275,0.27384,100873607
1748361600000,0.27383,0.27651,0.27363,0.27648,54209985
1748376000000,0.27648,0.27804,0.27588,0.27784,52334948
1748390400000,0.27784,0.27968,0.27627,0.27795,69662521
1748404800000,0.27796,0.2785,0.27572,0.27586,52126895
1748419200000,0.27586,0.27593,0.27453,0.27563,46432721
1748433600000,0.27562,0.2758,0.27394,0.27428,72452455
1748448000000,0.27429,0.2758,0.27401,0.27401,32611369
1748462400000,0.27401,0.2754,0.27278,0.27355,53604610
1748476800000,0.27355,0.2755,0.27225,0.27353,59268048
1748491200000,0.27354,0.27654,0.27322,0.27622,66581635
1748505600000,0.27622,0.27819,0.27523,0.27736,80634083
1748520000000,0.27736,0.27815,0.27495,0.27554,86384634
1748534400000,0.27554,0.27668,0.27516,0.27542,43546043
1748548800000,0.27543,0.27578,0.27357,0.2745,36349877
1748563200000,0.27449,0.27624,0.27113,0.27211,102649359
1748577600000,0.27211,0.27218,0.26787,0.26963,94555863
1748592000000,0.26962,0.27227,0.26905,0.27193,63103940
1748606400000,0.27192,0.27333,0.2696,0.27095,82414536
1748620800000,0.27095,0.27173,0.26791,0.2712,86042933
1748635200000,0.27118,0.27231,0.26638,0.26684,83434833
1748649600000,0.26683,0.26686,0.26281,0.26657,152736349
1748664000000,0.26657,0.2693,0.2663,0.26865,70150773
1748678400000,0.26865,0.2695,0.2675,0.26855,49448370
1748692800000,0.26855,0.26934,0.26658,0.26677,54717724
1748707200000,0.26678,0.26678,0.26472,0.26643,62391944
1748721600000,0.26643,0.26645,0.26491,0.26546,28182478
1748736000000,0.26545,0.26758,0.26467,0.26712,50705853
1748750400000,0.26711,0.26898,0.26711,0.26821,49265501
1748764800000,0.2682,0.2689,0.26665,0.26821,43816001
1748779200000,0.26821,0.26848,0.26721,0.26821,33296304
1748793600000,0.2682,0.26971,0.26767,0.26922,39767491
1748808000000,0.26922,0.27131,0.26866,0.27068,36048060
1748822400000,0.27068,0.27143,0.26999,0.27069,40750222
1748836800000,0.27069,0.27176,0.26923,0.26933,49632248
1748851200000,0.26934,0.2704,0.2676,0.26773,58140122
1748865600000,0.26773,0.26846,0.26651,0.26703,56900751
1748880000000,0.26703,0.27028,0.26553,0.26723,102756843
1748894400000,0.26724,0.26892,0.26707,0.26863,42855264
1748908800000,0.26864,0.2699,0.26816,0.26862,39518922
1748923200000,0.26862,0.27075,0.26853,0.27015,44998334
1748937600000,0.27014,0.2709,0.26948,0.2698,33868764
1748952000000,0.2698,0.27145,0.26957,0.27037,41176772
1748966400000,0.27036,0.27171,0.26989,0.27163,27880298
1748980800000,0.27163,0.27195,0.26959,0.27013,29988100
1748995200000,0.27013,0.271,0.2683,0.2684,43172441
1749009600000,0.2684,0.27051,0.26768,0.26993,44485668
1749024000000,0.26992,0.27294,0.26979,0.27226,60488403
1749038400000,0.27227,0.27353,0.27091,0.27216,84168172
1749052800000,0.27216,0.27412,0.27216,0.27298,45686984
1749067200000,0.27298,0.27475,0.2726,0.27423,47293096
1749081600000,0.27423,0.27508,0.27209,0.27334,48678182
1749096000000,0.27334,0.27402,0.27167,0.27298,43944337
1749110400000,0.27298,0.27404,0.27177,0.27281,53125038
1749124800000,0.27282,0.27492,0.2721,0.27445,67420715
1749139200000,0.27446,0.27489,0.27048,0.27163,85339171
1749153600000,0.27163,0.28492,0.26546,0.28175,300601688
1749168000000,0.28174,0.28241,0.27545,0.27686,133666985
1749182400000,0.27685,0.27721,0.27558,0.27626,48230984
1749196800000,0.27626,0.27969,0.27541,0.27827,69565930
1749211200000,0.27828,0.2803,0.2775,0.27924,81804347
1749225600000,0.27924,0.27934,0.27605,0.27631,59010580
1749240000000,0.27629,0.27786,0.27616,0.27786,27896638
1749254400000,0.27786,0.27905,0.27727,0.27734,42952292
1749268800000,0.27734,0.27828,0.27703,0.27806,23040508
1749283200000,0.27807,0.27994,0.27789,0.27993,43164052
1749297600000,0.27994,0.28092,0.27806,0.28071,47652395
1749312000000,0.28071,0.28531,0.27991,0.2846,99122326
1749326400000,0.2846,0.28696,0.28364,0.28674,61229627
1749340800000,0.28673,0.28761,0.28445,0.28481,59894025
1749355200000,0.2848,0.28693,0.28396,0.28578,60156010
1749369600000,0.28577,0.28629,0.28447,0.28557,53657256
1749384000000,0.28556,0.28626,0.2847,0.28502,39639272
1749398400000,0.28502,0.2854,0.28224,0.28297,79354448
1749412800000,0.28298,0.28334,0.28123,0.28159,41473232
1749427200000,0.2816,0.28424,0.28118,0.28377,50038421
1749441600000,0.28376,0.28557,0.28261,0.28333,49690337
1749456000000,0.28334,0.28441,0.28067,0.28309,68872126
1749470400000,0.28309,0.28394,0.28177,0.28359,52956796
1749484800000,0.2836,0.28658,0.28226,0.28617,83204314
1749499200000,0.28616,0.29011,0.28616,0.28676,107643848
1749513600000,0.28676,0.28895,0.28614,0.28673,61604979
1749528000000,0.28673,0.28706,0.28544,0.28616,51619923
1749542400000,0.28616,0.29103,0.28576,0.2901,96948917
1749556800000,0.29009,0.29455,0.28966,0.29191,132623107
1749571200000,0.29191,0.29366,0.29045,0.29083,55703241
1749585600000,0.29082,0.2927,0.28976,0.29264,42972476
1749600000000,0.29263,0.29264,0.28904,0.29044,54276604
1749614400000,0.29044,0.29124,0.28928,0.29041,32236326
1749628800000,0.29041,0.29282,0.29012,0.29169,54285896
1749643200000,0.29169,0.2921,0.28927,0.2893,83954776
1749657600000,0.28931,0.28935,0.27796,0.27939,312998820
1749672000000,0.27938,0.27971,0.2763,0.2794,149503792
1749686400000,0.2794,0.28218,0.27422,0.27442,169570132
1749700800000,0.27442,0.2762,0.27258,0.27612,111806287
1749715200000,0.27612,0.27705,0.26988,0.2718,134133364
1749729600000,0.27178,0.27891,0.27091,0.27396,229260715
1749744000000,0.27396,0.27555,0.27173,0.27198,78242181
1749758400000,0.27198,0.2723,0.27023,0.27172,77389520
1749772800000,0.27173,0.27185,0.26666,0.2712,210601731
1749787200000,0.2712,0.2741,0.2706,0.27311,82289911
1749801600000,0.27311,0.27408,0.27228,0.27336,79846292
1749816000000,0.27336,0.2739,0.26869,0.26943,142939065
1749830400000,0.26944,0.27058,0.26718,0.26944,112959579
1749844800000,0.26944,0.2712,0.26936,0.2695,42460185
1749859200000,0.26949,0.27149,0.26914,0.27125,43351150
1749873600000,0.27126,0.27202,0.26874,0.26931,39112517
1749888000000,0.2693,0.27017,0.26834,0.26989,42899301
1749902400000,0.26988,0.27015,0.26906,0.26929,24645975
1749916800000,0.26929,0.27135,0.26836,0.2706,48921364
1749931200000,0.2706,0.27119,0.26973,0.27091,24435432
1749945600000,0.27092,0.27212,0.26999,0.27125,27355297
1749960000000,0.27125,0.27203,0.2705,0.27101,28355090
1749974400000,0.27102,0.2732,0.27095,0.27208,36350259
1749988800000,0.27208,0.27375,0.27177,0.27286,35132817
1750003200000,0.27287,0.2731,0.27206,0.27229,19617330
1750017600000,0.27229,0.27411,0.27184,0.27373,31235912
1750032000000,0.27372,0.27415,0.26991,0.27085,66368211
1750046400000,0.27085,0.2727,0.27001,0.27226,79335527
1750060800000,0.27226,0.27276,0.27002,0.27019,52891008
1750075200000,0.2702,0.29549,0.26955,0.28182,1344123461
1750089600000,0.28185,0.28347,0.2763,0.27963,294458964
1750104000000,0.27963,0.28012,0.27336,0.27386,163916595
1750118400000,0.27386,0.27619,0.27162,0.27608,117671778
1750132800000,0.27608,0.27743,0.27518,0.27675,66897307
1750147200000,0.27675,0.27881,0.27629,0.27851,84234504
1750161600000,0.27851,0.27968,0.27372,0.27494,153000196
1750176000000,0.27494,0.27522,0.26994,0.27443,155262756
1750190400000,0.27443,0.27509,0.27122,0.27122,58031679
1750204800000,0.27122,0.27411,0.27095,0.27328,47827814
1750219200000,0.27328,0.27482,0.2729,0.27368,37635442
1750233600000,0.27368,0.27382,0.2687,0.26931,81634035
1750248000000,0.26932,0.27091,0.26728,0.27053,103810967
1750262400000,0.27053,0.27201,0.26953,0.2712,65562444
1750276800000,0.2712,0.27349,0.27102,0.27284,52332124
1750291200000,0.27284,0.27442,0.27191,0.27394,42526725
1750305600000,0.27395,0.27533,0.27392,0.27518,35254392
1750320000000,0.27518,0.27621,0.27339,0.27398,53811800
1750334400000,0.27398,0.27472,0.27285,0.27349,55871635
1750348800000,0.27349,0.27475,0.27302,0.27455,39361925
1750363200000,0.27456,0.27475,0.27351,0.2746,22449779
1750377600000,0.2746,0.27519,0.27394,0.27471,25747430
1750392000000,0.27472,0.27506,0.27201,0.27252,47924213
1750406400000,0.27253,0.27504,0.2725,0.2747,64184580
1750420800000,0.27469,0.27566,0.27165,0.27353,101377662
1750435200000,0.27353,0.27381,0.26994,0.27305,93122548
1750449600000,0.27304,0.27444,0.27203,0.27203,47782244
1750464000000,0.27203,0.27342,0.27158,0.27225,36381892
1750478400000,0.27224,0.27466,0.27206,0.27405,31339023
1750492800000,0.27406,0.2749,0.27363,0.27439,36215680
1750507200000,0.27439,0.2745,0.27185,0.27245,50385913
1750521600000,0.27244,0.27446,0.27231,0.27383,43610937
1750536000000,0.27383,0.27485,0.26865,0.27087,128615168
1750550400000,0.27087,0.27324,0.26976,0.27158,102566866
1750564800000,0.27157,0.27367,0.27152,0.27282,54037355
1750579200000,0.27282,0.27337,0.2703,0.27257,71602137
1750593600000,0.27257,0.27314,0.26434,0.26587,238821807
1750608000000,0.26587,0.26663,0.26139,0.26178,124865198
1750622400000,0.26178,0.26433,0.25844,0.26323,154112512
1750636800000,0.26323,0.266,0.26304,0.26491,71924335
1750651200000,0.26491,0.2676,0.2649,0.2675,73551734
1750665600000,0.26749,0.26788,0.26595,0.26675,55063945
1750680000000,0.26676,0.27217,0.26663,0.27056,114391834
1750694400000,0.27055,0.27288,0.26636,0.27221,169653332
1750708800000,0.2722,0.27367,0.27171,0.27248,82650752
1750723200000,0.27249,0.27416,0.27201,0.27263,50760205
1750737600000,0.27263,0.27359,0.27064,0.27072,62258045
1750752000000,0.27073,0.27276,0.27017,0.27271,63795363
1750766400000,0.2727,0.27355,0.27204,0.27229,51157309
1750780800000,0.27229,0.27432,0.27204,0.27403,44558441
1750795200000,0.27402,0.27469,0.27343,0.2736,36123679
1750809600000,0.27359,0.27362,0.27236,0.27257,47586899
1750824000000,0.27257,0.275,0.27226,0.2737,38827844
1750838400000,0.2737,0.27397,0.27179,0.27272,54110771
1750852800000,0.27273,0.27287,0.27026,0.27026,67920679
1750867200000,0.27026,0.27318,0.27015,0.27211,46476786
1750881600000,0.27211,0.27327,0.27203,0.273,30695200
1750896000000,0.273,0.27454,0.27253,0.27446,50570201
1750910400000,0.27446,0.27446,0.27019,0.27114,55350965
1750924800000,0.27114,0.27283,0.27013,0.27147,50035021
1750939200000,0.27147,0.2723,0.27017,0.27117,68022843
1750953600000,0.27117,0.27201,0.27024,0.27121,41192705
1750968000000,0.2712,0.27194,0.27048,0.2708,26251562
1750982400000,0.2708,0.27245,0.2704,0.27191,30543801
1750996800000,0.27192,0.27228,0.27039,0.27066,30571456
1751011200000,0.27066,0.27165,0.27066,0.27165,27466848
1751025600000,0.27164,0.27232,0.27088,0.27164,49185062
1751040000000,0.27164,0.27322,0.27076,0.27219,42009272
1751054400000,0.27219,0.27345,0.27219,0.27307,31224223
1751068800000,0.27306,0.27413,0.27299,0.2731,25409761
1751083200000,0.27309,0.27463,0.2727,0.2737,27842682
1751097600000,0.2737,0.2767,0.27342,0.2764,46247961
1751112000000,0.27638,0.27644,0.27444,0.27457,32080611
1751126400000,0.27457,0.27516,0.27285,0.27368,60572517
1751140800000,0.27368,0.27462,0.27333,0.27461,22037017
1751155200000,0.27461,0.27558,0.27435,0.27556,27310650
1751169600000,0.27556,0.2765,0.27523,0.27579,31900060
1751184000000,0.27579,0.27601,0.27464,0.27533,29195879
1751198400000,0.27532,0.27582,0.27433,0.27567,26970927
1751212800000,0.27567,0.27626,0.27544,0.27552,22130825
1751227200000,0.27551,0.27685,0.27497,0.27682,51692612
1751241600000,0.27682,0.27695,0.27577,0.27658,41484108
1751256000000,0.27658,0.27805,0.27638,0.27744,48736887
1751270400000,0.27743,0.27805,0.27636,0.27715,34752105
1751284800000,0.27715,0.27885,0.27593,0.27874,49838673
1751299200000,0.27874,0.27956,0.27812,0.27908,38535071
1751313600000,0.27908,0.28063,0.27894,0.27963,39028472
1751328000000,0.27964,0.28022,0.27886,0.27966,25173676
1751342400000,0.27967,0.27972,0.27802,0.27894,36705083
1751356800000,0.27894,0.27929,0.27809,0.27824,25315708
1751371200000,0.27824,0.27924,0.27753,0.27854,45545761
1751385600000,0.27855,0.27941,0.27833,0.27853,30370032
1751400000000,0.27853,0.27892,0.27802,0.2787,22296539
1751414400000,0.2787,0.28143,0.27813,0.28064,38770531
1751428800000,0.28063,0.2815,0.2796,0.28065,50811518
1751443200000,0.28066,0.28182,0.28026,0.28181,39821174
1751457600000,0.28181,0.2828,0.28035,0.28129,62199066
1751472000000,0.2813,0.28379,0.28079,0.28284,77605711
1751486400000,0.28283,0.28516,0.28216,0.2844,45080349
1751500800000,0.2844,0.28612,0.28421,0.2846,45605055
1751515200000,0.2846,0.28464,0.28135,0.28412,75072332
1751529600000,0.28412,0.2847,0.28248,0.28404,45891049
1751544000000,0.28404,0.28533,0.28292,0.28338,62975740
1751558400000,0.28338,0.28664,0.28323,0.28548,49155775
1751572800000,0.28547,0.28744,0.28445,0.2868,33925744
1751587200000,0.2868,0.28733,0.28561,0.28612,27313388
1751601600000,0.28613,0.2867,0.28493,0.28508,26692440
1751616000000,0.28509,0.28793,0.28494,0.28666,51276333
1751630400000,0.28666,0.28678,0.28152,0.28227,102047646
1751644800000,0.28228,0.28476,0.28086,0.28297,45485289
1751659200000,0.28296,0.28392,0.28147,0.28254,28232962
1751673600000,0.28253,0.28298,0.28155,0.2826,20319074
1751688000000,0.2826,0.2838,0.28202,0.28272,24629093
1751702400000,0.28273,0.28457,0.2822,0.28384,24651158
1751716800000,0.28385,0.28496,0.28339,0.28412,24576233
1751731200000,0.28412,0.28475,0.28279,0.28338,27410842
1751745600000,0.28338,0.284,0.28255,0.28293,16369101
1751760000000,0.28293,0.28388,0.28241,0.28302,14822501
1751774400000,0.28302,0.284,0.28275,0.28355,14894929
1751788800000,0.28355,0.28493,0.28354,0.28459,23715263
1751803200000,0.2846,0.28574,0.28316,0.28555,53725107
1751817600000,0.28556,0.28599,0.28408,0.28565,24175861
1751832000000,0.28565,0.28742,0.28518,0.28687,32462472
1751846400000,0.28687,0.28881,0.28647,0.28823,36293724
1751860800000,0.28824,0.28856,0.28686,0.28712,21635730
1751875200000,0.28712,0.2877,0.28564,0.28714,33346649
1751889600000,0.28714,0.28829,0.28591,0.28699,45520274
1751904000000,0.287,0.28715,0.28555,0.28581,32057008
1751918400000,0.2858,0.2867,0.28514,0.28654,24528617
1751932800000,0.28653,0.28734,0.28611,0.28701,24506573
1751947200000,0.28701,0.28732,0.28655,0.28662,18967616
1751961600000,0.28661,0.28702,0.286,0.28631,23377846
1751976000000,0.28631,0.28686,0.28587,0.28634,27692273
1751990400000,0.28634,0.28939,0.28563,0.28721,51468177
1752004800000,0.28721,0.2878,0.28678,0.28721,28437265
1752019200000,0.28722,0.28784,0.28709,0.28766,21368750
1752033600000,0.28766,0.28775,0.2863,0.2868,30317364
1752048000000,0.28679,0.28743,0.28635,0.28698,24909801
1752062400000,0.28698,0.288,0.2868,0.28753,30819399
1752076800000,0.28753,0.29002,0.28712,0.28954,61219393
1752091200000,0.28954,0.28998,0.28933,0.28957,31795361
1752105600000,0.28957,0.29123,0.28926,0.29116,31413533
1752120000000,0.29117,0.29184,0.29012,0.2905,38264248
1752134400000,0.29049,0.29061,0.28963,0.28982,31757347
1752148800000,0.28982,0.29099,0.28933,0.29064,35177852
1752163200000,0.29064,0.29175,0.29046,0.29103,51743323
1752177600000,0.29103,0.29402,0.29058,0.29385,80432609
1752192000000,0.29385,0.29524,0.29307,0.29476,68366424
1752206400000,0.29477,0.29645,0.2942,0.29513,85210219
1752220800000,0.29513,0.29665,0.29513,0.29629,51455962
1752235200000,0.29629,0.30048,0.29574,0.29848,104489579
1752249600000,0.29849,0.30405,0.29776,0.30154,118211213
1752264000000,0.30154,0.30211,0.29815,0.30128,102732960
1752278400000,0.30128,0.30712,0.30099,0.30663,91698001
1752292800000,0.30664,0.30682,0.30214,0.30483,111184138
1752307200000,0.30484,0.30567,0.30278,0.30296,75660702
1752321600000,0.30296,0.30323,0.2971,0.29768,174296402
1752336000000,0.29768,0.30243,0.29728,0.29978,109451645
1752350400000,0.29978,0.30255,0.29978,0.30228,44736741
1752364800000,0.30228,0.3028,0.3009,0.30195,36897749
1752379200000,0.30194,0.30206,0.29966,0.30043,48494331
1752393600000,0.30042,0.30278,0.2998,0.30229,46218795
1752408000000,0.30229,0.30397,0.30206,0.30394,56682100
1752422400000,0.30394,0.305,0.30316,0.3036,44518772
1752436800000,0.3036,0.30362,0.30221,0.30269,34842400
1752451200000,0.30269,0.30297,0.30001,0.30242,90155861
1752465600000,0.30242,0.30506,0.30155,0.30325,110901393
1752480000000,0.30325,0.30418,0.30177,0.30282,66914293
1752494400000,0.30282,0.30322,0.299,0.30043,114436460
1752508800000,0.30044,0.302,0.30007,0.30177,51469209
1752523200000,0.30177,0.30308,0.30055,0.30247,52371084
1752537600000,0.30247,0.30297,0.29905,0.30069,112808224
1752552000000,0.30068,0.30068,0.2981,0.29816,75546301
1752566400000,0.29816,0.29829,0.29674,0.29753,49926714
1752580800000,0.29753,0.29858,0.29489,0.29846,113223325
1752595200000,0.29845,0.30094,0.29837,0.29971,63032887
1752609600000,0.29972,0.30168,0.29946,0.30038,44239694
1752624000000,0.30038,0.30203,0.29976,0.30123,45956215
1752638400000,0.30123,0.30143,0.30056,0.30081,25607663
1752652800000,0.30081,0.30235,0.30053,0.30081,42117314
1752667200000,0.30082,0.30272,0.30013,0.30237,72455659
1752681600000,0.30237,0.30595,0.30237,0.30515,106653698
1752696000000,0.30516,0.31026,0.30516,0.30983,123747264
1752710400000,0.30984,0.31129,0.30764,0.31017,132088952
1752724800000,0.31017,0.31281,0.30949,0.31155,106831380
1752739200000,0.31155,0.31378,0.31056,0.31231,96193103
1752753600000,0.31232,0.31701,0.31098,0.31694,146547824
1752768000000,0.31694,0.3194,0.31463,0.31554,142328848
1752782400000,0.31553,0.31748,0.31382,0.31557,112987031
1752796800000,0.31557,0.32732,0.31539,0.326,170384255
1752811200000,0.32601,0.33225,0.32476,0.32845,185665394
1752825600000,0.32844,0.33268,0.32659,0.33162,178112179
1752840000000,0.33162,0.33485,0.32362,0.32599,295806528
1752854400000,0.32598,0.32791,0.32359,0.32474,107008077
1752868800000,0.32473,0.32646,0.32141,0.32612,141860240
1752883200000,0.32613,0.32726,0.32266,0.3245,98468849
1752897600000,0.32451,0.3279,0.32413,0.32598,71834544
1752912000000,0.32599,0.32768,0.32465,0.32483,82546729
1752926400000,0.32483,0.32745,0.3195,0.31993,131111619
1752940800000,0.31993,0.32074,0.31835,0.32021,105759330
1752955200000,0.32022,0.32098,0.31686,0.31776,69135299
1752969600000,0.31777,0.31996,0.31652,0.31988,72617559
1752984000000,0.31988,0.32044,0.31881,0.31903,39305829
1752998400000,0.31903,0.32064,0.31767,0.31813,65175481
1753012800000,0.31814,0.31823,0.31557,0.31799,91583793
1753027200000,0.318,0.31966,0.31702,0.31739,83313886
1753041600000,0.31739,0.31748,0.31161,0.31397,123875915
1753056000000,0.31397,0.31402,0.31074,0.3131,95422314
1753070400000,0.3131,0.31598,0.31241,0.31452,100628585
1753084800000,0.31452,0.31664,0.31285,0.31523,103533951
1753099200000,0.31524,0.31923,0.31386,0.3153,167139312
1753113600000,0.31531,0.316,0.31137,0.31246,144188384
1753128000000,0.31246,0.31522,0.31219,0.31436,60720394
1753142400000,0.31436,0.31507,0.30884,0.31005,143637613
1753156800000,0.31006,0.31184,0.30583,0.3115,163083985
1753171200000,0.31149,0.31556,0.30956,0.31235,151145285
1753185600000,0.31235,0.31415,0.31024,0.31388,129870328
1753200000000,0.31389,0.31425,0.31171,0.31245,55712091
1753214400000,0.31245,0.31649,0.31224,0.31603,77927775
1753228800000,0.31603,0.31901,0.31525,0.31622,110082533
1753243200000,0.31622,0.31886,0.31601,0.31841,79773689
1753257600000,0.31841,0.31864,0.31424,0.31604,131061578
1753272000000,0.31604,0.3168,0.30856,0.31265,245855070
1753286400000,0.31265,0.31266,0.30659,0.30937,138379029
1753300800000,0.30937,0.31008,0.30478,0.30945,168065870
1753315200000,0.30945,0.31216,0.30852,0.31004,82528327
1753329600000,0.31007,0.31034,0.30021,0.30689,295750725
1753344000000,0.30689,0.30953,0.30574,0.30907,127247982
1753358400000,0.30907,0.31452,0.30838,0.31356,167120995
1753372800000,0.31356,0.31586,0.31145,0.31427,105507909
1753387200000,0.31428,0.31588,0.31313,0.31375,71278377
1753401600000,0.31376,0.31491,0.31079,0.31184,173590351
1753416000000,0.31183,0.31672,0.31055,0.31503,174850230
1753430400000,0.31503,0.3169,0.31219,0.31319,128727212
1753444800000,0.31318,0.31588,0.31239,0.31479,143378292
1753459200000,0.31479,0.31786,0.3147,0.31471,99720788
1753473600000,0.31471,0.3171,0.31351,0.31701,73687819
1753488000000,0.31701,0.3183,0.31648,0.31746,65553064
1753502400000,0.31747,0.31928,0.31706,0.31847,40856763
1753516800000,0.31842,0.31874,0.31614,0.31772,61060555
1753531200000,0.31771,0.31977,0.31755,0.31954,61024564
1753545600000,0.31956,0.32056,0.318,0.31915,50919411
1753560000000,0.31914,0.32081,0.31893,0.32002,32545643
1753574400000,0.32003,0.32156,0.31985,0.3215,35711668
1753588800000,0.3215,0.32268,0.32005,0.32264,43697713
1753603200000,0.32265,0.32304,0.32095,0.32209,50394563
1753617600000,0.32208,0.32214,0.32099,0.321,31550830
1753632000000,0.32101,0.32295,0.31874,0.32097,109428450
1753646400000,0.32097,0.32134,0.31903,0.3199,52522827
1753660800000,0.3199,0.32126,0.31902,0.32056,51838602
1753675200000,0.32057,0.32368,0.32011,0.32328,61444706
1753689600000,0.32329,0.32612,0.32183,0.32569,60872174
1753704000000,0.32569,0.32823,0.32237,0.32403,208564849
1753718400000,0.32402,0.32438,0.32107,0.32267,82832959
1753732800000,0.32266,0.32288,0.3198,0.3224,87618203
1753747200000,0.32241,0.32779,0.32115,0.32732,179086302
1753761600000,0.32732,0.33067,0.32638,0.32878,145027865
1753776000000,0.32877,0.35135,0.32876,0.34019,1070364327
1753790400000,0.34024,0.34317,0.3352,0.33594,283647219
1753804800000,0.33594,0.33885,0.33505,0.33556,132643033
1753819200000,0.33556,0.33864,0.3331,0.33845,100583350
1753833600000,0.33845,0.34037,0.33571,0.33863,146009085
1753848000000,0.33864,0.33932,0.33405,0.3343,107504790
1753862400000,0.3343,0.33658,0.32915,0.32978,260104646
1753876800000,0.32978,0.33182,0.31984,0.32559,363371640
1753891200000,0.3256,0.32768,0.32261,0.32743,174071617
1753905600000,0.32743,0.32876,0.32626,0.32734,73024962
1753920000000,0.32734,0.32772,0.32645,0.32667,37004672
1753934400000,0.32667,0.32714,0.32437,0.32535,50109922
1753948800000,0.32535,0.32972,0.32463,0.32967,98357172
1753963200000,0.32967,0.32982,0.32576,0.32874,105577564
1753977600000,0.32873,0.32943,0.32661,0.32756,72465009
1753992000000,0.32755,0.32784,0.3237,0.32478,80690355
1754006400000,0.32478,0.3283,0.32309,0.32799,136939552
1754020800000,0.32799,0.32814,0.324,0.3249,83264869
1754035200000,0.3249,0.32725,0.32266,0.32694,93308906
1754049600000,0.32693,0.32857,0.32442,0.32676,121332529
1754064000000,0.32676,0.32797,0.32375,0.32628,91618420
1754078400000,0.32627,0.32661,0.32092,0.32333,136843948
1754092800000,0.32334,0.32809,0.32263,0.327,79571441
1754107200000,0.327,0.32892,0.32471,0.32773,93637128
1754121600000,0.32774,0.32818,0.32532,0.32653,73443603
1754136000000,0.32653,0.32819,0.32219,0.32234,103883393
1754150400000,0.32235,0.32267,0.31832,0.32101,154799936
1754164800000,0.32101,0.32287,0.32066,0.32191,70360369
1754179200000,0.32191,0.32389,0.32025,0.32306,73044530
1754193600000,0.32305,0.32752,0.32236,0.32636,68884386
1754208000000,0.32637,0.32708,0.32563,0.32567,47237727
1754222400000,0.32567,0.32623,0.32286,0.32542,86066815
1754236800000,0.32543,0.32647,0.3252,0.32583,27694049
1754251200000,0.32583,0.32819,0.3255,0.32741,43579558
1754265600000,0.32742,0.32828,0.32686,0.32797,45072812
1754280000000,0.32797,0.33033,0.32769,0.3297,54639134
1754294400000,0.3297,0.33078,0.32906,0.33057,36147832
1754308800000,0.33057,0.33258,0.32974,0.33215,78144419
1754323200000,0.33215,0.33316,0.33138,0.33305,46164192
1754337600000,0.33305,0.33326,0.33208,0.33271,34513458
1754352000000,0.33272,0.33505,0.33245,0.3338,55010107
1754366400000,0.3338,0.33426,0.33126,0.33196,59849206
1754380800000,0.33195,0.33375,0.33144,0.33321,57906478
1754395200000,0.3332,0.33341,0.32932,0.33003,95708236
1754409600000,0.33002,0.33268,0.32997,0.33143,52925597
1754424000000,0.33143,0.33407,0.33106,0.33371,57847114
1754438400000,0.33371,0.33441,0.33114,0.33188,60764406
1754452800000,0.33188,0.33382,0.33131,0.33348,56220243
1754467200000,0.33348,0.33582,0.3327,0.33547,66239469
1754481600000,0.33547,0.33592,0.33339,0.33443,73286679
1754496000000,0.33443,0.33662,0.33374,0.33596,63605850
1754510400000,0.33595,0.33792,0.33547,0.33715,59394346
1754524800000,0.33715,0.33942,0.33642,0.33909,49068497
1754539200000,0.33909,0.34064,0.33768,0.33945,78584443
1754553600000,0.33945,0.33987,0.33772,0.33802,85892437
1754568000000,0.33802,0.34112,0.33764,0.34038,82214140
1754582400000,0.34038,0.34153,0.33924,0.34044,61239252
1754596800000,0.34045,0.34068,0.33672,0.33831,112775771
1754611200000,0.33831,0.33943,0.33451,0.3372,171715651
1754625600000,0.33719,0.33972,0.33676,0.33762,82111474
1754640000000,0.33763,0.33843,0.33711,0.33828,45663508
1754654400000,0.33829,0.33994,0.33772,0.33953,84490577
1754668800000,0.33953,0.33992,0.33811,0.33882,49350752
1754683200000,0.33882,0.33912,0.33755,0.33764,30619635
1754697600000,0.33764,0.33889,0.33726,0.33818,36312391
1754712000000,0.33818,0.33846,0.33644,0.33712,70341666
1754726400000,0.33712,0.33728,0.33607,0.33671,47999733
1754740800000,0.3367,0.33671,0.33492,0.33531,51514002
1754755200000,0.33531,0.33638,0.33484,0.33556,36902701
1754769600000,0.33555,0.33592,0.33468,0.33492,37780727
1754784000000,0.33492,0.34014,0.33476,0.33922,93917653
1754798400000,0.33922,0.34133,0.33755,0.33817,92866493
1754812800000,0.33816,0.34076,0.33691,0.33996,90344732
1754827200000,0.33997,0.34226,0.33962,0.34033,76654031
1754841600000,0.34032,0.34105,0.33809,0.33859,49049520
1754856000000,0.33858,0.33918,0.33751,0.33807,33720529
1754870400000,0.33808,0.34048,0.33782,0.34047,63829737
1754884800000,0.34047,0.34172,0.34008,0.34083,53913855
1754899200000,0.34082,0.34225,0.33903,0.33998,88400872
1754913600000,0.33998,0.34483,0.33927,0.34458,127723212
1754928000000,0.34457,0.3458,0.34375,0.34489,78213712
1754942400000,0.3449,0.34602,0.34258,0.34498,89267782
1754956800000,0.34498,0.34864,0.34495,0.34715,93972466
1754971200000,0.34716,0.34797,0.34603,0.34752,75464132
1754985600000,0.34752,0.34772,0.34406,0.34536,78652309
1755000000000,0.34535,0.34934,0.34458,0.34928,112126426
1755014400000,0.34928,0.35042,0.34814,0.34978,73669836
1755028800000,0.34978,0.35397,0.34975,0.35238,78952930
1755043200000,0.35239,0.35512,0.35162,0.35465,69839477
1755057600000,0.35465,0.35684,0.35348,0.3567,69903701
1755072000000,0.35671,0.35895,0.35513,0.35788,76572347
1755086400000,0.35787,0.35964,0.35703,0.35924,94634582
1755100800000,0.35925,0.36247,0.35866,0.36109,84558190
1755115200000,0.36109,0.36267,0.36002,0.3621,55118707
1755129600000,0.36211,0.36502,0.36121,0.36485,82446307
1755144000000,0.36484,0.36811,0.3644,0.36697,144149053
1755158400000,0.36697,0.36949,0.36434,0.36841,151102780
1755172800000,0.36841,0.37038,0.35,0.36292,454809939
1755187200000,0.36292,0.36293,0.35537,0.35914,157965241
1755201600000,0.35913,0.35913,0.35323,0.35757,138305091
1755216000000,0.35758,0.36192,0.3569,0.35924,119525662
1755230400000,0.35925,0.35995,0.35635,0.35797,107625703
1755244800000,0.35798,0.36059,0.35775,0.35974,83065275
1755259200000,0.35974,0.35974,0.34928,0.35077,236641149
1755273600000,0.35078,0.35167,0.34782,0.3503,116883883
1755288000000,0.35031,0.3541,0.34987,0.35242,66015762
1755302400000,0.35242,0.35373,0.35173,0.35269,41627640
1755316800000,0.35271,0.35474,0.35231,0.35352,51865138
1755331200000,0.35354,0.35427,0.34912,0.34917,62804562
1755345600000,0.34917,0.35042,0.34478,0.34594,172365898
1755360000000,0.34595,0.3486,0.34573,0.34778,72959599
1755374400000,0.34779,0.34838,0.34721,0.34771,27538844
1755388800000,0.34771,0.34949,0.34694,0.34926,39575417
1755403200000,0.34927,0.35213,0.34926,0.35028,64842424
1755417600000,0.35029,0.35308,0.34953,0.35211,53203439
1755432000000,0.35211,0.35231,0.35075,0.3517,39208532
1755446400000,0.3517,0.35419,0.35118,0.35148,99373969
1755460800000,0.35148,0.35518,0.35127,0.35325,46440993
1755475200000,0.35325,0.35414,0.34641,0.34827,147034493
1755489600000,0.34827,0.35034,0.34575,0.34666,88933416
1755504000000,0.34666,0.34739,0.34388,0.34604,87802465
1755518400000,0.34605,0.34964,0.34576,0.34949,94233051
1755532800000,0.3495,0.35055,0.34822,0.34913,66672742
1755547200000,0.34914,0.3523,0.3481,0.35019,65720936
1755561600000,0.35018,0.3526,0.34698,0.34728,119616152
1755576000000,0.34729,0.34837,0.34531,0.34794,88575020
1755590400000,0.34795,0.35159,0.34751,0.35146,82487669
1755604800000,0.35146,0.35278,0.34646,0.3491,169046503
1755619200000,0.34911,0.35072,0.34676,0.34832,122894594
1755633600000,0.34833,0.35111,0.34708,0.34731,83684371
1755648000000,0.34731,0.34949,0.34573,0.34885,106412681
1755662400000,0.34885,0.34992,0.34768,0.34903,58516357
1755676800000,0.34904,0.35115,0.34818,0.35035,77009441
1755691200000,0.35036,0.35154,0.34643,0.34824,204172288
1755705600000,0.34823,0.35328,0.34814,0.35307,118507496
1755720000000,0.35307,0.35536,0.35263,0.35435,55270615
1755734400000,0.35436,0.35532,0.35241,0.35372,76905338
1755748800000,0.35372,0.35743,0.35324,0.35563,90404302
1755763200000,0.35563,0.35601,0.35128,0.35142,78260380
1755777600000,0.35142,0.35334,0.35033,0.35123,155747535
1755792000000,0.35123,0.35418,0.35096,0.35287,69678733
1755806400000,0.35287,0.35458,0.35277,0.3535,48569420
1755820800000,0.35351,0.35669,0.3535,0.3561,68193530
1755835200000,0.35611,0.35818,0.35526,0.35746,59470227
1755849600000,0.35746,0.35795,0.35493,0.35503,61222389
1755864000000,0.35504,0.36059,0.35309,0.35916,228377189
1755878400000,0.35915,0.36612,0.35915,0.36556,135788597
1755892800000,0.36556,0.36745,0.36505,0.36665,57806234
1755907200000,0.36666,0.36714,0.36161,0.36276,106783177
1755921600000,0.36277,0.36406,0.36019,0.36085,95092855
1755936000000,0.36086,0.36237,0.35988,0.36135,66858231
1755950400000,0.36135,0.36392,0.3608,0.36356,58179726
1755964800000,0.36357,0.3647,0.36074,0.36134,59730858
1755979200000,0.36134,0.36316,0.36122,0.36226,32753000
1755993600000,0.36226,0.3646,0.36225,0.36433,50824282
1756008000000,0.36434,0.366,0.36322,0.36538,48396227
1756022400000,0.36537,0.36623,0.36403,0.36494,60730482
1756036800000,0.36497,0.3659,0.36463,0.36548,49397143
1756051200000,0.36548,0.36872,0.3633,0.36494,130759649
1756065600000,0.36495,0.3654,0.36079,0.36123,111097341
1756080000000,0.36123,0.36149,0.35611,0.3562,125557121
1756094400000,0.35619,0.358,0.35291,0.35349,113029550
1756108800000,0.35348,0.3537,0.35,0.35169,109190082
1756123200000,0.35168,0.35492,0.35147,0.35233,109929388
1756137600000,0.35233,0.35258,0.34589,0.34598,115487368
1756152000000,0.34599,0.34676,0.34125,0.34141,164040399
1756166400000,0.34141,0.34426,0.33836,0.344,146894480
1756180800000,0.34401,0.3473,0.34328,0.34635,75436696
1756195200000,0.34636,0.3472,0.34529,0.34623,66829745
1756209600000,0.34624,0.35099,0.34565,0.34983,169820458
1756224000000,0.34986,0.35208,0.34903,0.35181,72801429
1756238400000,0.35181,0.35293,0.35113,0.35169,55884763
1756252800000,0.35168,0.35168,0.34914,0.35061,72838923
1756267200000,0.35062,0.35163,0.34795,0.34867,74757253
1756281600000,0.34868,0.3498,0.34786,0.34938,45153538
1756296000000,0.34937,0.35132,0.34849,0.35055,74561297
1756310400000,0.35056,0.35063,0.34669,0.34713,61845322
1756324800000,0.34711,0.34829,0.3444,0.34487,92862361
1756339200000,0.34487,0.34741,0.34405,0.34712,57055037
1756353600000,0.34712,0.3484,0.34689,0.3478,38979028
1756368000000,0.34781,0.34976,0.3478,0.34908,51828591
1756382400000,0.34908,0.34919,0.34264,0.34367,109924956
1756396800000,0.34367,0.34452,0.34206,0.34206,58397271
1756411200000,0.34207,0.34519,0.34203,0.34493,50674532
1756425600000,0.34493,0.34577,0.34304,0.34373,53783080
1756440000000,0.34373,0.34425,0.34061,0.34088,53825054
1756454400000,0.34088,0.3419,0.3372,0.33883,102678836
1756468800000,0.33884,0.34092,0.3333,0.33391,201890093
1756483200000,0.33391,0.33751,0.33304,0.33686,79126281
1756497600000,0.33685,0.3391,0.33623,0.33842,44122153
1756512000000,0.33842,0.33969,0.33567,0.33844,63964726
1756526400000,0.33845,0.34028,0.33845,0.34006,37937599
1756540800000,0.34007,0.34067,0.33954,0.33987,27875464
1756555200000,0.33987,0.33987,0.33714,0.33778,54258557
1756569600000,0.33779,0.33846,0.33746,0.33845,26104680
1756584000000,0.33845,0.33907,0.33789,0.33894,22639833
1756598400000,0.33894,0.34124,0.33894,0.34116,38296736
1756612800000,0.34117,0.34184,0.34087,0.34174,24557638
1756627200000,0.34174,0.3429,0.34108,0.3429,34129450
1756641600000,0.3429,0.34385,0.34232,0.3432,44551475
1756656000000,0.3432,0.3432,0.34159,0.34225,28520115
1756670400000,0.34225,0.34299,0.34026,0.34076,42275982
1756684800000,0.34076,0.34081,0.33701,0.33806,89345631
1756699200000,0.33805,0.34018,0.33636,0.34017,68326022
1756713600000,0.34017,0.34143,0.33729,0.33736,78517413
1756728000000,0.33735,0.33892,0.33691,0.33731,49409649
1756742400000,0.33731,0.33796,0.33484,0.33743,68429194
1756756800000,0.33743,0.33776,0.33359,0.33706,88522787
1756771200000,0.33706,0.33973,0.33617,0.33909,54295351
1756785600000,0.33908,0.34063,0.33856,0.3388,35878689
1756800000000,0.33881,0.33978,0.33766,0.33788,34279983
1756814400000,0.33787,0.33963,0.33488,0.33603,127307225
1756828800000,0.33602,0.33779,0.33581,0.33646,48044626
1756843200000,0.33646,0.33847,0.33628,0.33785,32114541
1756857600000,0.33785,0.33891,0.33654,0.33827,37310280
1756872000000,0.33826,0.33851,0.33631,0.33695,29722124
1756886400000,0.33695,0.33993,0.33685,0.33977,42766966
1756900800000,0.33977,0.34141,0.33812,0.34075,43789487
1756915200000,0.34075,0.34172,0.34031,0.34144,26707116
1756929600000,0.34144,0.34183,0.34027,0.34035,19454653
1756944000000,0.34035,0.34151,0.33904,0.3393,35410603
1756958400000,0.3393,0.33952,0.33715,0.33772,49511219
1756972800000,0.33772,0.33954,0.33756,0.33852,32261787
1756987200000,0.33852,0.33912,0.33464,0.33476,64321338
1757001600000,0.33475,0.3364,0.33331,0.3337,64667724
1757016000000,0.33371,0.33605,0.33367,0.33428,42541918
1757030400000,0.33428,0.336,0.33337,0.33559,48962482
1757044800000,0.33559,0.338,0.33473,0.33767,46714565
1757059200000,0.33768,0.33777,0.33608,0.33728,37604807
1757073600000,0.33728,0.33911,0.33,0.33237,163777619
1757088000000,0.33236,0.3326,0.32999,0.33257,65075740
1757102400000,0.33256,0.33292,0.33044,0.33108,42356123
1757116800000,0.33107,0.33201,0.33047,0.33174,29392627
1757131200000,0.33175,0.332,0.3302,0.33157,34657000
1757145600000,0.33158,0.33213,0.33076,0.33126,45744154
1757160000000,0.33126,0.33159,0.32732,0.32748,100329143
1757174400000,0.32749,0.32802,0.3257,0.32616,68071182
1757188800000,0.32616,0.32634,0.2971,0.31384,719759520
1757203200000,0.31384,0.32666,0.30995,0.32564,321137700
1757217600000,0.32565,0.32961,0.32554,0.32789,143464087
1757232000000,0.32788,0.32827,0.32576,0.32708,101727502
1757246400000,0.32708,0.33104,0.3261,0.32969,182077253
1757260800000,0.32968,0.32999,0.32771,0.32805,57879634
1757275200000,0.32805,0.3314,0.32804,0.33104,72028928
1757289600000,0.33103,0.33214,0.32904,0.33027,72640259
1757304000000,0.33027,0.33201,0.32993,0.3307,61724772
1757318400000,0.33069,0.33437,0.33043,0.33324,88169739
1757332800000,0.33324,0.33578,0.3318,0.33408,92904935
1757347200000,0.33407,0.33446,0.33037,0.33054,81349169
1757361600000,0.33055,0.3323,0.33044,0.33103,47697813
1757376000000,0.33103,0.3313,0.32947,0.33062,46029156
1757390400000,0.33062,0.33707,0.33021,0.33471,122927959
1757404800000,0.33472,0.3424,0.33452,0.33686,167495196
1757419200000,0.33687,0.33841,0.33402,0.33419,88182540
1757433600000,0.3342,0.33448,0.33369,0.33426,38791436
1757448000000,0.33426,0.33604,0.33381,0.33492,40093299
1757462400000,0.33493,0.33611,0.3343,0.33502,42444080
1757476800000,0.33502,0.33681,0.33435,0.33657,33798782
1757491200000,0.33658,0.33743,0.33605,0.33657,30427247
1757505600000,0.33657,0.33991,0.33642,0.33854,58577055
1757520000000,0.33855,0.34008,0.33773,0.33815,44901145
1757534400000,0.33816,0.33898,0.33764,0.33815,23554334
1757548800000,0.33815,0.34276,0.33777,0.34265,68410788
1757563200000,0.34265,0.34548,0.34212,0.34515,57026044
1757577600000,0.34515,0.34763,0.34434,0.34699,55616132
1757592000000,0.34699,0.34801,0.34394,0.34462,92630018
1757606400000,0.34462,0.34646,0.34447,0.34545,35055310
1757620800000,0.34546,0.34697,0.3448,0.34607,27093002
1757635200000,0.34607,0.34968,0.34604,0.34862,67859630
1757649600000,0.34862,0.34977,0.34765,0.34839,36343421
1757664000000,0.3484,0.34872,0.34736,0.34829,31898329
1757678400000,0.34829,0.34937,0.34708,0.34839,43745116
1757692800000,0.34838,0.35089,0.34788,0.35088,45969832
1757707200000,0.35089,0.3526,0.35,0.35251,50456689
1757721600000,0.35251,0.35327,0.35125,0.35327,28959464
1757736000000,0.35327,0.35489,0.35161,0.35181,58844942
1757750400000,0.35181,0.35375,0.35178,0.35259,43047447
1757764800000,0.35258,0.35321,0.3494,0.34983,65167450
1757779200000,0.34982,0.34996,0.34723,0.34933,54037877
1757793600000,0.34934,0.34991,0.34908,0.34962,22080164
1757808000000,0.34962,0.35113,0.34909,0.35027,44395605
1757822400000,0.35027,0.35185,0.34927,0.34988,42071746
1757836800000,0.3499,0.35077,0.34814,0.3484,45666115
1757851200000,0.3484,0.34914,0.3462,0.34697,54435537
1757865600000,0.34696,0.34828,0.34684,0.34796,27241964
1757880000000,0.34797,0.34917,0.34737,0.3482,32074323
1757894400000,0.3482,0.352,0.34752,0.35102,64074503
1757908800000,0.35103,0.35152,0.34806,0.3486,60075031
1757923200000,0.3486,0.3486,0.34477,0.34526,91135776
1757937600000,0.34527,0.34599,0.3426,0.34335,85728257
1757952000000,0.34334,0.34389,0.34197,0.34341,56924210
1757966400000,0.3434,0.34518,0.34332,0.34464,42937213
1757980800000,0.34464,0.34582,0.34413,0.34564,31387226
1757995200000,0.34565,0.34707,0.34482,0.34546,47928149
1758009600000,0.34545,0.3461,0.34489,0.34584,36925773
1758024000000,0.34585,0.34663,0.33924,0.34073,160470953
1758038400000,0.34073,0.34286,0.34004,0.34205,69509428
1758052800000,0.34205,0.34293,0.34129,0.34213,37046276
1758067200000,0.34213,0.34352,0.34074,0.34101,47596868
1758081600000,0.341,0.3425,0.33896,0.34172,59613359
1758096000000,0.34172,0.3425,0.34048,0.34051,38545063
1758110400000,0.3405,0.34132,0.33947,0.33983,28854168
1758124800000,0.33983,0.34164,0.33833,0.34068,84535465
1758139200000,0.34067,0.34455,0.33936,0.34293,78846923
1758153600000,0.34293,0.34498,0.3423,0.34419,49751068
1758168000000,0.34419,0.345,0.3431,0.34401,51236872
1758182400000,0.344,0.34673,0.34363,0.34634,52105644
1758196800000,0.34634,0.34846,0.34557,0.34729,69368531
1758211200000,0.34728,0.35222,0.34728,0.35022,92700223
1758225600000,0.35023,0.35202,0.34939,0.35047,46685890
1758240000000,0.35047,0.35266,0.3476,0.34777,74900698
1758254400000,0.34777,0.34799,0.34563,0.3469,61653080
1758268800000,0.3469,0.34814,0.34532,0.34606,64129251
1758283200000,0.34607,0.34832,0.34418,0.34475,81172569
1758297600000,0.34475,0.34566,0.34378,0.3439,38752286
1758312000000,0.34389,0.34482,0.34281,0.34358,32146516
1758326400000,0.34358,0.34526,0.34254,0.34447,42532422
1758340800000,0.34448,0.3476,0.34428,0.34742,49302815
1758355200000,0.34742,0.34805,0.34548,0.34776,55756344
1758369600000,0.34776,0.34794,0.34612,0.34743,30790727
1758384000000,0.34743,0.34817,0.34672,0.34699,25388328
1758398400000,0.347,0.34728,0.34627,0.34648,15704126
1758412800000,0.34648,0.34668,0.34466,0.34508,34312585
1758427200000,0.34507,0.34624,0.3446,0.34556,22266407
1758441600000,0.34557,0.34558,0.34264,0.34372,45488430
1758456000000,0.34371,0.3443,0.34124,0.34356,80693003
1758470400000,0.34356,0.34447,0.34273,0.34393,28972832
1758484800000,0.34393,0.34419,0.3422,0.34223,18313626
1758499200000,0.34223,0.34296,0.33754,0.33986,119218236
1758513600000,0.33987,0.34065,0.32962,0.33472,154186156
1758528000000,0.33473,0.34202,0.33371,0.34068,155855652
1758542400000,0.34068,0.34204,0.33915,0.34183,60273323
1758556800000,0.34184,0.34243,0.34002,0.34025,45246416
1758571200000,0.34026,0.34078,0.33873,0.33981,31768383
1758585600000,0.3398,0.34085,0.33863,0.34071,42653477
1758600000000,0.34072,0.34123,0.33965,0.33984,32827650
1758614400000,0.33983,0.34252,0.33541,0.33628,95117086
1758628800000,0.33628,0.3365,0.33406,0.3353,71067872
1758643200000,0.3353,0.33678,0.33463,0.33578,43991359
1758657600000,0.33579,0.33696,0.33551,0.33569,30985706
1758672000000,0.3357,0.33743,0.33528,0.33556,36956167
1758686400000,0.33555,0.33858,0.33421,0.33782,64239298
1758700800000,0.33783,0.3382,0.33538,0.33709,64049967
1758715200000,0.33709,0.33888,0.33684,0.3375,44443506
1758729600000,0.3375,0.33932,0.33744,0.33875,29298757
1758744000000,0.33875,0.33935,0.33776,0.33796,21806989
1758758400000,0.33797,0.33842,0.33484,0.33565,47138834
1758772800000,0.33565,0.33574,0.33292,0.33464,71223548
1758787200000,0.33464,0.33512,0.33065,0.33131,67525114
1758801600000,0.33131,0.33603,0.32968,0.33575,82707955
1758816000000,0.33574,0.33584,0.33128,0.33418,93945973
1758830400000,0.33419,0.33459,0.331,0.33178,49590975
1758844800000,0.33179,0.33514,0.33165,0.33375,67588018
1758859200000,0.33374,0.33404,0.33221,0.33389,45591428
1758873600000,0.33389,0.33489,0.33264,0.33457,43067172
1758888000000,0.33457,0.33646,0.33297,0.33525,100603877
1758902400000,0.33525,0.33694,0.3348,0.33625,45458284
1758916800000,0.33625,0.33849,0.33599,0.33825,27761817
1758931200000,0.33826,0.33985,0.33718,0.33898,27885415
1758945600000,0.33898,0.33935,0.33699,0.33733,25934573
1758960000000,0.33734,0.33747,0.33534,0.33634,34184318
1758974400000,0.33634,0.33842,0.33576,0.33756,36245294
1758988800000,0.33757,0.3376,0.33707,0.33754,14751765
1759003200000,0.33755,0.33792,0.3363,0.33634,19204740
1759017600000,0.33634,0.33688,0.33538,0.3364,28903884
1759032000000,0.3364,0.33721,0.33572,0.3365,19202246
1759046400000,0.3365,0.33667,0.33528,0.33589,22072109
1759060800000,0.33588,0.33644,0.33551,0.33594,21941005
1759075200000,0.33593,0.33613,0.33385,0.33431,42016118
1759089600000,0.33431,0.33593,0.3338,0.33552,42798970
1759104000000,0.33552,0.33631,0.33484,0.33592,30250365
1759118400000,0.33593,0.336,0.3342,0.33426,27447095
1759132800000,0.33425,0.33484,0.3321,0.33323,54308630
1759147200000,0.33323,0.33589,0.33263,0.33554,55159304
1759161600000,0.33554,0.33719,0.33527,0.33593,34344998
1759176000000,0.33593,0.33754,0.33574,0.33672,34731976
1759190400000,0.33673,0.33774,0.33601,0.33702,50682701
1759204800000,0.33703,0.33708,0.33582,0.33629,29052160
1759219200000,0.33629,0.33724,0.33614,0.33641,27724264
1759233600000,0.33642,0.33673,0.33239,0.333,57724698
1759248000000,0.333,0.33386,0.33233,0.33247,36281313
1759262400000,0.33247,0.33412,0.33111,0.33345,51058913
1759276800000,0.33346,0.33469,0.33282,0.33357,34602848
1759291200000,0.33357,0.33484,0.33357,0.33423,27421765
1759305600000,0.33422,0.33948,0.33398,0.33802,85804204
1759320000000,0.33803,0.3404,0.33772,0.33968,63550021
1759334400000,0.33968,0.34228,0.33952,0.34195,46556519
1759348800000,0.34194,0.34205,0.34093,0.34148,20651955
1759363200000,0.34147,0.3425,0.34088,0.3411,43221776
1759377600000,0.3411,0.3426,0.3407,0.34157,30905047
1759392000000,0.34157,0.3416,0.3407,0.34121,26349361
1759406400000,0.34122,0.34242,0.34074,0.34194,48666708
1759420800000,0.34193,0.34394,0.34176,0.34298,44754586
1759435200000,0.34297,0.34306,0.34211,0.34248,24356890
1759449600000,0.34249,0.34437,0.34201,0.34347,29068472
1759464000000,0.34346,0.34445,0.34316,0.34372,31467437
1759478400000,0.34372,0.3438,0.3415,0.34336,35960299
1759492800000,0.34336,0.34371,0.3415,0.34353,52903225
1759507200000,0.34354,0.34576,0.34243,0.34275,92075093
1759521600000,0.34274,0.34274,0.34083,0.34176,43413293
1759536000000,0.34176,0.34229,0.34102,0.3412,24574579
1759550400000,0.3412,0.3412,0.33985,0.34034,29250414
1759564800000,0.34035,0.34114,0.33938,0.34056,30884871
1759579200000,0.34056,0.34062,0.33943,0.34019,28435053
1759593600000,0.34019,0.34033,0.33902,0.33975,17181720
1759608000000,0.33975,0.34111,0.33951,0.34026,19783849
1759622400000,0.34027,0.34203,0.33943,0.341,41374699
1759636800000,0.34099,0.34333,0.34097,0.3429,32827681
1759651200000,0.34291,0.34421,0.34176,0.34202,40112282
1759665600000,0.34202,0.34266,0.34142,0.34218,22061230
1759680000000,0.34218,0.34225,0.34043,0.34053,29082852
1759694400000,0.34052,0.34196,0.34041,0.34128,21639820
1759708800000,0.34127,0.34202,0.3402,0.34132,28749571
1759723200000,0.34132,0.34393,0.34112,0.34294,52998521
1759737600000,0.34294,0.34507,0.34293,0.34323,87241336
1759752000000,0.34324,0.34656,0.34254,0.34535,82429431
1759766400000,0.34535,0.34728,0.34535,0.34603,35289121
1759780800000,0.34602,0.34708,0.34526,0.34612,27956278
1759795200000,0.34613,0.34715,0.34566,0.34589,29122948
1759809600000,0.3459,0.3459,0.344,0.34475,40721491
1759824000000,0.34474,0.34531,0.34357,0.3441,35553793
1759838400000,0.34409,0.34549,0.33903,0.33966,108295831
1759852800000,0.33966,0.33967,0.33692,0.33752,81550313
1759867200000,0.33752,0.33928,0.33723,0.33758,35132299
1759881600000,0.33759,0.33843,0.33619,0.33643,50491702
1759896000000,0.33642,0.33719,0.33603,0.33706,33962642
1759910400000,0.33707,0.3381,0.33643,0.3379,37051675
1759924800000,0.3379,0.3381,0.33625,0.33647,38744641
1759939200000,0.33646,0.34171,0.33636,0.34141,72745400
1759953600000,0.3414,0.34254,0.34093,0.34195,35995543
1759968000000,0.34196,0.34224,0.33844,0.3402,60913727
1759982400000,0.3402,0.34054,0.33779,0.33859,32860005
1759996800000,0.33858,0.3387,0.33586,0.33753,59394840
1760011200000,0.33754,0.33881,0.3342,0.33523,75697726
1760025600000,0.33522,0.33664,0.33387,0.33648,51049338
1760040000000,0.33647,0.33688,0.33572,0.33685,25958625
1760054400000,0.33684,0.33714,0.33565,0.33629,34465813
1760068800000,0.33629,0.33675,0.33464,0.33478,38060435
1760083200000,0.33478,0.33561,0.33352,0.3353,48760266
1760097600000,0.33529,0.33618,0.3274,0.33013,149057061
1760112000000,0.33014,0.33204,0.32995,0.3304,92915261
1760126400000,0.33038,0.33064,0.29673,0.3205,540397827
1760140800000,0.32049,0.32081,0.31522,0.31618,132152075
1760155200000,0.31618,0.31855,0.315,0.31623,74021362
1760169600000,0.31619,0.31965,0.31595,0.31881,64096097
1760184000000,0.31881,0.31992,0.31817,0.31941,56308498
1760198400000,0.31941,0.31984,0.31606,0.3163,48608164
1760212800000,0.31629,0.31683,0.31118,0.31412,83395585
1760227200000,0.31412,0.31438,0.31042,0.3135,66073961
1760241600000,0.3135,0.31571,0.31333,0.31535,45100403
1760256000000,0.31535,0.3154,0.31346,0.31401,44476606
1760270400000,0.31401,0.3229,0.31386,0.32272,136614067
1760284800000,0.32272,0.32388,0.32181,0.32221,93462295
1760299200000,0.32221,0.32301,0.32112,0.32263,51954084
1760313600000,0.32262,0.32418,0.32184,0.32354,48369484
1760328000000,0.32353,0.32359,0.32195,0.32277,39267282
1760342400000,0.32277,0.32338,0.31937,0.32025,68692702
1760356800000,0.32024,0.32208,0.31905,0.3206,73210285
1760371200000,0.3206,0.32365,0.32007,0.32319,65440487
1760385600000,0.3232,0.3239,0.32211,0.32234,29997843
1760400000000,0.32235,0.32287,0.31981,0.32018,51523846
1760414400000,0.32018,0.32022,0.31052,0.31148,152508030
1760428800000,0.31147,0.31216,0.30712,0.31098,117303417
1760443200000,0.31097,0.31385,0.30794,0.31378,126973304
1760457600000,0.31378,0.31828,0.31298,0.31486,125538450
1760472000000,0.31486,0.31725,0.3147,0.31655,36668935
1760486400000,0.31656,0.31841,0.31584,0.31645,47295256
1760500800000,0.31645,0.31823,0.31609,0.31793,38866026
1760515200000,0.31792,0.3214,0.31745,0.31774,78762249
1760529600000,0.31773,0.3182,0.31122,0.31188,110620594
1760544000000,0.31185,0.31791,0.31112,0.31717,134213942
1760558400000,0.31716,0.31974,0.31611,0.31912,51615674
1760572800000,0.31912,0.32222,0.31901,0.32121,60686270
1760587200000,0.32121,0.32258,0.31991,0.32154,44111720
1760601600000,0.32154,0.32338,0.31938,0.32289,84864668
1760616000000,0.3229,0.32343,0.31737,0.31753,97510723
1760630400000,0.31754,0.32069,0.31493,0.31505,131414023
1760644800000,0.31505,0.31593,0.31284,0.3159,67585404
1760659200000,0.3159,0.31784,0.31529,0.31642,47160267
1760673600000,0.31642,0.31759,0.30734,0.30741,116187169
1760688000000,0.30741,0.31068,0.30522,0.3104,144237108
1760702400000,0.31039,0.31045,0.30415,0.30883,129647594
1760716800000,0.30884,0.31024,0.30725,0.30775,63242863
1760731200000,0.30775,0.31033,0.30734,0.30866,38399129
1760745600000,0.30867,0.3126,0.30838,0.3121,58124316
1760760000000,0.31211,0.31287,0.31093,0.31221,37637792
1760774400000,0.3122,0.31363,0.31167,0.31334,36173647
1760788800000,0.31334,0.31416,0.31178,0.3136,34784000
1760803200000,0.3136,0.31456,0.31274,0.31405,24681371
1760817600000,0.31405,0.31416,0.31234,0.31278,20057859
1760832000000,0.31279,0.31524,0.3121,0.31399,31608876
1760846400000,0.314,0.3149,0.31301,0.31399,23833035
1760860800000,0.31399,0.31854,0.31365,0.3179,58425012
1760875200000,0.3179,0.32003,0.31724,0.31969,34755883
1760889600000,0.31968,0.32053,0.31775,0.32006,41739606
1760904000000,0.32006,0.32102,0.31971,0.32037,21129480
1760918400000,0.32036,0.32141,0.31759,0.32075,58937953
1760932800000,0.32074,0.32325,0.32051,0.32306,59486529
1760947200000,0.32307,0.32422,0.32255,0.32276,52693861
1760961600000,0.32276,0.32327,0.32168,0.3217,31564897
1760976000000,0.32169,0.32229,0.32054,0.32211,44643693
1760990400000,0.3221,0.32282,0.32145,0.32222,24783819
1761004800000,0.32223,0.3225,0.3205,0.32066,38774136
1761019200000,0.32066,0.3208,0.31707,0.32017,74191399
1761033600000,0.32016,0.32202,0.31942,0.32134,44898970
1761048000000,0.32135,0.3249,0.32129,0.32487,88194267
1761062400000,0.32486,0.32528,0.32308,0.3245,58067457
1761076800000,0.32451,0.32458,0.32111,0.32149,63807979
1761091200000,0.32149,0.32355,0.32099,0.32247,47715591
1761105600000,0.32247,0.32339,0.32164,0.32259,37113941
1761120000000,0.32258,0.32509,0.317,0.32011,141803127
1761134400000,0.32011,0.32241,0.31922,0.32157,106825660
1761148800000,0.32156,0.32223,0.31912,0.3207,63420700
1761163200000,0.32069,0.32272,0.31793,0.32251,66254665
1761177600000,0.32252,0.32262,0.32151,0.32203,34365328
1761192000000,0.32203,0.32348,0.32155,0.32273,44801453
1761206400000,0.32273,0.3231,0.3212,0.32165,39896776
1761220800000,0.32166,0.32279,0.31531,0.31582,107035499
1761235200000,0.31582,0.31762,0.31282,0.31589,101108877
1761249600000,0.31589,0.31658,0.31264,0.31359,51295504
1761264000000,0.31359,0.31483,0.31104,0.31183,68766943
1761278400000,0.31182,0.31416,0.31163,0.31292,53894950
1761292800000,0.31292,0.31304,0.30974,0.31124,74388300
1761307200000,0.31123,0.3159,0.30673,0.30708,117028915
1761321600000,0.30708,0.30709,0.30268,0.30456,113954591
1761336000000,0.30456,0.30631,0.30291,0.3035,59771320
1761350400000,0.3035,0.30381,0.29571,0.29936,216803806
1761364800000,0.29935,0.30019,0.29198,0.29815,216732259
1761379200000,0.29816,0.29883,0.29709,0.29783,51928316
1761393600000,0.29782,0.29922,0.29712,0.29774,54133338
1761408000000,0.29774,0.29871,0.29667,0.29863,39900224
1761422400000,0.29862,0.29864,0.29644,0.29686,37110873
1761436800000,0.29686,0.29764,0.29562,0.29616,43323454
1761451200000,0.29615,0.29647,0.29383,0.29517,52519592
1761465600000,0.29517,0.2994,0.29503,0.2989,83705204
1761480000000,0.2989,0.30129,0.2989,0.30001,67610713
1761494400000,0.30001,0.30005,0.29819,0.29854,37459038
1761508800000,0.29854,0.30151,0.29747,0.30002,58640034
1761523200000,0.30002,0.30186,0.29964,0.3015,52238566
1761537600000,0.3015,0.30214,0.30004,0.30113,41630993
1761552000000,0.30114,0.30155,0.29866,0.2998,53002862
1761566400000,0.2998,0.29989,0.29681,0.2986,64960506
1761580800000,0.29861,0.30046,0.29854,0.29953,46750168
1761595200000,0.29954,0.29966,0.29726,0.29805,34987499
1761609600000,0.29804,0.29938,0.29737,0.29776,46521837
1761624000000,0.29776,0.29924,0.29487,0.29761,63878489
1761638400000,0.29762,0.2982,0.29676,0.29706,25731399
1761652800000,0.29705,0.29966,0.29687,0.29875,72373173
1761667200000,0.29876,0.29962,0.29658,0.29742,45629536
1761681600000,0.29742,0.29744,0.29268,0.29528,100016692
1761696000000,0.29527,0.29624,0.29431,0.2959,40811468
1761710400000,0.29591,0.29812,0.29587,0.29808,36192683
1761724800000,0.29808,0.29831,0.29606,0.29664,62653952
1761739200000,0.29664,0.29764,0.29468,0.29506,55232240
1761753600000,0.29505,0.29664,0.28996,0.29496,161718482
1761768000000,0.29495,0.29762,0.29471,0.29583,50124086
1761782400000,0.29583,0.29844,0.29539,0.29744,68124290
1761796800000,0.29743,0.29773,0.29267,0.29722,136770783
1761811200000,0.29722,0.29739,0.2954,0.29564,49156157
1761825600000,0.29562,0.29581,0.28914,0.29147,131648547
1761840000000,0.29148,0.29321,0.28802,0.28821,100726801
1761854400000,0.2882,0.2926,0.288,0.2924,80015019
1761868800000,0.29239,0.29413,0.29211,0.29331,57040230
1761883200000,0.29331,0.29554,0.2933,0.29487,40955776
1761897600000,0.29486,0.29631,0.29438,0.29565,39780633
1761912000000,0.29565,0.29659,0.29518,0.29604,39266794
1761926400000,0.29603,0.29713,0.29329,0.29621,68986289
1761940800000,0.29621,0.29651,0.29562,0.29609,24418128
1761955200000,0.29609,0.29625,0.29512,0.29563,28489450
1761969600000,0.29562,0.29654,0.29466,0.29605,31772051
1761984000000,0.29605,0.29729,0.29598,0.29688,26945944
1761998400000,0.29687,0.297,0.29535,0.29689,25153807
1762012800000,0.29688,0.29796,0.29674,0.29731,27381406
1762027200000,0.29731,0.29762,0.2969,0.29725,24313610
1762041600000,0.29725,0.29725,0.29531,0.29552,24689710
1762056000000,0.29552,0.29677,0.29551,0.29665,24076786
1762070400000,0.29665,0.2967,0.2951,0.29577,33187278
1762084800000,0.29578,0.296,0.29486,0.2958,28010993
1762099200000,0.29579,0.29628,0.29513,0.29561,25119836
1762113600000,0.2956,0.29847,0.29548,0.29795,28627642
1762128000000,0.29795,0.29832,0.29218,0.29332,92734560
1762142400000,0.29331,0.29466,0.2924,0.29379,68388920
1762156800000,0.29378,0.29771,0.29259,0.29308,100102846
1762171200000,0.29308,0.29338,0.28657,0.28754,158951433
1762185600000,0.28755,0.28846,0.28293,0.284,137694678
1762200000000,0.28401,0.28422,0.27968,0.28107,121756390
1762214400000,0.28108,0.28692,0.28021,0.28438,77471355
1762228800000,0.28439,0.28515,0.27706,0.27822,178398975
1762243200000,0.27822,0.28116,0.27596,0.28107,106624875
1762257600000,0.28108,0.2845,0.27973,0.28283,122632218
1762272000000,0.28284,0.28347,0.27815,0.27986,142696177
1762286400000,0.27987,0.28585,0.27663,0.28534,180849041
1762300800000,0.28534,0.28781,0.28035,0.28593,145317217
1762315200000,0.28593,0.28623,0.28491,0.2857,34647032
1762329600000,0.28569,0.28714,0.2846,0.28698,53210041
1762344000000,0.28697,0.28821,0.28615,0.28743,48569737
1762358400000,0.28742,0.29031,0.28667,0.28924,48234429
1762372800000,0.28923,0.28983,0.28867,0.28873,23626191
1762387200000,0.28874,0.28941,0.28763,0.28878,34979523
1762401600000,0.28879,0.28926,0.28596,0.28671,38818942
1762416000000,0.2867,0.28751,0.28586,0.28676,27317591
1762430400000,0.28677,0.28728,0.28181,0.28224,83924862
1762444800000,0.28224,0.28448,0.28171,0.28396,46958118
1762459200000,0.28397,0.28486,0.28298,0.2837,36781641
1762473600000,0.28369,0.28596,0.28311,0.28558,58018924
1762488000000,0.28558,0.28746,0.28512,0.28685,38119046
1762502400000,0.28685,0.28701,0.28236,0.28446,58300030
1762516800000,0.28446,0.28671,0.28306,0.28645,71606228
1762531200000,0.28644,0.29254,0.28641,0.29234,112989893
1762545600000,0.29234,0.29449,0.29171,0.29211,44078472
1762560000000,0.2921,0.29477,0.29124,0.29174,56493836
1762574400000,0.29173,0.2925,0.2903,0.29168,39452397
1762588800000,0.29167,0.29277,0.29116,0.29206,29566062
1762603200000,0.29207,0.29263,0.29025,0.29075,36790029
1762617600000,0.29074,0.29166,0.28969,0.29052,31732580
1762632000000,0.29053,0.29193,0.29052,0.2915,19182351
1762646400000,0.2915,0.29157,0.28874,0.28946,37538715
1762660800000,0.28947,0.2902,0.28921,0.2899,16243024
1762675200000,0.28991,0.29013,0.28859,0.28949,21397212
1762689600000,0.28949,0.29188,0.28921,0.29142,36099213
1762704000000,0.29141,0.29239,0.29087,0.29223,25056809
1762718400000,0.29224,0.29258,0.28992,0.2905,24891067
1762732800000,0.2905,0.29293,0.28989,0.29273,47621982
1762747200000,0.29273,0.29571,0.29208,0.29366,66015413
1762761600000,0.29367,0.29455,0.29304,0.29409,28862093
1762776000000,0.29409,0.29514,0.29292,0.29372,42103999
1762790400000,0.29372,0.29605,0.29329,0.29505,38039642
1762804800000,0.29505,0.29638,0.2944,0.29636,29760708
1762819200000,0.29636,0.29845,0.2961,0.29783,46372370
1762833600000,0.29784,0.29818,0.29597,0.29666,41470163
1762848000000,0.29665,0.29911,0.29654,0.29899,44555862
1762862400000,0.29898,0.30077,0.29767,0.29939,63076366
1762876800000,0.29939,0.30118,0.29828,0.29838,54805054
1762891200000,0.29837,0.2993,0.29634,0.29651,67240491
1762905600000,0.29651,0.29973,0.2959,0.29966,55152913
1762920000000,0.29966,0.30078,0.29788,0.29816,34801799
1762934400000,0.29815,0.30011,0.29763,0.29997,58761425
1762948800000,0.29997,0.3009,0.29574,0.29608,68174295
1762963200000,0.29608,0.29685,0.29335,0.29417,94670988
1762977600000,0.29416,0.29602,0.2938,0.29441,32781631
1762992000000,0.2944,0.29529,0.29315,0.29466,31885059
1763006400000,0.29465,0.29926,0.29435,0.29891,53532752
1763020800000,0.29892,0.2998,0.29738,0.29841,32565751
1763035200000,0.29841,0.2994,0.29628,0.29681,61296962
1763049600000,0.29681,0.29797,0.29094,0.29139,110979610
1763064000000,0.2914,0.29365,0.28989,0.29304,73907767
1763078400000,0.29303,0.29357,0.29078,0.29134,45397940
1763092800000,0.29134,0.29333,0.288,0.29319,109562135
1763107200000,0.29318,0.29418,0.29178,0.2923,68241217
1763121600000,0.29231,0.29665,0.28892,0.29588,190192152
1763136000000,0.29589,0.29835,0.29454,0.29598,79815867
1763150400000,0.29598,0.29608,0.2916,0.29245,94141265
1763164800000,0.29246,0.29479,0.29232,0.29409,42014758
1763179200000,0.29409,0.29471,0.29356,0.29411,24410953
1763193600000,0.29411,0.2942,0.29087,0.29152,50134413
1763208000000,0.29151,0.2937,0.29117,0.29275,35553407
1763222400000,0.29276,0.29557,0.29196,0.2928,40444133
1763236800000,0.2928,0.29471,0.29217,0.2947,27466430
1763251200000,0.29471,0.29639,0.2933,0.29624,43114015
1763265600000,0.29624,0.29871,0.29586,0.29767,42109015
1763280000000,0.29767,0.2994,0.29572,0.29604,61171911
1763294400000,0.29604,0.29689,0.29127,0.29213,80208650
1763308800000,0.29214,0.29284,0.28926,0.29157,116928493
1763323200000,0.29158,0.293,0.29014,0.29216,52456280
1763337600000,0.29215,0.29395,0.291,0.29279,48584860
1763352000000,0.29279,0.29339,0.29227,0.29269,24080767
1763366400000,0.29269,0.29429,0.29223,0.29387,34982582
1763380800000,0.29387,0.29632,0.29055,0.29376,130218030
1763395200000,0.29376,0.29581,0.29022,0.29051,114349939
1763409600000,0.29051,0.29232,0.28853,0.29168,78697002
1763424000000,0.29168,0.29286,0.28907,0.2912,95549021
1763438400000,0.29121,0.29151,0.28658,0.28779,90307102
1763452800000,0.28778,0.29013,0.28713,0.28936,65715858
1763467200000,0.28937,0.2916,0.28823,0.29127,65486442
1763481600000,0.29127,0.29298,0.29093,0.29249,51196477
1763496000000,0.29249,0.29263,0.28989,0.29015,48576379
1763510400000,0.29016,0.29071,0.28816,0.2883,57909104
1763524800000,0.28829,0.28848,0.28522,0.28775,79014178
1763539200000,0.28776,0.28838,0.2873,0.28795,38699235
1763553600000,0.28795,0.29013,0.28346,0.28362,91633201
1763568000000,0.2836,0.28508,0.28319,0.28392,67795937
1763582400000,0.28392,0.28721,0.28356,0.28677,57877520
1763596800000,0.28678,0.28783,0.28629,0.28764,38470189
1763611200000,0.28764,0.28811,0.28679,0.28764,27740939
1763625600000,0.28764,0.288,0.28552,0.28607,37610207
1763640000000,0.28608,0.28623,0.28102,0.2811,85517239
1763654400000,0.2811,0.28127,0.27723,0.278,141887971
1763668800000,0.278,0.28125,0.27714,0.28041,80165118
1763683200000,0.2804,0.28208,0.27862,0.2806,66902446
1763697600000,0.28059,0.282,0.27234,0.27543,121836639
1763712000000,0.27544,0.27882,0.27511,0.27528,114220204
1763726400000,0.27528,0.27792,0.27355,0.27609,160150968
1763740800000,0.27609,0.2782,0.27473,0.27582,133969695
1763755200000,0.27582,0.27745,0.27481,0.27652,94205080
1763769600000,0.27652,0.27729,0.27586,0.27607,48463602
1763784000000,0.27607,0.27641,0.27473,0.27632,88619849
1763798400000,0.27631,0.27637,0.27352,0.27473,89047307
1763812800000,0.27473,0.27546,0.2729,0.27334,58377623
1763827200000,0.27334,0.27434,0.27298,0.2735,27935276
1763841600000,0.2735,0.275,0.27346,0.27415,30842289
1763856000000,0.27415,0.27545,0.27385,0.27459,34337273
1763870400000,0.27459,0.27552,0.27362,0.27395,40994946
1763884800000,0.27396,0.27534,0.27396,0.27437,28789275
1763899200000,0.27437,0.27558,0.27437,0.2753,32494748
1763913600000,0.2753,0.27578,0.27447,0.27521,45658824
1763928000000,0.27521,0.27545,0.27435,0.27487,25164794
1763942400000,0.27487,0.27746,0.27427,0.27725,51647698
1763956800000,0.27725,0.27755,0.27594,0.27724,48281482
1763971200000,0.27723,0.27723,0.27593,0.27636,37477786
1763985600000,0.27636,0.27744,0.2748,0.27622,63715390
1764000000000,0.27621,0.27734,0.2761,0.27634,56000138
1764014400000,0.27633,0.27693,0.27452,0.27462,39958830
1764028800000,0.27461,0.27471,0.2718,0.27212,66382293
1764043200000,0.27212,0.27308,0.27183,0.27256,30366955
1764057600000,0.27255,0.27289,0.27162,0.27193,35016209
1764072000000,0.27194,0.27266,0.27063,0.2716,66678875
1764086400000,0.2716,0.27403,0.27143,0.27342,55755096
1764100800000,0.27342,0.27499,0.27323,0.27446,44692934
1764115200000,0.27445,0.2756,0.27402,0.27409,27576788
1764129600000,0.27408,0.27488,0.27389,0.27488,16358865
1764144000000,0.27487,0.27527,0.27374,0.27527,25877985
1764158400000,0.27527,0.27546,0.27408,0.27443,37962060
1764172800000,0.27443,0.27718,0.27423,0.2768,43600885
1764187200000,0.2768,0.2772,0.276,0.27639,21847884
1764201600000,0.27638,0.27709,0.27598,0.27669,26286984
1764216000000,0.27669,0.27711,0.27564,0.27666,20720803
1764230400000,0.27667,0.27782,0.27614,0.27772,20900318
1764244800000,0.27772,0.27833,0.27715,0.27832,30775500
1764259200000,0.27833,0.2804,0.2783,0.27957,40137971
1764273600000,0.27957,0.28039,0.27876,0.28018,30123008
1764288000000,0.28018,0.2804,0.27958,0.28004,28378445
1764302400000,0.28003,0.2818,0.27964,0.27996,59495329
1764316800000,0.27996,0.28085,0.27956,0.2803,43407209
1764331200000,0.28029,0.28063,0.27967,0.28017,27866946
1764345600000,0.28016,0.28127,0.27972,0.28125,32563871
1764360000000,0.28125,0.28217,0.28049,0.2809,36642031
1764374400000,0.28091,0.28116,0.28062,0.28072,14485892
1764388800000,0.28071,0.28155,0.2804,0.28102,20410860
1764403200000,0.28102,0.28114,0.28004,0.281,21200363
1764417600000,0.28101,0.28175,0.28072,0.28139,24918485
1764432000000,0.28139,0.28158,0.28033,0.28075,27786186
1764446400000,0.28076,0.28124,0.28048,0.28084,15259437
1764460800000,0.28085,0.2809,0.27945,0.27955,22715929
1764475200000,0.27955,0.28034,0.27927,0.28032,12910150
1764489600000,0.28032,0.2819,0.28017,0.28095,27548515
1764504000000,0.28095,0.28288,0.28079,0.2822,29924574
1764518400000,0.2822,0.28324,0.28126,0.28225,30000854
1764532800000,0.28225,0.28239,0.28118,0.28125,20819782
1764547200000,0.28124,0.28151,0.27673,0.27698,104234302
1764561600000,0.27697,0.27867,0.276,0.27611,66839941
1764576000000,0.27612,0.27799,0.27564,0.27734,43181800
1764590400000,0.27735,0.27856,0.2763,0.27799,69611142
1764604800000,0.278,0.27903,0.27523,0.2757,52662895
1764619200000,0.2757,0.27824,0.27561,0.27665,41259754
1764633600000,0.27665,0.27793,0.27634,0.27702,22322437
1764648000000,0.27703,0.27731,0.27647,0.27717,19848480
1764662400000,0.27717,0.27844,0.27644,0.27754,38707897
1764676800000,0.27754,0.28226,0.27728,0.28224,96857798
1764691200000,0.28224,0.28309,0.28151,0.28182,57689379
1764705600000,0.28183,0.28206,0.28061,0.2808,36224767
1764720000000,0.2808,0.28139,0.27979,0.27979,40261032
1764734400000,0.2798,0.28093,0.27904,0.28003,63227880
1764748800000,0.28004,0.2803,0.27854,0.28017,39539994
1764763200000,0.28017,0.28051,0.27727,0.27917,72121690
1764777600000,0.27918,0.27929,0.27837,0.2789,25033794
1764792000000,0.2789,0.28098,0.2789,0.28024,33141413
1764806400000,0.28023,0.28044,0.27947,0.27974,31318611
1764820800000,0.27973,0.28034,0.27908,0.27973,34172242
1764835200000,0.27973,0.28082,0.27952,0.28073,23559089
1764849600000,0.28073,0.28271,0.28072,0.28264,54940379
1764864000000,0.28265,0.2839,0.2813,0.28342,73638226
1764878400000,0.28342,0.28616,0.2834,0.28614,46783006
1764892800000,0.28614,0.28798,0.28592,0.28766,49568663
1764907200000,0.28767,0.28793,0.28553,0.28664,45758031
1764921600000,0.28664,0.28688,0.28418,0.28538,53915840
1764936000000,0.28538,0.28678,0.28381,0.28621,63576046
1764950400000,0.28621,0.28642,0.28381,0.28626,68579903
1764964800000,0.28626,0.28636,0.28511,0.28545,19598161
1764979200000,0.28544,0.28638,0.2854,0.28638,14943131
1764993600000,0.28637,0.2887,0.28637,0.28852,35032906
1765008000000,0.28852,0.28989,0.28719,0.28952,45332774
1765022400000,0.28951,0.29044,0.28916,0.29011,26978637
1765036800000,0.2901,0.29022,0.28601,0.28697,53582247
1765051200000,0.28697,0.28773,0.28677,0.28684,16455792
1765065600000,0.28684,0.28744,0.28631,0.28703,20838581
1765080000000,0.28703,0.28703,0.28435,0.28586,43412102
1765094400000,0.28586,0.28592,0.28392,0.28445,26894677
1765108800000,0.28445,0.28535,0.28389,0.28464,38964666
1765123200000,0.28464,0.28763,0.28425,0.28738,59191931
1765137600000,0.28738,0.28758,0.28537,0.28664,33217390
1765152000000,0.28665,0.28798,0.28665,0.28686,29534442
1765166400000,0.28685,0.28714,0.28585,0.28678,25338859
1765180800000,0.28678,0.28732,0.28585,0.28598,24954835
1765195200000,0.28598,0.286,0.28409,0.28409,42323306
1765209600000,0.28409,0.28409,0.28262,0.2833,44142742
1765224000000,0.2833,0.28331,0.28088,0.28106,36120295
1765238400000,0.28107,0.28107,0.27988,0.28009,51809951
1765252800000,0.2801,0.28162,0.2801,0.28111,34766608
1765267200000,0.28111,0.28123,0.28031,0.28042,19492583
1765281600000,0.28042,0.28101,0.27965,0.28006,44060966
1765296000000,0.28007,0.28297,0.28004,0.28272,62838124
1765310400000,0.28272,0.28343,0.28178,0.28205,33911246
1765324800000,0.28204,0.28286,0.28188,0.28188,21972734
1765339200000,0.28188,0.28189,0.27935,0.28038,38691510
1765353600000,0.28038,0.28038,0.27876,0.27884,31164416
1765368000000,0.27884,0.27895,0.27669,0.2781,50089668
1765382400000,0.2781,0.27901,0.2767,0.27832,44421951
1765396800000,0.27833,0.2806,0.27817,0.27993,41490265
1765411200000,0.27994,0.28049,0.27781,0.2783,33672419
1765425600000,0.2783,0.27969,0.27829,0.27882,29571254
1765440000000,0.27883,0.2808,0.27851,0.27978,38759451
1765454400000,0.27977,0.28156,0.27975,0.28083,43393710
1765468800000,0.28082,0.28181,0.27926,0.28,48745306
1765483200000,0.27999,0.2812,0.27996,0.28028,26707871
1765497600000,0.28028,0.28067,0.27944,0.27983,22208291
1765512000000,0.27983,0.27984,0.27836,0.27861,31453826
1765526400000,0.27862,0.27876,0.27671,0.27741,49717880
1765540800000,0.27741,0.27746,0.27413,0.27466,59245312
1765555200000,0.27466,0.2753,0.274,0.27511,56493208
1765569600000,0.27511,0.27513,0.27322,0.27353,28396698
1765584000000,0.27353,0.27499,0.27322,0.27387,29277835
1765598400000,0.27386,0.27422,0.27298,0.27307,22794312
1765612800000,0.27307,0.27328,0.27203,0.27208,34034833
1765627200000,0.27208,0.27266,0.27166,0.27182,33829121
1765641600000,0.27182,0.2721,0.27121,0.27159,23262034
1765656000000,0.2716,0.27169,0.27056,0.2709,22011268
1765670400000,0.27089,0.27401,0.27034,0.27385,60628723
1765684800000,0.27385,0.27459,0.27335,0.27452,29037465
1765699200000,0.27452,0.27565,0.2739,0.27439,38303448
1765713600000,0.27439,0.27586,0.27406,0.27562,35915941
1765728000000,0.27562,0.27724,0.27556,0.27674,35404791
1765742400000,0.27674,0.27735,0.27596,0.27719,32921789
1765756800000,0.2772,0.28277,0.2772,0.28184,106549629
1765771200000,0.28183,0.28231,0.28023,0.28116,45817654
1765785600000,0.28116,0.28189,0.27999,0.28182,42231173
1765800000000,0.28181,0.28223,0.27908,0.28048,62177314
1765814400000,0.28049,0.2811,0.27758,0.27871,56931742
1765828800000,0.27871,0.2789,0.2773,0.27814,28577686
1765843200000,0.27814,0.27923,0.27741,0.27788,31393520
1765857600000,0.27788,0.27931,0.27788,0.27835,22945885
1765872000000,0.27835,0.27992,0.27817,0.27975,29483909
1765886400000,0.27976,0.28146,0.27905,0.28127,43410877
1765900800000,0.28127,0.282,0.27989,0.2808,30007781
1765915200000,0.2808,0.2808,0.27978,0.28002,15908357
1765929600000,0.28002,0.28075,0.27921,0.28044,19333132
1765944000000,0.28044,0.28045,0.27882,0.27909,24892265
1765958400000,0.2791,0.27933,0.27863,0.27927,18640404
1765972800000,0.27927,0.28216,0.27894,0.27963,51353355
1765987200000,0.27962,0.28028,0.27785,0.27917,56340559
1766001600000,0.27916,0.27964,0.27869,0.27947,22749116
1766016000000,0.27948,0.27952,0.27841,0.27842,17568399
1766030400000,0.27841,0.27872,0.27674,0.27715,34390162
1766044800000,0.27715,0.27858,0.27684,0.27847,22837585
1766059200000,0.27847,0.2818,0.27834,0.28062,73053667
1766073600000,0.28062,0.282,0.27847,0.27871,64444224
1766088000000,0.2787,0.27954,0.27857,0.27915,22862935
1766102400000,0.27915,0.27976,0.27779,0.27867,33531306
1766116800000,0.27867,0.2797,0.27801,0.27955,34325695
1766131200000,0.27956,0.28001,0.27832,0.27847,26331161
1766145600000,0.27847,0.27992,0.27784,0.27864,32327623
1766160000000,0.27864,0.27981,0.27807,0.27938,33607716
1766174400000,0.27937,0.28047,0.27937,0.27991,21310604
1766188800000,0.27991,0.28044,0.27943,0.27962,23358999
1766203200000,0.27962,0.27982,0.27873,0.27891,12559327
1766217600000,0.27891,0.27942,0.2784,0.27939,19484441
1766232000000,0.27939,0.28008,0.2788,0.27988,17162840
1766246400000,0.27987,0.28034,0.27966,0.27998,16220824
1766260800000,0.27998,0.28193,0.27952,0.28182,20909583
1766275200000,0.28183,0.2832,0.28104,0.28314,41810561
1766289600000,0.28313,0.28394,0.28232,0.28382,27909282
1766304000000,0.28382,0.28595,0.28382,0.28569,38756767
1766318400000,0.2857,0.28669,0.28504,0.28668,40930078
1766332800000,0.28668,0.28841,0.28667,0.28818,38001091
1766347200000,0.28818,0.28862,0.28736,0.28814,27162931
1766361600000,0.28814,0.28904,0.28725,0.28855,37637611
1766376000000,0.28854,0.28855,0.28657,0.28766,28576459
1766390400000,0.28765,0.28803,0.28512,0.28549,40336582
1766404800000,0.2855,0.28569,0.28305,0.28387,57499889
1766419200000,0.2839,0.28552,0.28326,0.28436,36109756
1766433600000,0.28436,0.28474,0.28376,0.28421,23164992
1766448000000,0.28422,0.28442,0.2834,0.28401,20031136
1766462400000,0.284,0.28474,0.28333,0.28377,19596217
1766476800000,0.28377,0.28446,0.28318,0.28411,26465054
1766491200000,0.28411,0.2842,0.28218,0.28234,26446094
1766505600000,0.28235,0.28344,0.28227,0.28269,17793668
1766520000000,0.28268,0.28352,0.28208,0.28336,17561272
1766534400000,0.28335,0.28438,0.28295,0.28329,26128681
1766548800000,0.28328,0.28354,0.28166,0.28221,24184397
1766563200000,0.28221,0.28359,0.28221,0.28298,21369284
1766577600000,0.28299,0.28377,0.28093,0.28151,31488617
1766592000000,0.28151,0.28237,0.28076,0.28104,22084000
1766606400000,0.28105,0.28145,0.279,0.28016,44340074
1766620800000,0.28016,0.28089,0.27984,0.28002,20149823
1766635200000,0.28002,0.28056,0.27983,0.2804,17268920
1766649600000,0.28041,0.28047,0.2781,0.27863,28045679
1766664000000,0.27862,0.27907,0.27751,0.27752,23260602
1766678400000,0.27752,0.27876,0.2765,0.27866,34225332
1766692800000,0.27866,0.27908,0.27799,0.27857,20011658
1766707200000,0.27856,0.28006,0.27816,0.27973,23372596
1766721600000,0.27973,0.28013,0.27943,0.2798,12475080
1766736000000,0.27981,0.27992,0.2781,0.27842,16953858
1766750400000,0.27841,0.27889,0.27737,0.27764,27096645
1766764800000,0.27765,0.27826,0.27731,0.27786,17633261
1766779200000,0.27786,0.27964,0.27779,0.27936,20069629
1766793600000,0.27937,0.28036,0.27937,0.28015,16084632
1766808000000,0.28016,0.28016,0.27894,0.27911,10116282
1766822400000,0.2791,0.27953,0.27839,0.2794,18789878
1766836800000,0.27939,0.28043,0.27914,0.28029,18653015
1766851200000,0.28028,0.28269,0.28024,0.28247,34503962
1766865600000,0.28246,0.28497,0.28246,0.28481,31698754
1766880000000,0.28481,0.28542,0.28343,0.28369,19777741
1766894400000,0.28369,0.28386,0.28308,0.28364,9750795
1766908800000,0.28364,0.28399,0.28314,0.28325,13688062
1766923200000,0.28325,0.28472,0.28321,0.28375,21197889
1766937600000,0.28375,0.28485,0.28369,0.28467,17898626
1766952000000,0.28467,0.2854,0.28422,0.28485,15875937
1766966400000,0.28485,0.28578,0.2841,0.28527,21657944
1766980800000,0.28527,0.28571,0.28402,0.28446,34282297
1766995200000,0.28446,0.28446,0.28169,0.28197,34915838
1767009600000,0.28196,0.28239,0.28128,0.28218,28174381
1767024000000,0.28219,0.28388,0.28164,0.28379,24009431
1767038400000,0.28379,0.28499,0.28332,0.2849,25804896
1767052800000,0.2849,0.28525,0.28408,0.28503,22030010
1767067200000,0.28503,0.28569,0.28449,0.2845,20779078
1767081600000,0.2845,0.286,0.28448,0.28532,21186176
1767096000000,0.28531,0.28577,0.28488,0.28498,17638141
1767110400000,0.28499,0.28563,0.28497,0.28553,18303691
1767124800000,0.28553,0.28674,0.28552,0.28618,18076229
1767139200000,0.28617,0.28665,0.28522,0.28556,19270060
1767153600000,0.28555,0.28581,0.28393,0.28414,22355618
1767168000000,0.28414,0.28414,0.28282,0.28358,24186545
1767182400000,0.28357,0.28365,0.282,0.28317,23949307
1767196800000,0.28318,0.28395,0.28268,0.28307,21622099
1767211200000,0.28307,0.28479,0.28288,0.28436,16245463
1767225600000,0.28437,0.28455,0.28353,0.28354,9766454
1767240000000,0.28355,0.28565,0.28338,0.28466,13986923
1767254400000,0.28467,0.28565,0.28389,0.28446,19683591
1767268800000,0.28445,0.28468,0.28373,0.28456,17207545
1767283200000,0.28456,0.28539,0.2845,0.28521,12892337
1767297600000,0.28522,0.28707,0.28466,0.28695,18744833
1767312000000,0.28695,0.28729,0.28588,0.28599,17138156
1767326400000,0.28599,0.28609,0.28528,0.28563,17322897
1767340800000,0.28563,0.28567,0.28422,0.28496,30864503
1767355200000,0.28496,0.2864,0.28459,0.28569,24885096
1767369600000,0.28569,0.28731,0.28542,0.28665,27902725
1767384000000,0.28664,0.2889,0.28658,0.28889,21328188
1767398400000,0.28888,0.29059,0.28852,0.28869,28467462
1767412800000,0.28868,0.28902,0.2876,0.28811,20696541
1767427200000,0.28811,0.28877,0.28797,0.28852,13777928
1767441600000,0.28852,0.29153,0.28842,0.29135,40984620
1767456000000,0.29136,0.29365,0.29136,0.29362,26461618
1767470400000,0.29363,0.29569,0.29346,0.29566,23050751
1767484800000,0.29566,0.29594,0.29466,0.2949,22389520
1767499200000,0.29491,0.29495,0.29357,0.29434,18796342
1767513600000,0.29435,0.29471,0.29322,0.29366,21739678
1767528000000,0.29367,0.29481,0.29343,0.29449,27495586
1767542400000,0.29449,0.29485,0.29371,0.29416,17209446
1767556800000,0.29417,0.2942,0.2933,0.29389,17585655
1767571200000,0.29388,0.29486,0.29353,0.29464,22539790
1767585600000,0.29465,0.29572,0.29393,0.29471,43561972
1767600000000,0.2947,0.29479,0.29153,0.29236,53722329
1767614400000,0.29236,0.29296,0.2918,0.29286,25430168
1767628800000,0.29286,0.29299,0.29151,0.29196,27445015
1767643200000,0.29196,0.29266,0.29175,0.29188,18123650
1767657600000,0.29189,0.29307,0.29169,0.29303,22578954
1767672000000,0.29302,0.29332,0.29219,0.29299,18990367
1767686400000,0.293,0.29315,0.29076,0.29143,29605265
1767700800000,0.29144,0.29312,0.29126,0.2919,27995082
1767715200000,0.29191,0.29237,0.291,0.29171,26631207
1767729600000,0.29171,0.29412,0.2915,0.29406,25940452
1767744000000,0.29406,0.29496,0.29375,0.29449,32186732
1767758400000,0.29449,0.29516,0.29425,0.29474,16734332
1767772800000,0.29475,0.29592,0.29431,0.29502,35873376
1767787200000,0.29502,0.29686,0.2946,0.29638,53766407
1767801600000,0.29638,0.29866,0.29622,0.29737,71150738
1767816000000,0.29737,0.2985,0.29709,0.29808,30237070
1767830400000,0.29808,0.29858,0.29671,0.29786,37625123
1767844800000,0.29786,0.29856,0.29563,0.29649,35261640
1767859200000,0.29648,0.29661,0.2949,0.29655,33344639
1767873600000,0.29654,0.29666,0.29485,0.29559,42282504
1767888000000,0.29558,0.29559,0.29407,0.29461,30222132
1767902400000,0.2946,0.29551,0.2943,0.2947,14073813
1767916800000,0.29471,0.29518,0.2937,0.29378,25796607
1767931200000,0.29378,0.29435,0.29315,0.2932,20796096
1767945600000,0.2932,0.29342,0.29229,0.29297,39018844
1767960000000,0.29297,0.2969,0.29277,0.29645,58388279
1767974400000,0.29645,0.29818,0.29632,0.29816,39756349
1767988800000,0.29816,0.2996,0.2971,0.29835,49107650
1768003200000,0.29835,0.29867,0.29751,0.29803,17877941
1768017600000,0.29803,0.29886,0.29698,0.2978,24931781
1768032000000,0.2978,0.2985,0.29725,0.29845,26248850
1768046400000,0.29846,0.2994,0.29764,0.29912,18621238
1768060800000,0.29912,0.29991,0.29887,0.29931,18608058
1768075200000,0.29931,0.3025,0.29921,0.30228,29428989
1768089600000,0.30228,0.30346,0.29913,0.30001,56112238
1768104000000,0.30001,0.30117,0.29857,0.29868,30418328
1768118400000,0.29868,0.29944,0.29822,0.29941,21829072
1768132800000,0.29941,0.29995,0.29833,0.29915,20805945
1768147200000,0.29916,0.30333,0.29899,0.30238,38250352
1768161600000,0.30237,0.30241,0.29885,0.29931,39934940
1768176000000,0.29932,0.2997,0.29843,0.29897,27658831
1768190400000,0.29897,0.29913,0.29702,0.29751,28522386
1768204800000,0.29752,0.29847,0.29687,0.29732,26578919
1768219200000,0.29732,0.29864,0.29707,0.29858,24140649
1768233600000,0.29858,0.29983,0.29806,0.2998,28673875
1768248000000,0.29979,0.30059,0.29925,0.29967,17683313
1768262400000,0.29966,0.30056,0.29858,0.29993,22899911
1768276800000,0.29994,0.29994,0.2982,0.2991,25390816
1768291200000,0.2991,0.29936,0.29827,0.29833,26263076
1768305600000,0.29832,0.30309,0.29825,0.30123,48121700
1768320000000,0.30123,0.30471,0.30087,0.30438,34971103
1768334400000,0.30439,0.30725,0.30402,0.30698,46394858
1768348800000,0.30698,0.30726,0.30386,0.30451,28505527
1768363200000,0.3045,0.30501,0.30216,0.30277,42331573
1768377600000,0.30277,0.3031,0.30067,0.30131,51567133
1768392000000,0.3013,0.30428,0.30099,0.30279,46851513
1768406400000,0.30279,0.30463,0.30109,0.30267,33371774
1768420800000,0.30267,0.30484,0.30252,0.30445,25388282
1768435200000,0.30444,0.3056,0.3032,0.30462,33375960
1768449600000,0.30462,0.3066,0.30453,0.3058,37013151
1768464000000,0.3058,0.30696,0.30176,0.30517,70121582
1768478400000,0.30517,0.30887,0.30467,0.30806,57503157
1768492800000,0.30806,0.30995,0.3073,0.30984,44589148
1768507200000,0.30984,0.31268,0.30909,0.31256,36209447
1768521600000,0.31255,0.31269,0.3106,0.31203,24740505
1768536000000,0.31203,0.31203,0.30801,0.30859,29965713
1768550400000,0.3086,0.3086,0.30602,0.30842,31763677
1768564800000,0.30843,0.309,0.30547,0.30565,29456951
1768579200000,0.30565,0.30858,0.30503,0.30834,31863625
1768593600000,0.30834,0.31101,0.30826,0.30941,30028457
1768608000000,0.30942,0.31073,0.30871,0.31026,18891360
1768622400000,0.31027,0.31206,0.30976,0.31158,21320875
1768636800000,0.31159,0.31322,0.30894,0.3126,36534807
1768651200000,0.3126,0.31538,0.31167,0.31456,34665353
1768665600000,0.31456,0.31661,0.31416,0.31626,29102418
1768680000000,0.31626,0.31939,0.31591,0.31854,38592042
1768694400000,0.31853,0.32029,0.31694,0.32029,43788088
1768708800000,0.32029,0.32084,0.31778,0.31806,37301700
1768723200000,0.31807,0.31807,0.3147,0.31708,52383504
1768737600000,0.31709,0.31962,0.31517,0.31937,32023208
1768752000000,0.31937,0.32002,0.31813,0.3187,29092345
1768766400000,0.31869,0.32049,0.31731,0.31754,33989118
1768780800000,0.31755,0.31875,0.31398,0.31865,82549502
1768795200000,0.31865,0.32062,0.31596,0.31694,49382515
1768809600000,0.31694,0.31718,0.31332,0.31525,47712585
1768824000000,0.31525,0.31525,0.30781,0.31013,73641064
1768838400000,0.31013,0.3107,0.30782,0.30909,39400803
1768852800000,0.30909,0.31226,0.30902,0.31175,28220824
1768867200000,0.31175,0.31187,0.30984,0.31024,19859846
1768881600000,0.31025,0.3139,0.30616,0.30657,63537768
1768896000000,0.30658,0.307,0.30252,0.3041,62866691
1768910400000,0.30411,0.30411,0.2974,0.29777,80482725
1768924800000,0.29777,0.29872,0.2967,0.29763,42231597
1768939200000,0.29763,0.29863,0.29652,0.29659,28612854
1768953600000,0.2966,0.29782,0.29618,0.29775,28137105
1768968000000,0.29774,0.29855,0.29682,0.29796,25924962
1768982400000,0.29797,0.29823,0.29496,0.29527,35905608
1768996800000,0.29526,0.30047,0.2949,0.299,60890342
1769011200000,0.29899,0.29929,0.29682,0.29864,45332762
1769025600000,0.29864,0.30032,0.29834,0.29909,32415674
1769040000000,0.29908,0.30035,0.29875,0.29947,19651643
1769054400000,0.29948,0.30153,0.29901,0.29923,27430085
1769068800000,0.29924,0.30043,0.29807,0.29919,38282372
1769083200000,0.29919,0.30128,0.29901,0.3003,37642250
1769097600000,0.3003,0.30424,0.30003,0.30424,45930734
1769112000000,0.30424,0.30782,0.30419,0.30512,45071526
1769126400000,0.30512,0.30928,0.30508,0.30917,32155085
1769140800000,0.30917,0.31095,0.30768,0.30926,56656271
1769155200000,0.30926,0.30994,0.30606,0.30625,35195107
1769169600000,0.30626,0.30644,0.2978,0.29882,61627903
1769184000000,0.29882,0.30065,0.29822,0.29904,46688611
1769198400000,0.29904,0.29905,0.29593,0.29766,60459677
1769212800000,0.29767,0.298,0.29653,0.29667,21226666
1769227200000,0.29666,0.29729,0.29641,0.2969,20226155
1769241600000,0.2969,0.2979,0.2942,0.29495,38891752
1769256000000,0.29495,0.29628,0.29353,0.29592,30685442
1769270400000,0.29592,0.29736,0.29547,0.29624,24564183
1769284800000,0.29624,0.29651,0.29469,0.29517,18830248
1769299200000,0.29517,0.29588,0.2948,0.29565,14588799
1769313600000,0.29565,0.29613,0.29516,0.29541,11858130
1769328000000,0.29541,0.29738,0.29538,0.29722,23140718
1769342400000,0.29721,0.29878,0.29709,0.29789,32833115
1769356800000,0.29788,0.29801,0.29385,0.29447,56593881
1769371200000,0.29447,0.29586,0.29444,0.29552,25039029
1769385600000,0.29553,0.29692,0.29545,0.29652,26918920
1769400000000,0.29651,0.29722,0.29571,0.29614,15926992
1769414400000,0.29614,0.29652,0.29495,0.29511,27573061
1769428800000,0.29512,0.29571,0.29446,0.29465,25960650
1769443200000,0.29466,0.29665,0.29441,0.2965,29366862
1769457600000,0.2965,0.29699,0.29614,0.2964,14949548
1769472000000,0.2964,0.29653,0.29526,0.29577,21831031
1769486400000,0.29577,0.2959,0.2949,0.29513,15287651
1769500800000,0.29513,0.29551,0.2937,0.29372,25687112
1769515200000,0.29372,0.2941,0.29272,0.29352,24815199
1769529600000,0.29352,0.29515,0.29351,0.29445,30395404
1769544000000,0.29446,0.29508,0.29406,0.29438,19878593
1769558400000,0.29438,0.29439,0.29306,0.29313,24731889
1769572800000,0.29313,0.29342,0.29251,0.29325,16880695
1769587200000,0.29325,0.29326,0.29145,0.29276,37803151
1769601600000,0.29276,0.29297,0.29036,0.29094,35076643
1769616000000,0.29095,0.29392,0.29058,0.29362,31925192
1769630400000,0.29363,0.29546,0.29323,0.29526,32298911
1769644800000,0.29525,0.29548,0.29402,0.29419,22241335
1769659200000,0.29419,0.29521,0.2936,0.29473,23217264
1769673600000,0.29474,0.2952,0.29395,0.29467,23348242
1769688000000,0.29466,0.29513,0.29132,0.29179,55778511
1769702400000,0.29179,0.29342,0.28958,0.29312,48505497
1769716800000,0.29312,0.29546,0.29257,0.29488,39991230
1769731200000,0.29488,0.29539,0.29135,0.29256,48915021
1769745600000,0.29255,0.29282,0.29024,0.2906,33034881
1769760000000,0.29061,0.29068,0.28772,0.29005,46249549
1769774400000,0.29004,0.29245,0.2888,0.29151,54525534
1769788800000,0.29151,0.29499,0.2915,0.29463,43904414
1769803200000,0.29463,0.29536,0.29259,0.2942,32743307
1769817600000,0.29419,0.29432,0.29239,0.29283,23491873
1769832000000,0.29284,0.29289,0.29118,0.29168,19362502
1769846400000,0.29168,0.29172,0.29045,0.29165,21445414
1769860800000,0.29165,0.29165,0.28644,0.28718,60293375
1769875200000,0.28714,0.28796,0.28234,0.28524,97933143
1769889600000,0.28524,0.28669,0.28388,0.28649,37142381
1769904000000,0.28649,0.28649,0.2855,0.28586,26247196
1769918400000,0.28587,0.28749,0.28429,0.287,39743990
1769932800000,0.28701,0.28723,0.28497,0.28548,27825028
1769947200000,0.28547,0.28598,0.28404,0.28409,31569632
1769961600000,0.28408,0.28676,0.28301,0.28624,45664775
1769976000000,0.28624,0.28625,0.28367,0.28451,40608193
1769990400000,0.2845,0.28541,0.28121,0.28258,52160497
1770004800000,0.28257,0.2837,0.28079,0.28348,47048584
1770019200000,0.28347,0.28454,0.28319,0.2835,47761387
1770033600000,0.28349,0.28405,0.28222,0.28405,45407139
1770048000000,0.28405,0.28474,0.28273,0.28276,34269186
1770062400000,0.28276,0.28374,0.28252,0.28321,20780413
1770076800000,0.28321,0.284,0.28243,0.28333,26091630
1770091200000,0.28333,0.2838,0.28274,0.28352,15302643
1770105600000,0.28353,0.28404,0.28275,0.28303,24560289
1770120000000,0.28303,0.28349,0.28258,0.28308,31331268
1770134400000,0.28308,0.28394,0.28095,0.28353,66424658
1770148800000,0.28352,0.28683,0.28328,0.28598,47457707
1770163200000,0.28597,0.28719,0.28585,0.28683,32683508
1770177600000,0.28683,0.28739,0.28647,0.28677,19876179
1770192000000,0.28676,0.28741,0.28643,0.28684,26870223
1770206400000,0.28684,0.28699,0.2836,0.2838,51348520
1770220800000,0.28379,0.28464,0.28177,0.28432,53620577
1770235200000,0.28432,0.28444,0.28192,0.2832,26878986
1770249600000,0.2832,0.28376,0.28007,0.28124,50120472
1770264000000,0.28124,0.28185,0.27965,0.28035,39987904
1770278400000,0.28035,0.28152,0.27824,0.2788,47794847
1770292800000,0.2788,0.27955,0.27584,0.27734,93628154
1770307200000,0.27734,0.27828,0.27244,0.27261,84196086
1770321600000,0.2726,0.2729,0.26853,0.26865,88673953
1770336000000,0.26865,0.27278,0.26645,0.26931,114802181
1770350400000,0.26931,0.27182,0.26843,0.2688,56228734
1770364800000,0.26879,0.27016,0.26787,0.26943,60715395
1770379200000,0.26943,0.27221,0.26842,0.27213,67512480
1770393600000,0.27213,0.27396,0.2719,0.27262,72851886
1770408000000,0.27263,0.27428,0.27239,0.27395,34778766
1770422400000,0.27395,0.27486,0.27294,0.27482,31478450
1770436800000,0.27482,0.27627,0.27343,0.27371,54445908
1770451200000,0.27372,0.27479,0.27344,0.2744,27972521
1770465600000,0.2744,0.27588,0.27429,0.27546,38881972
1770480000000,0.27545,0.27783,0.27524,0.27769,46979275
1770494400000,0.27768,0.27861,0.27697,0.27801,25377019
1770508800000,0.27802,0.27816,0.27643,0.2768,26817680
1770523200000,0.2768,0.27699,0.27599,0.27695,16666118
1770537600000,0.27696,0.27854,0.27648,0.27844,29480198
1770552000000,0.27844,0.27937,0.27798,0.27898,31485752
1770566400000,0.27898,0.27956,0.27857,0.27945,22754175
1770580800000,0.27945,0.27945,0.2775,0.27755,22951030
1770595200000,0.27755,0.27913,0.27712,0.27907,29231211
1770609600000,0.27906,0.27926,0.27798,0.27828,16576772
1770624000000,0.27828,0.27918,0.27692,0.27733,38724694
1770638400000,0.27732,0.27883,0.27602,0.27761,62788043
1770652800000,0.2776,0.27894,0.27703,0.27881,26041347
1770667200000,0.2788,0.27924,0.27837,0.27899,18298548
1770681600000,0.27898,0.28045,0.27822,0.27843,37257719
1770696000000,0.27844,0.27873,0.2766,0.27677,29415135
1770710400000,0.27677,0.27735,0.27582,0.27634,23694863
1770724800000,0.27634,0.27825,0.27629,0.27747,31424623
1770739200000,0.27746,0.27827,0.27705,0.27799,20471400
1770753600000,0.27799,0.27869,0.27729,0.27801,18163660
1770768000000,0.278,0.2782,0.27593,0.27622,25276978
1770782400000,0.27621,0.27639,0.27401,0.27472,38198020
1770796800000,0.27473,0.27482,0.27358,0.27389,24480501
1770811200000,0.27389,0.27588,0.27368,0.27507,46172560
1770825600000,0.27507,0.27739,0.27498,0.27671,38883152
1770840000000,0.27672,0.27836,0.27671,0.27826,28240075
1770854400000,0.27826,0.27905,0.27806,0.27853,22451616
1770868800000,0.27853,0.27966,0.27772,0.27919,32955752
1770883200000,0.27918,0.27948,0.27786,0.27816,23704442
1770897600000,0.27815,0.27863,0.2772,0.27724,31519185
1770912000000,0.27725,0.27776,0.27598,0.27755,39640025
1770926400000,0.27755,0.28033,0.27755,0.27993,35454210
1770940800000,0.27994,0.28047,0.27856,0.27886,29582050
1770955200000,0.27887,0.27909,0.27773,0.27797,16179018
1770969600000,0.27797,0.27871,0.27701,0.27712,18468713
1770984000000,0.27712,0.27903,0.27674,0.27835,35659298
1770998400000,0.27835,0.28143,0.27827,0.28092,40382190
1771012800000,0.28092,0.28245,0.28088,0.28219,23898918
1771027200000,0.2822,0.28304,0.28149,0.28278,22646616
1771041600000,0.28278,0.28292,0.28206,0.28267,14219317
1771056000000,0.28267,0.28378,0.28195,0.28346,23886382
1771070400000,0.28346,0.2838,0.28276,0.28293,20714649
1771084800000,0.28294,0.28323,0.28226,0.28284,19358148
1771099200000,0.28284,0.28293,0.28208,0.2824,18500576
1771113600000,0.2824,0.28257,0.28096,0.28163,28641383
1771128000000,0.28163,0.28218,0.2814,0.28186,18173097
1771142400000,0.28186,0.28198,0.28049,0.28088,24485571
1771156800000,0.28089,0.28111,0.27897,0.28055,33060288
1771171200000,0.28056,0.28057,0.27955,0.27993,20568341
1771185600000,0.27993,0.28075,0.27963,0.28036,22294318
1771200000000,0.28036,0.28082,0.27924,0.27953,19387914
1771214400000,0.27952,0.28031,0.27937,0.27963,15421118
1771228800000,0.27962,0.28063,0.27931,0.28057,16468806
1771243200000,0.28057,0.28226,0.28029,0.28198,46814074
1771257600000,0.28198,0.28372,0.28187,0.28342,37395954
1771272000000,0.28343,0.28539,0.28342,0.28442,34538925
1771286400000,0.28441,0.28542,0.28374,0.28415,30430144
1771300800000,0.28415,0.28468,0.28372,0.28438,22843975
1771315200000,0.28438,0.28463,0.28077,0.28101,37356374
1771329600000,0.28102,0.28154,0.27921,0.28002,43646849
1771344000000,0.28002,0.28213,0.27963,0.28195,31396990
1771358400000,0.28195,0.28239,0.28143,0.28206,14697879
1771372800000,0.28206,0.28209,0.2808,0.28137,23264100
1771387200000,0.28138,0.28212,0.28119,0.28156,14167405
1771401600000,0.28156,0.28172,0.27994,0.27997,22991269
1771416000000,0.27997,0.28091,0.27912,0.27996,29524923
1771430400000,0.27996,0.27997,0.27834,0.27841,32822531
1771444800000,0.27841,0.27935,0.27791,0.27862,31950889
1771459200000,0.27862,0.28013,0.27816,0.27988,21003193
1771473600000,0.27988,0.28064,0.27963,0.27999,15144662
1771488000000,0.27999,0.28102,0.27908,0.28,26433561
1771502400000,0.27999,0.28045,0.27882,0.28038,24536634
1771516800000,0.28038,0.28396,0.28033,0.28392,56756832
1771531200000,0.28392,0.28534,0.28391,0.28481,33843576
1771545600000,0.28481,0.28546,0.28282,0.28321,39213704
1771560000000,0.2832,0.28385,0.28308,0.28325,15477488
1771574400000,0.28325,0.28555,0.28258,0.28481,36847607
1771588800000,0.28481,0.28824,0.28405,0.28603,75973894
1771603200000,0.28602,0.28688,0.28437,0.28509,37599828
1771617600000,0.2851,0.28581,0.28501,0.28522,14557227
1771632000000,0.28522,0.28555,0.28432,0.28453,17669748
1771646400000,0.28453,0.28509,0.28427,0.28508,12000615
1771660800000,0.28509,0.28684,0.28489,0.2861,18901137
1771675200000,0.2861,0.2874,0.28561,0.28723,16977316
1771689600000,0.28723,0.28897,0.28699,0.28894,27234156
1771704000000,0.28894,0.28958,0.28845,0.289,22899316
1771718400000,0.28899,0.28954,0.28834,0.2888,19857383
1771732800000,0.28879,0.2888,0.28731,0.28766,16951054
1771747200000,0.28766,0.28925,0.28716,0.28859,26777278
1771761600000,0.2886,0.28951,0.28804,0.28935,19784778
1771776000000,0.28935,0.29092,0.28907,0.29036,22956876
1771790400000,0.29036,0.29112,0.28994,0.29045,14106300
1771804800000,0.29046,0.2905,0.28638,0.28711,63618128
1771819200000,0.2871,0.28782,0.28615,0.28764,21800947
1771833600000,0.28764,0.28879,0.28665,0.28672,27020208
1771848000000,0.28673,0.28689,0.28341,0.28345,59298231
1771862400000,0.28345,0.28345,0.28138,0.28201,41031106
1771876800000,0.28201,0.28201,0.28051,0.28159,28072495
1771891200000,0.2816,0.28249,0.28113,0.28172,26790982
1771905600000,0.28173,0.28194,0.2808,0.28108,15175233
1771920000000,0.28108,0.28109,0.27977,0.28035,22287461
1771934400000,0.28034,0.28157,0.2798,0.28156,32950814
1771948800000,0.28156,0.28261,0.28149,0.28253,33664426
1771963200000,0.28253,0.2837,0.28252,0.28369,20187097
1771977600000,0.28369,0.28642,0.28335,0.28601,46811243
1771992000000,0.28601,0.2868,0.28561,0.28636,19460796
1772006400000,0.28636,0.28725,0.28478,0.28542,27390255
1772020800000,0.28542,0.28613,0.28443,0.28458,33799422
1772035200000,0.28457,0.28644,0.2843,0.28635,35993614
1772049600000,0.28635,0.2864,0.28477,0.28512,28959337
1772064000000,0.28513,0.28623,0.28466,0.28528,26955383
1772078400000,0.28528,0.28761,0.28508,0.28631,39381684
1772092800000,0.28632,0.28663,0.28558,0.28632,20302071
1772107200000,0.28632,0.28679,0.28563,0.2862,18770428
1772121600000,0.28621,0.28625,0.28467,0.28574,25995244
1772136000000,0.28574,0.28597,0.2851,0.2856,14754760
1772150400000,0.2856,0.28569,0.28417,0.28446,16802291
1772164800000,0.28447,0.28509,0.28428,0.28493,16026974
1772179200000,0.28493,0.2854,0.2837,0.28446,24514553
1772193600000,0.28447,0.28471,0.28263,0.28322,31140248
1772208000000,0.28322,0.28342,0.281,0.28188,34597007
1772222400000,0.28188,0.28291,0.2818,0.28265,14423308
1772236800000,0.28265,0.28277,0.28204,0.28241,12590867
1772251200000,0.28241,0.28273,0.28014,0.28042,37483739
1772265600000,0.28042,0.28046,0.278,0.27904,51924567
1772280000000,0.27904,0.2802,0.27889,0.28013,26458366
1772294400000,0.28013,0.28205,0.27987,0.28189,27585644
1772308800000,0.28188,0.28231,0.28144,0.28164,18312160
1772323200000,0.28164,0.28361,0.28103,0.2818,33004575
1772337600000,0.2818,0.28237,0.28145,0.28153,15402860
1772352000000,0.28152,0.28169,0.2805,0.28092,18305712
1772366400000,0.28091,0.28218,0.28047,0.28135,21373996
1772380800000,0.28136,0.28173,0.28047,0.28048,20186385
1772395200000,0.28047,0.28091,0.27893,0.28044,25335866
1772409600000,0.28044,0.28176,0.28041,0.28104,16411258
1772424000000,0.28105,0.28151,0.28061,0.28102,15006663
1772438400000,0.28103,0.282,0.2808,0.28138,15821809
1772452800000,0.28139,0.28319,0.28116,0.28228,24170977
1772467200000,0.28227,0.28278,0.28171,0.28249,20169711
1772481600000,0.28249,0.28331,0.28202,0.28314,18050846
1772496000000,0.28314,0.2835,0.28264,0.28294,16925588
1772510400000,0.28294,0.28303,0.2813,0.28199,16956336
1772524800000,0.282,0.2821,0.28056,0.28091,23097652
1772539200000,0.2809,0.28164,0.27984,0.28066,25853795
1772553600000,0.28065,0.28096,0.27998,0.28063,22905175
1772568000000,0.28064,0.28074,0.28001,0.28024,12917368
1772582400000,0.28024,0.28074,0.27868,0.28005,42994462
1772596800000,0.28006,0.2835,0.27981,0.28315,42666052
1772611200000,0.28315,0.2843,0.28284,0.28415,38786943
1772625600000,0.28415,0.28603,0.28375,0.28585,40800083
1772640000000,0.28584,0.28778,0.28527,0.28755,30167882
1772654400000,0.28755,0.28795,0.28634,0.28684,34503756
1772668800000,0.28683,0.28802,0.28443,0.28479,38992532
1772683200000,0.28479,0.28518,0.28373,0.284,29069046
1772697600000,0.284,0.28462,0.28349,0.28404,20008761
1772712000000,0.28403,0.28413,0.28238,0.28309,29766758
1772726400000,0.28309,0.2831,0.28222,0.28254,17597696
1772740800000,0.28253,0.2872,0.28251,0.2851,91883221
1772755200000,0.2851,0.28543,0.28472,0.28516,18743947
1772769600000,0.28516,0.28673,0.28501,0.28597,28825790
1772784000000,0.28598,0.28699,0.28528,0.28674,21946821
1772798400000,0.28673,0.28715,0.28488,0.28526,38213152
1772812800000,0.28527,0.28579,0.28455,0.28465,21618858
1772827200000,0.28465,0.28495,0.28416,0.28433,17642803
1772841600000,0.28432,0.28484,0.28364,0.28409,16667855
1772856000000,0.28408,0.28408,0.28319,0.28355,14279567
1772870400000,0.28355,0.28404,0.28292,0.28393,14277856
1772884800000,0.28393,0.28485,0.28388,0.28476,13165505
1772899200000,0.28477,0.28628,0.28458,0.2854,22386400
1772913600000,0.28541,0.28688,0.2854,0.28649,22480437
1772928000000,0.28649,0.2871,0.2862,0.2862,19576445
1772942400000,0.28621,0.28658,0.28558,0.28628,15847813
1772956800000,0.28629,0.28718,0.28582,0.28587,20212866
1772971200000,0.28586,0.28855,0.28562,0.28853,30278859
1772985600000,0.28854,0.29027,0.2881,0.28988,40252201
1773000000000,0.28988,0.29076,0.28863,0.28905,34028483
1773014400000,0.28905,0.2908,0.28886,0.29026,27412520
1773028800000,0.29025,0.29044,0.28756,0.28805,26675362
1773043200000,0.28806,0.28817,0.2843,0.28493,39086243
1773057600000,0.28493,0.28548,0.28401,0.28526,43376813
1773072000000,0.28526,0.28624,0.28505,0.28583,27372552
1773086400000,0.28582,0.28609,0.28518,0.28538,17127677
1773100800000,0.28537,0.28632,0.28492,0.28585,26446741
1773115200000,0.28585,0.28621,0.28564,0.28602,15505391
1773129600000,0.28603,0.28632,0.28367,0.28375,33302216
1773144000000,0.28375,0.28476,0.28336,0.28407,38443074
1773158400000,0.28406,0.2852,0.28385,0.28504,26831751
1773172800000,0.28505,0.2859,0.28468,0.28557,16322372
1773187200000,0.28557,0.28677,0.28504,0.2866,21449606
1773201600000,0.28659,0.28776,0.28631,0.28687,23203013
1773216000000,0.28687,0.28837,0.2867,0.28786,29250465
1773230400000,0.28786,0.29037,0.28785,0.29037,45905276
1773244800000,0.29037,0.29159,0.28973,0.29015,47443549
1773259200000,0.29016,0.29139,0.29013,0.29127,24517568
1773273600000,0.29127,0.29219,0.28951,0.28973,38496036
1773288000000,0.28973,0.29029,0.28906,0.2896,17669648
1773302400000,0.2896,0.29026,0.28888,0.28895,20607007
1773316800000,0.28896,0.2896,0.28838,0.28946,31305069
1773331200000,0.28947,0.28952,0.28843,0.28865,21259989
1773345600000,0.28864,0.28949,0.28851,0.28893,18289656
1773360000000,0.28893,0.29063,0.28859,0.2897,26240622
1773374400000,0.28971,0.28983,0.28888,0.28899,18166372
1773388800000,0.28899,0.28973,0.28824,0.28851,26438493
1773403200000,0.2885,0.29082,0.28828,0.28945,48980294
1773417600000,0.28946,0.29179,0.28931,0.29164,34496925
1773432000000,0.29164,0.29342,0.29148,0.2933,31196391
1773446400000,0.2933,0.29408,0.29263,0.29396,30366563
1773460800000,0.29397,0.29465,0.29328,0.29405,26204433
1773475200000,0.29405,0.29495,0.2932,0.29485,31059605
1773489600000,0.29485,0.29827,0.29484,0.29816,59310940
1773504000000,0.29816,0.29909,0.29639,0.29699,34804859
1773518400000,0.29699,0.298,0.29654,0.29765,14399463
1773532800000,0.29765,0.29785,0.29642,0.29685,17156162
1773547200000,0.29685,0.29685,0.29569,0.29616,15444040
1773561600000,0.29617,0.29772,0.29594,0.29732,25225281
1773576000000,0.29732,0.29881,0.29704,0.29861,18313130
1773590400000,0.2986,0.29898,0.29789,0.29871,17591540
1773604800000,0.29872,0.29882,0.29799,0.29853,19506486
1773619200000,0.29852,0.29854,0.29704,0.29785,27751745
1773633600000,0.29785,0.29843,0.29633,0.29645,26065196
1773648000000,0.29646,0.29839,0.29612,0.29823,31678716
1773662400000,0.29823,0.2985,0.2974,0.29761,23016059
1773676800000,0.2976,0.29863,0.29574,0.29581,32012875
1773691200000,0.2958,0.29591,0.29491,0.29535,34769806
1773705600000,0.29536,0.29706,0.29493,0.29691,38360582
1773720000000,0.2969,0.29885,0.29595,0.2987,35878626
1773734400000,0.2987,0.30289,0.2987,0.30191,62240351
1773748800000,0.30192,0.30493,0.30172,0.3043,43703966
1773763200000,0.3043,0.30605,0.30356,0.30588,27524216
1773777600000,0.30588,0.30745,0.30484,0.3067,39659922
1773792000000,0.3067,0.3093,0.30526,0.30593,59127340
1773806400000,0.30593,0.30644,0.30107,0.30167,50263044
1773820800000,0.30167,0.3043,0.301,0.30255,44430109
1773835200000,0.30255,0.30264,0.2983,0.30203,62273359
1773849600000,0.30202,0.30424,0.30147,0.30398,28243712
1773864000000,0.30398,0.3045,0.30266,0.30436,16357910
1773878400000,0.30437,0.30518,0.30334,0.30412,26277116
1773892800000,0.30412,0.30485,0.30233,0.30249,25744571
1773907200000,0.30249,0.30374,0.30099,0.30285,25268462
1773921600000,0.30285,0.3032,0.2994,0.29976,49098247
1773936000000,0.29976,0.30097,0.29887,0.3008,40792404
1773950400000,0.30081,0.30452,0.30053,0.30337,29208392
1773964800000,0.30338,0.30461,0.30293,0.30389,16965757
1773979200000,0.3039,0.30469,0.30266,0.30411,14307177
1773993600000,0.30411,0.30761,0.30376,0.30624,36160173
1774008000000,0.30623,0.30819,0.30506,0.30791,31511591
1774022400000,0.30792,0.31001,0.30684,0.30975,26890171
1774036800000,0.30974,0.31086,0.30916,0.30943,24939753
1774051200000,0.30943,0.30977,0.30741,0.30859,21879720
1774065600000,0.30859,0.31297,0.3084,0.30911,53693430
1774080000000,0.3091,0.31054,0.30816,0.30996,32813824
1774094400000,0.30996,0.31061,0.30771,0.30909,24440910
1774108800000,0.30909,0.31152,0.30833,0.31032,25747101
1774123200000,0.31033,0.31368,0.31013,0.31183,25083834
1774137600000,0.31183,0.31236,0.30773,0.30878,51853440
1774152000000,0.30879,0.31025,0.30779,0.30846,24747050
1774166400000,0.30847,0.31129,0.30838,0.31052,25115084
1774180800000,0.31053,0.315,0.31046,0.31463,72179972
1774195200000,0.31462,0.31843,0.31462,0.31775,48016862
1774209600000,0.31774,0.31886,0.3099,0.31019,57160381
1774224000000,0.31018,0.31187,0.30804,0.30872,52594387
1774238400000,0.30873,0.30929,0.3055,0.30779,35128834
1774252800000,0.3078,0.31055,0.30594,0.30799,64994941
1774267200000,0.30799,0.31072,0.30453,0.30547,66745570
1774281600000,0.30548,0.3066,0.30308,0.30434,42811529
1774296000000,0.30434,0.30811,0.30358,0.30797,32528968
1774310400000,0.30797,0.31031,0.30678,0.30994,31569986
1774324800000,0.30994,0.31087,0.30914,0.30996,25984385
1774339200000,0.30996,0.31169,0.308,0.31033,30797882
1774353600000,0.31033,0.31198,0.30862,0.3101,36352053
1774368000000,0.31009,0.3109,0.30845,0.30849,23770594
1774382400000,0.30848,0.30985,0.30568,0.30573,35728956
1774396800000,0.30572,0.30768,0.30512,0.30721,33498209
1774411200000,0.30722,0.30782,0.30638,0.30773,15199542
1774425600000,0.30774,0.30979,0.30772,0.30968,24115918
1774440000000,0.30968,0.3113,0.30923,0.3112,28750912
1774454400000,0.3112,0.31484,0.31119,0.31465,40204297
1774468800000,0.31465,0.31653,0.31332,0.31429,39092812
1774483200000,0.3143,0.31464,0.31277,0.31456,29323925
1774497600000,0.31456,0.31613,0.31419,0.31444,30055982
1774512000000,0.31444,0.31514,0.31013,0.31178,45351212
1774526400000,0.31179,0.31288,0.30993,0.31085,36837651
1774540800000,0.31085,0.31148,0.30872,0.30898,30421980
1774555200000,0.30898,0.31157,0.30858,0.31137,29170091
1774569600000,0.31137,0.31174,0.31011,0.31076,15200370
1774584000000,0.31075,0.31682,0.31041,0.31625,47749251
1774598400000,0.31625,0.3172,0.31034,0.31057,63808775
1774612800000,0.31057,0.31296,0.30741,0.30891,55215555
1774627200000,0.3089,0.31076,0.30772,0.31016,30160251
1774641600000,0.31016,0.31196,0.30957,0.31118,19914905
1774656000000,0.31118,0.31127,0.30929,0.31007,15909623
1774670400000,0.31007,0.3118,0.30963,0.31144,18882437
1774684800000,0.31145,0.31439,0.31043,0.31428,30516383
1774699200000,0.31428,0.31714,0.31375,0.31526,48815414
1774713600000,0.31527,0.31843,0.31523,0.318,30471663
1774728000000,0.31801,0.31825,0.31576,0.31631,22963066
1774742400000,0.31632,0.31733,0.31499,0.31508,19894129
1774756800000,0.31507,0.31817,0.31458,0.31759,21264572
1774771200000,0.31758,0.32017,0.31743,0.31947,47069158
1774785600000,0.31946,0.31984,0.31757,0.31772,27544266
1774800000000,0.31771,0.32018,0.31751,0.32018,28218897
1774814400000,0.32018,0.32447,0.32017,0.32159,70190229
1774828800000,0.32159,0.32294,0.31987,0.32294,42397385
1774843200000,0.32294,0.32349,0.32092,0.32236,45520836
1774857600000,0.32232,0.324,0.32123,0.32371,32834493
1774872000000,0.32371,0.32438,0.31616,0.31788,84519951
1774886400000,0.31788,0.32135,0.31693,0.32025,44728021
1774900800000,0.32024,0.3205,0.31899,0.31982,14020862
1774915200000,0.31982,0.3203,0.31819,0.31864,24387348
1774929600000,0.31864,0.32171,0.31859,0.32085,24228811
1774944000000,0.32084,0.32085,0.31498,0.31515,44244496
1774958400000,0.31515,0.31609,0.31138,0.31186,49813707
1774972800000,0.31185,0.31389,0.31035,0.31282,64233230
1774987200000,0.31282,0.31409,0.31235,0.31315,26918540
1775001600000,0.31315,0.31644,0.3128,0.31626,44313109
1775016000000,0.31625,0.31662,0.31471,0.31549,33209212
1775030400000,0.31549,0.3161,0.31463,0.31549,25496046
1775044800000,0.31548,0.31589,0.31459,0.31516,30579323
1775059200000,0.31515,0.31626,0.31353,0.31554,32402194
1775073600000,0.31554,0.31617,0.31487,0.31536,17537887
1775088000000,0.31536,0.31618,0.31432,0.31437,27032937
1775102400000,0.31436,0.31572,0.31406,0.31555,19073464
1775116800000,0.31555,0.31609,0.31504,0.31563,20781319
1775131200000,0.31563,0.31645,0.31433,0.31461,38635634
1775145600000,0.31462,0.31524,0.31223,0.31516,29288788
1775160000000,0.31517,0.31543,0.3146,0.31509,13766667
1775174400000,0.31509,0.31527,0.31414,0.31434,15309745
1775188800000,0.31434,0.31534,0.31412,0.31455,12697232
1775203200000,0.31455,0.31479,0.31242,0.31309,28131463
1775217600000,0.3131,0.31429,0.31308,0.31413,20867620
1775232000000,0.31414,0.31487,0.31397,0.31466,16699832
1775246400000,0.31465,0.3153,0.31425,0.31509,11804808
1775260800000,0.31509,0.316,0.31475,0.31536,15347618
1775275200000,0.31537,0.31606,0.31513,0.31605,13106175
1775289600000,0.31606,0.31796,0.31595,0.31696,34561447
1775304000000,0.31696,0.31731,0.31614,0.31664,15619076
1775318400000,0.31665,0.31768,0.31665,0.31746,12479598
1775332800000,0.31746,0.31781,0.31725,0.31732,8473547
1775347200000,0.31733,0.31791,0.31683,0.31786,11199710
1775361600000,0.31786,0.31798,0.31712,0.31776,10324175
1775376000000,0.31776,0.31822,0.31718,0.31809,11440464
1775390400000,0.31809,0.31937,0.318,0.31858,28981185
1775404800000,0.31857,0.31963,0.31855,0.31899,21183322
1775419200000,0.31898,0.31931,0.31825,0.31864,17826506
1775433600000,0.31865,0.31939,0.31781,0.31803,26857615
1775448000000,0.31802,0.31835,0.31701,0.31755,18220851
1775462400000,0.31755,0.31831,0.31651,0.3183,28287670
1775476800000,0.3183,0.31855,0.31716,0.3176,20079817
1775491200000,0.31762,0.31763,0.31536,0.31589,27874918
1775505600000,0.3159,0.31706,0.31506,0.3163,26398839
1775520000000,0.31629,0.31669,0.31575,0.31589,14344578
1775534400000,0.3159,0.31658,0.31566,0.31607,11063252
1775548800000,0.31607,0.31626,0.31362,0.31425,29205521
1775563200000,0.31424,0.31435,0.313,0.31373,23384964
1775577600000,0.31373,0.31433,0.31325,0.31397,18725143
1775592000000,0.31397,0.31568,0.31392,0.31537,31793863
1775606400000,0.31538,0.31583,0.31419,0.31576,33079925
1775620800000,0.31577,0.31653,0.31546,0.31604,19572502
1775635200000,0.31605,0.3178,0.3155,0.3177,26030501
1775649600000,0.3177,0.31816,0.31701,0.31751,29821689
1775664000000,0.31751,0.31823,0.3172,0.31775,16716712
1775678400000,0.31775,0.31796,0.31731,0.31772,13863967
1775692800000,0.31771,0.31865,0.3164,0.31691,29504986
1775707200000,0.31691,0.3176,0.31621,0.31674,14885425
1775721600000,0.31674,0.31791,0.31634,0.31757,18969433
1775736000000,0.31758,0.3188,0.31751,0.31868,28361917
1775750400000,0.31868,0.31982,0.31859,0.31976,22170714
1775764800000,0.31976,0.32088,0.31931,0.32018,25635613
1775779200000,0.32018,0.3207,0.31961,0.32025,20241487
1775793600000,0.32025,0.32045,0.3189,0.31975,15599164
1775808000000,0.31974,0.31983,0.31904,0.31927,14170894
1775822400000,0.31926,0.31929,0.31763,0.31775,29295160
1775836800000,0.31774,0.31829,0.31653,0.31674,24171989
1775851200000,0.31674,0.31913,0.31669,0.31907,20305465
1775865600000,0.31907,0.31912,0.31749,0.31751,16992785
1775880000000,0.31752,0.31883,0.31749,0.31864,9940424
1775894400000,0.31864,0.31875,0.31726,0.31764,12210917
1775908800000,0.31764,0.31844,0.31754,0.31829,12039241
1775923200000,0.31828,0.31979,0.31828,0.31959,22059796
1775937600000,0.3196,0.3198,0.31844,0.31865,11687954
1775952000000,0.31865,0.32015,0.31812,0.32,23063974
1775966400000,0.32,0.3205,0.31954,0.32005,15892393
1775980800000,0.32005,0.32218,0.31997,0.32155,33184847
1775995200000,0.32154,0.32247,0.32103,0.32243,29303682
1776009600000,0.32244,0.32285,0.32135,0.32236,29814479
1776024000000,0.32235,0.32273,0.321,0.321,28977921
1776038400000,0.32101,0.32213,0.3201,0.32047,25876997
1776052800000,0.32047,0.32208,0.31975,0.32162,28068142
1776067200000,0.32162,0.32226,0.32135,0.32158,23034866
1776081600000,0.32157,0.32157,0.31938,0.31993,38433727
1776096000000,0.31993,0.32002,0.31898,0.31985,27793619
1776110400000,0.31984,0.3213,0.31962,0.32015,26449783
1776124800000,0.32015,0.32162,0.31977,0.3204,27422932
1776139200000,0.32039,0.32155,0.32025,0.32136,16236731
1776153600000,0.32136,0.3215,0.32064,0.32109,20548769
1776168000000,0.32109,0.32194,0.32038,0.32177,31509571
1776182400000,0.32177,0.32338,0.32154,0.32313,31462584
1776196800000,0.32314,0.32358,0.32271,0.32358,16618741
1776211200000,0.32358,0.32478,0.32334,0.32412,30830326
1776225600000,0.32413,0.3243,0.32274,0.32318,27583000
1776240000000,0.32317,0.32317,0.32134,0.32169,29758715
1776254400000,0.3217,0.32728,0.32154,0.32706,62241828
1776268800000,0.32706,0.32849,0.32646,0.32747,26006186
1776283200000,0.32746,0.32808,0.32613,0.32705,22818893
1776297600000,0.32705,0.32738,0.32493,0.32508,29431173
1776312000000,0.32509,0.32595,0.32483,0.32576,13605585
1776326400000,0.32576,0.32726,0.3253,0.32716,23817344
1776340800000,0.32715,0.32777,0.32537,0.32561,43678328
1776355200000,0.32561,0.32715,0.32522,0.32641,28460031
1776369600000,0.3264,0.32725,0.32593,0.3269,18137028
1776384000000,0.3269,0.32698,0.32511,0.32516,22571623
1776398400000,0.32517,0.32613,0.32465,0.32504,22397960
1776412800000,0.32505,0.32506,0.32291,0.324,44916539
1776427200000,0.32401,0.32505,0.32351,0.32497,41968468
1776441600000,0.32496,0.32703,0.32486,0.32687,32926532
1776456000000,0.32687,0.32792,0.32678,0.32763,19034723
1776470400000,0.32763,0.32814,0.32665,0.32678,19660127
1776484800000,0.32677,0.32765,0.32617,0.32725,17051206
1776499200000,0.32725,0.32813,0.32703,0.32791,24901213
1776513600000,0.32791,0.33,0.32729,0.32929,35705730
1776528000000,0.3293,0.32994,0.32873,0.32954,29407239
1776542400000,0.32954,0.32964,0.32849,0.32928,19182252
1776556800000,0.32927,0.32951,0.32707,0.32768,26978402
1776571200000,0.32768,0.32987,0.32739,0.32972,28098291
1776585600000,0.32972,0.33442,0.32854,0.3298,80657417
1776600000000,0.3298,0.33419,0.32932,0.33409,37012552
1776614400000,0.33409,0.33659,0.33172,0.33183,50646593
1776628800000,0.33183,0.33303,0.32792,0.32882,54243055
1776643200000,0.32882,0.33249,0.32827,0.33249,32436999
1776657600000,0.33249,0.33285,0.32997,0.3304,31950335
1776672000000,0.3304,0.33121,0.32841,0.32884,42074110
1776686400000,0.32882,0.32925,0.3265,0.32745,41960452
1776700800000,0.32745,0.32852,0.32601,0.32808,28745847
1776715200000,0.32809,0.32928,0.32778,0.32864,17980613
1776729600000,0.32864,0.32896,0.32781,0.32854,22155245
1776744000000,0.32854,0.32957,0.32821,0.32876,14244952
1776758400000,0.32876,0.32913,0.32807,0.32893,18641621
1776772800000,0.32894,0.33172,0.3287,0.33007,35699133
1776787200000,0.33007,0.33321,0.32937,0.33211,33216878
1776801600000,0.33211,0.33553,0.33205,0.33283,39721976
1776816000000,0.33284,0.33502,0.33091,0.33231,38082628
1776830400000,0.33231,0.33384,0.33137,0.33216,22212774
1776844800000,0.33216,0.33516,0.33154,0.33434,26388983
1776859200000,0.33434,0.33485,0.32727,0.3288,60719213
1776873600000,0.3288,0.32921,0.32773,0.3292,25863368
1776888000000,0.32921,0.32993,0.32839,0.32946,18807774
1776902400000,0.32946,0.32987,0.32858,0.32928,19641485
1776916800000,0.32929,0.32936,0.32608,0.32785,31764434
1776931200000,0.32784,0.32883,0.32742,0.32756,20840201
1776945600000,0.32757,0.32851,0.3268,0.32851,27906387
1776960000000,0.32851,0.33024,0.32819,0.32903,31800742
1776974400000,0.32903,0.32948,0.32824,0.32861,11622626
1776988800000,0.32861,0.32889,0.32724,0.32854,28742741
1777003200000,0.32854,0.32855,0.32705,0.32783,16531399
1777017600000,0.32782,0.32815,0.32725,0.32761,15576453
1777032000000,0.32761,0.32814,0.32438,0.32541,45727336
1777046400000,0.32541,0.32541,0.31868,0.32411,66631559
1777060800000,0.32412,0.32414,0.32231,0.32293,22602051
1777075200000,0.32293,0.32339,0.32173,0.32317,18362536
1777089600000,0.32317,0.32384,0.32298,0.32337,13094748
1777104000000,0.32337,0.32344,0.32104,0.32264,29223457
1777118400000,0.32264,0.32399,0.32234,0.32345,17790766
1777132800000,0.32345,0.32442,0.32343,0.32377,19407344
1777147200000,0.32377,0.32429,0.32312,0.32359,10815080
1777161600000,0.32359,0.32422,0.32339,0.32351,11736978
1777176000000,0.3235,0.32404,0.32302,0.32373,11867798
1777190400000,0.32374,0.32443,0.32252,0.32266,20025003
1777204800000,0.32266,0.32372,0.3226,0.3235,10359385
1777219200000,0.32349,0.3241,0.32339,0.32358,11957012
1777233600000,0.32359,0.32388,0.32301,0.32301,14518937
1777248000000,0.32302,0.32387,0.32271,0.32351,18011988
1777262400000,0.3235,0.32421,0.32309,0.32329,19130473
1777276800000,0.32328,0.32561,0.32311,0.32533,39611635
1777291200000,0.32533,0.32627,0.32427,0.32478,29904248
1777305600000,0.32477,0.32581,0.32452,0.32569,16557259
1777320000000,0.32568,0.32619,0.32484,0.32517,13956428
1777334400000,0.32516,0.32559,0.32365,0.32397,23569596
1777348800000,0.32396,0.32428,0.32289,0.32329,18829861
1777363200000,0.32328,0.32381,0.32276,0.3233,13477654
1777377600000,0.3233,0.32384,0.32215,0.32322,23545739
1777392000000,0.32322,0.32384,0.32255,0.32322,13707315
1777406400000,0.32322,0.32332,0.32218,0.32276,13841436
1777420800000,0.32277,0.32284,0.32146,0.32175,18243599
1777435200000,0.32175,0.32284,0.321,0.32196,25064394
1777449600000,0.32196,0.32398,0.32195,0.32281,41642038
1777464000000,0.3228,0.32352,0.3225,0.32256,21556849
1777478400000,0.32256,0.32358,0.32233,0.32316,20271824
1777492800000,0.32316,0.32397,0.32288,0.32293,18880973
1777507200000,0.32293,0.32426,0.32291,0.32409,17830844
1777521600000,0.32408,0.32463,0.32372,0.3244,17334179
1777536000000,0.32439,0.32674,0.32435,0.32545,35612598
1777550400000,0.32545,0.32613,0.32509,0.32556,38056297
1777564800000,0.32555,0.32677,0.32555,0.32667,20049686
1777579200000,0.32668,0.32683,0.32608,0.32649,15349981
1777593600000,0.32648,0.32736,0.32567,0.32599,23853941
1777608000000,0.32599,0.32639,0.32538,0.32586,13555019
1777622400000,0.32586,0.32638,0.32509,0.32606,19845296
1777636800000,0.32605,0.3268,0.32546,0.32598,24550727
1777651200000,0.32598,0.32676,0.32579,0.32664,9022888
1777665600000,0.32664,0.32711,0.32621,0.32683,9183796
1777680000000,0.32684,0.32727,0.32596,0.32727,11130403
1777694400000,0.32726,0.32926,0.32705,0.32886,26099661
1777708800000,0.32887,0.33147,0.32886,0.33001,27730605
1777723200000,0.33,0.33266,0.32922,0.33228,20810014
1777737600000,0.33227,0.33416,0.32956,0.33114,59287214
1777752000000,0.33113,0.3314,0.32949,0.32977,17241820
1777766400000,0.32978,0.33088,0.32911,0.32993,16292704
1777780800000,0.32993,0.34372,0.32938,0.33743,164654232
1777795200000,0.33742,0.34056,0.33561,0.33613,38989558
1777809600000,0.33612,0.33931,0.33531,0.33812,30984920
1777824000000,0.33813,0.33929,0.33669,0.33856,23496776
1777838400000,0.33855,0.33981,0.33728,0.33842,18924496
1777852800000,0.33842,0.33892,0.33746,0.33784,21566364
1777867200000,0.33783,0.34031,0.33729,0.33895,28916627
1777881600000,0.33895,0.34076,0.33848,0.33982,29955942
1777896000000,0.33982,0.34047,0.33506,0.33966,85845753
1777910400000,0.33966,0.34164,0.33915,0.33957,26125346
1777924800000,0.33957,0.34142,0.33904,0.34052,15214043
1777939200000,0.34052,0.34193,0.33857,0.33903,24402037
1777953600000,0.33903,0.34089,0.33849,0.34056,15361569
1777968000000,0.34055,0.34154,0.33868,0.3395,22174007
1777982400000,0.33949,0.34315,0.33733,0.34288,39880207
1777996800000,0.34287,0.346,0.34238,0.34432,32288553
1778011200000,0.34431,0.34558,0.3436,0.34451,19925213
1778025600000,0.34451,0.3454,0.34273,0.34307,20413382
1778040000000,0.34307,0.34475,0.34246,0.34254,25252022
1778054400000,0.34255,0.34355,0.34171,0.34303,23701461
1778068800000,0.34303,0.34527,0.34213,0.34464,41371304
1778083200000,0.34464,0.34739,0.3444,0.34652,27453138
1778097600000,0.34652,0.34676,0.34534,0.34606,17485052
1778112000000,0.34606,0.34713,0.34444,0.34478,20392464
1778126400000,0.34478,0.34547,0.34372,0.34424,21170760
1778140800000,0.34424,0.34699,0.34404,0.34674,22154809
1778155200000,0.34673,0.34908,0.34614,0.34816,31312978
1778169600000,0.34817,0.34972,0.34779,0.34928,19853664
1778184000000,0.34927,0.34932,0.34728,0.34886,23066722
1778198400000,0.34885,0.34906,0.34658,0.34749,21042834
1778212800000,0.34749,0.35181,0.34708,0.35141,33243247
1778227200000,0.3514,0.35151,0.34744,0.34816,39474737
1778241600000,0.34816,0.35,0.34797,0.34953,30468302
1778256000000,0.34953,0.35066,0.34904,0.34905,18807913
1778270400000,0.34906,0.35069,0.34902,0.34994,14773538
1778284800000,0.34995,0.35084,0.34946,0.35074,19375816
1778299200000,0.35073,0.35331,0.35066,0.35092,35570865
1778313600000,0.35092,0.35299,0.35,0.35285,24376512
1778328000000,0.35285,0.35342,0.35014,0.35188,28746836
1778342400000,0.35188,0.35194,0.3496,0.35092,22630016
1778356800000,0.35092,0.35144,0.34964,0.34998,10024895
1778371200000,0.34997,0.35102,0.34963,0.35084,12633866
1778385600000,0.35083,0.35087,0.34825,0.34964,17977453
1778400000000,0.34964,0.35039,0.34821,0.35034,16188678
1778414400000,0.35033,0.35133,0.34938,0.35039,16524584
1778428800000,0.35039,0.35228,0.35036,0.35129,18323435
1778443200000,0.35129,0.35167,0.35018,0.35041,20498098
1778457600000,0.35041,0.35042,0.34887,0.34937,24767235
1778472000000,0.34937,0.35019,0.34924,0.34979,10525785
1778486400000,0.34979,0.35152,0.34955,0.35126,18036687
1778500800000,0.35125,0.3526,0.35055,0.35083,29609558
1778515200000,0.35083,0.35166,0.35017,0.35037,21446149
1778529600000,0.35037,0.35134,0.35034,0.35102,13363101
1778544000000,0.35103,0.35128,0.34713,0.34874,45804871
1778558400000,0.34874,0.34949,0.348,0.3489,26277036
1778572800000,0.34891,0.34957,0.34842,0.34888,17379159
1778587200000,0.34888,0.34949,0.34735,0.34804,23566351
1778601600000,0.34804,0.34996,0.34661,0.34953,23173874
1778616000000,0.34952,0.35027,0.34832,0.34898,18922518
1778630400000,0.34898,0.34924,0.34831,0.34897,11184996
1778644800000,0.34897,0.34992,0.34862,0.34961,12280047
1778659200000,0.34961,0.35158,0.34905,0.35088,19426784
1778673600000,0.35087,0.35111,0.34872,0.34963,29077448
1778688000000,0.34964,0.35078,0.34957,0.35004,19927802
1778702400000,0.35004,0.3504,0.34921,0.3494,11772703
1778716800000,0.3494,0.35046,0.349,0.34979,14444029
1778731200000,0.34978,0.35139,0.34972,0.35098,13484549
1778745600000,0.35098,0.35551,0.35066,0.35417,54053708
1778760000000,0.35416,0.35562,0.35366,0.35395,33891224
1778774400000,0.35396,0.35489,0.35355,0.35461,20293479
1778788800000,0.35461,0.35511,0.3519,0.35362,16857236
1778803200000,0.35361,0.35416,0.35185,0.35324,20651416
1778817600000,0.35323,0.35392,0.35118,0.35146,20988972
1778832000000,0.35147,0.35226,0.35113,0.35205,17472983
1778846400000,0.35204,0.35218,0.3496,0.35096,35266409
1778860800000,0.35097,0.35232,0.35086,0.35193,16413248
1778875200000,0.35193,0.35214,0.35112,0.35205,9282404
1778889600000,0.35204,0.35224,0.35108,0.35143,13771040
1778904000000,0.35143,0.35201,0.34776,0.35125,46269948
1778918400000,0.35125,0.35308,0.35081,0.35184,29510729
1778932800000,0.35184,0.35279,0.3506,0.35272,20587582
1778947200000,0.35271,0.35462,0.3527,0.35458,24668173
1778961600000,0.35457,0.35536,0.35405,0.35495,17837868
1778976000000,0.35495,0.35562,0.35314,0.35389,20951417
1778990400000,0.35389,0.35454,0.35373,0.35433,11567584
1779004800000,0.35433,0.35637,0.35416,0.35625,22776728
1779019200000,0.35625,0.35748,0.35584,0.35729,21611282
1779033600000,0.35729,0.35732,0.35569,0.35593,15031434
1779048000000,0.35593,0.35638,0.3544,0.35507,17871931
1779062400000,0.35507,0.35708,0.35394,0.3567,24732890
1779076800000,0.35669,0.35692,0.35502,0.35601,29258013
1779091200000,0.35601,0.35711,0.35428,0.3561,37579955
1779105600000,0.3561,0.35836,0.35356,0.35411,55607548
1779120000000,0.35412,0.35643,0.35394,0.35614,30597506
1779134400000,0.35614,0.35662,0.35534,0.35543,13217702
1779148800000,0.35543,0.35773,0.35515,0.35692,28846585
1779163200000,0.35691,0.35726,0.35623,0.35644,12591035
1779177600000,0.35644,0.35654,0.35387,0.35499,26821427
1779192000000,0.355,0.35672,0.35396,0.35427,24359365
1779206400000,0.35427,0.35568,0.35417,0.35556,13252081
1779220800000,0.35555,0.35624,0.35542,0.35618,9860079
1779235200000,0.35618,0.35647,0.35515,0.35537,14400859
1779249600000,0.35537,0.35698,0.35495,0.35692,17563807
1779264000000,0.35692,0.35828,0.35629,0.35819,22854050
1779278400000,0.35819,0.35904,0.3571,0.35834,32287020
1779292800000,0.35833,0.35959,0.3579,0.35944,19180377
1779307200000,0.35943,0.35983,0.35889,0.359,17265754
1779321600000,0.359,0.35975,0.35856,0.35926,16471222
1779336000000,0.35926,0.36093,0.3588,0.35942,33755039
1779350400000,0.35942,0.36174,0.35928,0.36136,32793646
1779364800000,0.36136,0.36378,0.36136,0.36315,45396398
1779379200000,0.36314,0.3647,0.36309,0.36422,28570630
1779393600000,0.36422,0.36537,0.36321,0.36526,23155446
1779408000000,0.36526,0.36636,0.36358,0.36491,31478651
1779422400000,0.36491,0.36578,0.36408,0.36494,21216704
1779436800000,0.36494,0.3653,0.36414,0.36469,20369330
1779451200000,0.36468,0.36515,0.35939,0.36242,50964856
1779465600000,0.36242,0.36324,0.36188,0.36223,24721284
1779480000000,0.36223,0.36315,0.3616,0.36203,16338692
1779494400000,0.36202,0.36322,0.36125,0.36317,16242232
1779508800000,0.36318,0.36329,0.35996,0.36051,22298607
1779523200000,0.36051,0.36197,0.35815,0.35904,37506940
1779537600000,0.35904,0.35966,0.35826,0.35963,17839170
1779552000000,0.35963,0.36144,0.35897,0.36132,19492151
1779566400000,0.36133,0.36282,0.36114,0.3628,22267134
1779580800000,0.3628,0.36347,0.36186,0.36302,17068614
1779595200000,0.36303,0.36378,0.36219,0.36282,15116083
1779609600000,0.36282,0.36477,0.3625,0.36446,18850189
1779624000000,0.36447,0.36611,0.36444,0.36511,27946082
1779638400000,0.36512,0.36799,0.36496,0.36747,28372979
1779652800000,0.36747,0.36773,0.36421,0.36548,23752569
1779667200000,0.36549,0.36597,0.36369,0.36412,20176621
1779681600000,0.36412,0.36749,0.36409,0.36661,23349952
1779696000000,0.36662,0.3675,0.36537,0.36641,20818248
1779710400000,0.36641,0.37369,0.36622,0.37044,113062515
1779724800000,0.37043,0.37385,0.37043,0.37145,53306012
1779739200000,0.37144,0.37224,0.37083,0.37162,16886498
1779753600000,0.37162,0.37527,0.37108,0.37409,34489323
1779768000000,0.3741,0.37611,0.37292,0.37315,30684561
1779782400000,0.37315,0.3761,0.37215,0.37565,42000339
1779796800000,0.37565,0.37716,0.37272,0.3755,78853940
1779811200000,0.37549,0.37576,0.37363,0.37395,24433356
1779825600000,0.37395,0.376,0.37386,0.37554,17200360
1779840000000,0.37553,0.37581,0.37315,0.37329,25562754
1779854400000,0.37329,0.3739,0.37244,0.3733,21050402
1779868800000,0.3733,0.37449,0.37257,0.37388,23040710
1779883200000,0.37389,0.37437,0.36943,0.37117,46664151
1779897600000,0.37116,0.37142,0.36856,0.36933,33559082
1779912000000,0.36933,0.37004,0.36764,0.36785,22496621
1779926400000,0.36785,0.36845,0.36541,0.36649,37687131
1779940800000,0.36649,0.36667,0.35941,0.3606,77052471
1779955200000,0.36059,0.3606,0.34773,0.34978,161246885
1779969600000,0.34978,0.35099,0.34757,0.35009,60250866
1779984000000,0.3501,0.3541,0.35,0.35244,41866861
1779998400000,0.35244,0.35419,0.3516,0.35281,22045288
1780012800000,0.35282,0.35297,0.34994,0.34997,27080585
1780027200000,0.34998,0.35099,0.3463,0.34641,44148231
1780041600000,0.34642,0.34706,0.33911,0.34202,122284370
1780056000000,0.34201,0.34795,0.34142,0.34767,71516770
1780070400000,0.34767,0.34772,0.34298,0.3437,49287656
1780084800000,0.34371,0.34479,0.34337,0.34409,18951526
1780099200000,0.34409,0.3454,0.34252,0.34293,31742067
1780113600000,0.34293,0.34332,0.34153,0.34189,24045535
1780128000000,0.34189,0.34427,0.3416,0.34424,19337545
1780142400000,0.34424,0.34828,0.3431,0.34746,58415255
1780156800000,0.34746,0.34959,0.3471,0.34723,37278054
1780171200000,0.34723,0.34798,0.34645,0.34792,14804101
1780185600000,0.34793,0.34801,0.34502,0.3459,22350085
1780200000000,0.3459,0.34746,0.34557,0.34714,12871430
1780214400000,0.34714,0.35054,0.34714,0.3486,28770714
1780228800000,0.3486,0.3492,0.34804,0.34866,14421996
1780243200000,0.34866,0.35026,0.34848,0.34999,21825605
1780257600000,0.34999,0.3513,0.34971,0.35125,15534000
1780272000000,0.35125,0.35215,0.35002,0.35048,20252327
1780286400000,0.35048,0.35251,0.35034,0.3506,27592018
1780300800000,0.35061,0.35209,0.34961,0.34989,25120433
1780315200000,0.34989,0.35013,0.34567,0.34648,43749226
1780329600000,0.34649,0.34711,0.34337,0.34383,33461841
1780344000000,0.34382,0.34404,0.34254,0.34336,18403976
1780358400000,0.34336,0.34346,0.34084,0.34166,30737812
1780372800000,0.34166,0.3425,0.33839,0.34096,39472695
1780387200000,0.34095,0.34265,0.33978,0.3426,28904490
1780401600000,0.3426,0.34309,0.33575,0.33662,81085479
1780416000000,0.33663,0.33865,0.33432,0.3351,30424139
1780430400000,0.3351,0.33565,0.33126,0.3322,42775318
1780444800000,0.33221,0.33329,0.32916,0.32927,27872179
1780459200000,0.32927,0.33393,0.32856,0.33338,41578225
1780473600000,0.33338,0.33356,0.33141,0.33191,23628628
1780488000000,0.33191,0.33567,0.33154,0.3353,37597186
1780502400000,0.33531,0.33571,0.33303,0.33373,28382579
1780516800000,0.33373,0.33421,0.33257,0.333,25414584
1780531200000,0.333,0.33341,0.32839,0.33267,60568798
1780545600000,0.33267,0.33316,0.33019,0.33041,45023609
1780560000000,0.3304,0.33052,0.32538,0.32764,70709266
1780574400000,0.32765,0.33087,0.32751,0.33084,45141612
1780588800000,0.33084,0.33232,0.329,0.33154,40572311
1780603200000,0.33153,0.33245,0.3299,0.33217,23313891
1780617600000,0.33216,0.33222,0.3253,0.32708,50074836
1780632000000,0.32709,0.32946,0.32099,0.32538,68630265
1780646400000,0.32538,0.32708,0.32301,0.32497,50033526
1780660800000,0.32496,0.32681,0.31944,0.31964,68368935
1780675200000,0.31964,0.32333,0.31765,0.32105,82128423
1780689600000,0.32105,0.32317,0.31895,0.31943,45646668
1780704000000,0.31943,0.32092,0.31876,0.31924,24994744
1780718400000,0.31923,0.32168,0.31714,0.32026,58592788
1780732800000,0.32025,0.32049,0.31762,0.31969,38677174
1780747200000,0.3197,0.32185,0.31851,0.32166,24320749
1780761600000,0.32166,0.32307,0.32046,0.32199,25397028
1780776000000,0.32199,0.32413,0.3219,0.32406,17330404
1780790400000,0.32405,0.32414,0.32254,0.32367,21577784
1780804800000,0.32366,0.32829,0.32345,0.32752,35097606
1780819200000,0.32751,0.32948,0.3268,0.32872,34723461
1780833600000,0.32872,0.32886,0.32714,0.3277,28918470
1780848000000,0.3277,0.32811,0.32445,0.32503,26645151
1780862400000,0.32503,0.3272,0.32412,0.32665,17925491
1780876800000,0.32665,0.32721,0.32582,0.32661,23663435
1780891200000,0.3266,0.32748,0.32597,0.32654,22877558
1780905600000,0.32653,0.32793,0.32548,0.32755,27112330
1780920000000,0.32756,0.32757,0.32578,0.32605,24606713
1780934400000,0.32605,0.32644,0.32525,0.3264,19389458
1780948800000,0.3264,0.32761,0.32587,0.32652,19502737
1780963200000,0.32652,0.32652,0.32435,0.32518,20770464
1780977600000,0.32518,0.32534,0.32305,0.32319,25053347
1780992000000,0.32319,0.32352,0.32022,0.32263,34858224
1781006400000,0.32263,0.32326,0.32076,0.32155,27590862
1781020800000,0.32155,0.32358,0.32081,0.32334,20894473
1781035200000,0.32334,0.32383,0.32198,0.32263,12328632
1781049600000,0.32263,0.32275,0.32053,0.32115,16781818
1781064000000,0.32115,0.32297,0.32086,0.3224,17980995
1781078400000,0.3224,0.32298,0.32145,0.32259,21093331
1781092800000,0.32259,0.32328,0.32116,0.3226,31386075
1781107200000,0.32259,0.32311,0.32098,0.32146,15376111
1781121600000,0.32145,0.3219,0.32027,0.32075,16500441
1781136000000,0.32075,0.32214,0.32043,0.32176,18809972
1781150400000,0.32177,0.32228,0.32128,0.32197,10452143
1781164800000,0.32198,0.32287,0.32123,0.32164,20890829
1781179200000,0.32164,0.32233,0.31978,0.31978,24710049
1781193600000,0.31979,0.32007,0.30842,0.31283,170982692
1781208000000,0.31284,0.31692,0.31176,0.31691,51706379
1781222400000,0.31691,0.31692,0.31467,0.31504,36044971
1781236800000,0.31505,0.31535,0.31232,0.31365,38306669
1781251200000,0.31365,0.31376,0.31153,0.31192,23774721
1781265600000,0.31191,0.31416,0.31153,0.31343,29475966
1781280000000,0.31343,0.31505,0.31222,0.31469,30608038
1781294400000,0.3147,0.31548,0.31416,0.31506,14481814
1781308800000,0.31506,0.31552,0.31445,0.3149,12715775
1781323200000,0.3149,0.31551,0.31467,0.31543,11626030
1781337600000,0.31543,0.31682,0.31517,0.3166,18250073
1781352000000,0.3166,0.31771,0.31642,0.31678,17070417
1781366400000,0.31679,0.3181,0.31657,0.318,11348330
1781380800000,0.31801,0.31823,0.31631,0.3169,13075663
1781395200000,0.3169,0.3171,0.31508,0.31537,14416143
1781409600000,0.31536,0.31675,0.31509,0.31668,10590795
1781424000000,0.31669,0.31804,0.31629,0.318,16018568
1781438400000,0.31799,0.31843,0.31636,0.31813,22228803
1781452800000,0.31813,0.31876,0.31775,0.31848,12596696
1781467200000,0.31847,0.32667,0.31823,0.32166,58355856
1781481600000,0.32166,0.32435,0.31922,0.32102,42253736
1781496000000,0.32103,0.32113,0.31967,0.3198,13075065
1781510400000,0.31979,0.32067,0.31914,0.32052,17788203
1781524800000,0.32052,0.3216,0.31801,0.3194,36980857
1781539200000,0.31939,0.31993,0.31849,0.31978,22144217
1781553600000,0.31978,0.32005,0.31783,0.31798,19345340
1781568000000,0.31798,0.31888,0.31711,0.31758,18951076
1781582400000,0.31757,0.31817,0.31712,0.31782,11015717
1781596800000,0.31783,0.31783,0.31652,0.31699,18524961
1781611200000,0.31699,0.3179,0.31571,0.31715,23943876
1781625600000,0.31714,0.31808,0.31595,0.31612,17844580
1781640000000,0.31611,0.31683,0.31561,0.31673,12304746
1781654400000,0.31672,0.3171,0.3162,0.31706,8722236
1781668800000,0.31706,0.31876,0.31698,0.31866,12919852
1781683200000,0.31865,0.32051,0.31834,0.31986,27252563
1781697600000,0.31987,0.32132,0.31964,0.32122,19900452
1781712000000,0.32122,0.32212,0.31933,0.31989,39916413
1781726400000,0.31988,0.32173,0.3195,0.32164,18095731
1781740800000,0.32163,0.32246,0.32068,0.32095,19397151
1781755200000,0.32096,0.32104,0.31972,0.32066,17328462
1781769600000,0.32067,0.32147,0.31922,0.3195,20962673
1781784000000,0.31951,0.32011,0.31693,0.31757,24296515
1781798400000,0.31756,0.31995,0.31743,0.31979,23902394
1781812800000,0.3198,0.32069,0.31969,0.3206,15070665
1781827200000,0.32059,0.32135,0.3204,0.32098,14564140
1781841600000,0.32098,0.32113,0.31999,0.32034,18431215
1781856000000,0.32034,0.32201,0.32032,0.32173,18822680
1781870400000,0.32173,0.32337,0.3192,0.32104,37924612
1781884800000,0.32103,0.32293,0.32099,0.32292,21371369
1781899200000,0.32293,0.3238,0.32234,0.32378,15892037
1781913600000,0.32378,0.32389,0.32216,0.32251,16131893
1781928000000,0.32252,0.32255,0.32171,0.32227,10819847
1781942400000,0.32228,0.32468,0.32196,0.3245,23800717
1781956800000,0.3245,0.32614,0.32324,0.32409,48887610
1781971200000,0.32409,0.32551,0.3237,0.32549,19348893
1781985600000,0.3255,0.32686,0.32539,0.32659,14970826
1782000000000,0.32658,0.32686,0.32602,0.32617,10946269
1782014400000,0.32617,0.32735,0.32578,0.32729,14489860
1782028800000,0.32729,0.32748,0.32634,0.3266,14415286
1782043200000,0.32661,0.32682,0.32604,0.32655,7166158
1782057600000,0.32655,0.32784,0.32629,0.32775,10817853
1782072000000,0.32775,0.32822,0.32703,0.32753,14095052
1782086400000,0.32753,0.3283,0.32729,0.32797,15271911
1782100800000,0.32797,0.33025,0.32777,0.33,20628503
1782115200000,0.33,0.33156,0.32992,0.33113,23024991
1782129600000,0.33113,0.33214,0.32819,0.32978,44313041
1782144000000,0.32977,0.33301,0.32956,0.3321,45970611
1782158400000,0.33209,0.334,0.33201,0.33393,13836175
1782172800000,0.33394,0.3341,0.33277,0.33342,15601158
1782187200000,0.33342,0.33345,0.33068,0.33149,28485303
1782201600000,0.33149,0.33168,0.32785,0.32975,38002442
1782216000000,0.32974,0.33017,0.32897,0.32958,20100251
1782230400000,0.32959,0.33061,0.32771,0.32867,24852471
1782244800000,0.32866,0.32934,0.32834,0.32901,9615180
1782259200000,0.32902,0.32965,0.32835,0.32917,14358860
1782273600000,0.32917,0.32954,0.32854,0.32893,10433369
1782288000000,0.32893,0.3317,0.32873,0.33122,26342602
1782302400000,0.33122,0.3314,0.32684,0.32718,42125071
1782316800000,0.32718,0.32748,0.32483,0.32563,49115482
1782331200000,0.32562,0.32806,0.32538,0.32739,42007473
1782345600000,0.32739,0.32769,0.32693,0.32716,23354073
1782360000000,0.32715,0.33046,0.32699,0.32929,30115274
1782374400000,0.32929,0.32949,0.32817,0.32828,13762284
1782388800000,0.32828,0.32839,0.32209,0.32317,85823969
1782403200000,0.32318,0.32457,0.32249,0.32356,25706829
1782417600000,0.32358,0.32431,0.32351,0.32365,14138358
1782432000000,0.32365,0.32406,0.32092,0.32194,34968888
1782446400000,0.32194,0.32295,0.32143,0.32269,22312312
1782460800000,0.32268,0.32279,0.32173,0.32176,11769328
1782475200000,0.32175,0.32176,0.31729,0.32005,47085522
1782489600000,0.32004,0.32027,0.3187,0.31969,22122969
1782504000000,0.3197,0.32062,0.31941,0.32031,16046643
1782518400000,0.32031,0.32095,0.31952,0.3204,12488959
1782532800000,0.3204,0.32118,0.3204,0.32117,9434910
1782547200000,0.32116,0.32136,0.32065,0.32112,8868360
1782561600000,0.32113,0.32118,0.3203,0.32051,11847264
1782576000000,0.32051,0.32098,0.32023,0.32037,12734161
1782590400000,0.32036,0.32114,0.32018,0.32108,11440275
1782604800000,0.32108,0.32255,0.32104,0.3225,17547812
1782619200000,0.32249,0.32264,0.32096,0.32152,12162882
1782633600000,0.32151,0.32363,0.32114,0.3235,14662016
1782648000000,0.32349,0.32447,0.32283,0.32323,20075038
1782662400000,0.32323,0.32378,0.32257,0.32277,12573412
1782676800000,0.32276,0.32332,0.32163,0.32198,14105375
1782691200000,0.32198,0.32218,0.32083,0.322,14512861
1782705600000,0.32199,0.32413,0.32196,0.32394,23310983
1782720000000,0.32394,0.3246,0.32193,0.3221,24161637
1782734400000,0.32209,0.32357,0.32125,0.32335,29900691
1782748800000,0.32335,0.32338,0.32051,0.32153,31427157
1782763200000,0.32154,0.32179,0.321,0.32118,9808629
1782777600000,0.32117,0.32129,0.31871,0.3197,31710572
1782792000000,0.3197,0.32028,0.31892,0.31906,10552837
1782806400000,0.31906,0.31918,0.31666,0.3171,31313344
1782820800000,0.31711,0.31755,0.31606,0.31662,29236950
1782835200000,0.31662,0.31663,0.31406,0.31482,41263989
1782849600000,0.31482,0.31546,0.31451,0.31501,12203961
1782864000000,0.31502,0.31662,0.31385,0.31652,26927718
1782878400000,0.31652,0.3177,0.31607,0.31629,18693515
1782892800000,0.31629,0.31742,0.31577,0.31726,15282781
1782907200000,0.31727,0.31881,0.31629,0.31768,30093361
1782921600000,0.31768,0.31841,0.31698,0.31709,15338769
1782936000000,0.3171,0.31753,0.31554,0.31584,19442083
1782950400000,0.31582,0.31658,0.31547,0.31627,13664180
1782964800000,0.31627,0.31682,0.31497,0.31676,16896697
1782979200000,0.31677,0.31768,0.31645,0.31721,18519634
1782993600000,0.31721,0.31943,0.31689,0.31821,30911521
1783008000000,0.31822,0.31868,0.31691,0.31691,19312348
1783022400000,0.3169,0.31756,0.31685,0.3173,10841211
1783036800000,0.3173,0.31754,0.31659,0.31716,14381956
1783051200000,0.31717,0.31942,0.31664,0.31903,31583735
1783065600000,0.31903,0.32033,0.31874,0.3202,31134322
1783080000000,0.3202,0.3212,0.31996,0.32055,33348419
1783094400000,0.32053,0.3211,0.32004,0.32108,18079399
1783108800000,0.32108,0.3235,0.32108,0.32333,32987402
1783123200000,0.32333,0.32436,0.32313,0.32381,25582847
1783137600000,0.3238,0.32393,0.32256,0.3238,14677657
1783152000000,0.32379,0.32553,0.32365,0.32553,21488994
1783166400000,0.32552,0.32636,0.32498,0.32568,19044353
1783180800000,0.32567,0.3263,0.3253,0.3263,15060497
1783195200000,0.32629,0.3264,0.32472,0.32515,10823098
1783209600000,0.32516,0.32566,0.32394,0.32427,15253158
1783224000000,0.32428,0.32499,0.32422,0.32492,6875560
1783238400000,0.32491,0.3259,0.32461,0.3259,13283121
1783252800000,0.3259,0.3303,0.3259,0.32916,71105065
1783267200000,0.32917,0.33004,0.32781,0.32822,20566789
1783281600000,0.32822,0.3293,0.32773,0.3293,13317541
1783296000000,0.3293,0.33016,0.32797,0.32871,25861573
1783310400000,0.32871,0.32949,0.32769,0.32786,18902412
1783324800000,0.32786,0.3279,0.32613,0.32766,33351959
1783339200000,0.32765,0.32851,0.32617,0.32751,32985842
1783353600000,0.32751,0.32906,0.32681,0.32839,16806795
1783368000000,0.32838,0.32983,0.32829,0.32965,12966232
1783382400000,0.32965,0.32995,0.32914,0.32981,17310428
1783396800000,0.32982,0.33083,0.32885,0.32929,18965732
1783411200000,0.32929,0.33098,0.32884,0.33097,18805578
1783425600000,0.33097,0.33215,0.33035,0.3316,21115868
1783440000000,0.33161,0.33289,0.33086,0.3316,24322080
1783454400000,0.33159,0.33188,0.33107,0.33153,11256554
1783468800000,0.33153,0.33199,0.32928,0.33053,24331829
1783483200000,0.33053,0.33063,0.32845,0.32952,24206834
1783497600000,0.32952,0.32961,0.32673,0.32736,33844231
1783512000000,0.32735,0.32911,0.32718,0.32837,22852569
1783526400000,0.32837,0.3305,0.32837,0.3299,19116493
1783540800000,0.3299,0.33028,0.328,0.32822,13574448
1783555200000,0.32823,0.32914,0.32759,0.3291,22427424
1783569600000,0.32908,0.33179,0.3289,0.3317,25585225
1783584000000,0.3317,0.33171,0.33042,0.33071,14073304
1783598400000,0.33072,0.33168,0.33014,0.3313,13625296
1783612800000,0.3313,0.33245,0.3312,0.33161,17583975
1783627200000,0.33162,0.33248,0.33138,0.33202,8750121
1783641600000,0.33202,0.33221,0.33104,0.33125,14266913
1783656000000,0.33126,0.33349,0.32993,0.33029,31489923
1783670400000,0.33028,0.33075,0.32913,0.32934,23020550
1783684800000,0.32935,0.33105,0.32924,0.33062,17400621
1783699200000,0.33062,0.331,0.32974,0.33075,10678266
1783713600000,0.33075,0.33091,0.33007,0.33023,7834225
1783728000000,0.33023,0.33041,0.32968,0.3298,8012886
1783742400000,0.32981,0.32997,0.32928,0.32933,9056684
1783756800000,0.32932,0.33083,0.32855,0.3305,23135848
1783771200000,0.3305,0.3316,0.3305,0.33116,13524609
1783785600000,0.33116,0.33123,0.33056,0.33067,6129816
1783800000000,0.33066,0.33098,0.32954,0.32966,10665193
1783814400000,0.32966,0.32993,0.32916,0.32992,11904492
1783828800000,0.32992,0.33,0.32941,0.3296,6411525
1783843200000,0.3296,0.33202,0.32936,0.33147,17199362
1783857600000,0.33146,0.332,0.33065,0.33094,15884794
1783872000000,0.33094,0.33164,0.33042,0.33151,10517706
1783886400000,0.33151,0.33163,0.33086,0.3313,10543767
1783900800000,0.33129,0.3322,0.33012,0.33035,21307328
1783915200000,0.33034,0.3307,0.32934,0.32961,15774431
1783929600000,0.32962,0.33041,0.32578,0.32726,33345281
1783944000000,0.32726,0.32727,0.32564,0.3259,28491479
1783958400000,0.32591,0.32625,0.32501,0.32566,21117103
1783972800000,0.32565,0.32576,0.32348,0.32423,28374951
1783987200000,0.32423,0.32499,0.32347,0.32494,17279924
1784001600000,0.32494,0.32545,0.32457,0.32498,51583407
1784016000000,0.32498,0.32549,0.32451,0.32547,10981812
1784030400000,0.32547,0.32637,0.32484,0.32554,26926410
1784044800000,0.32554,0.32556,0.3246,0.3252,15348162
1784059200000,0.3252,0.32613,0.3249,0.32573,12880324
1784073600000,0.32573,0.32689,0.32539,0.32689,11217266
1784088000000,0.32688,0.32817,0.32628,0.32754,15274195
1784102400000,0.32754,0.32863,0.32727,0.32792,17142655
1784116800000,0.32793,0.32869,0.3269,0.32754,22484525
1784131200000,0.32754,0.32774,0.32333,0.32388,57903869
1784145600000,0.32389,0.32516,0.32367,0.32433,9941943
1784160000000,0.32433,0.32476,0.32289,0.32327,16220897
1784174400000,0.32327,0.3246,0.32324,0.32388,10054760
1784188800000,0.32387,0.32396,0.32269,0.32304,19400252
1784203200000,0.32304,0.32366,0.32236,0.32326,16893340
1784217600000,0.32326,0.32327,0.32246,0.32289,9429539
1784232000000,0.32288,0.32349,0.32272,0.32289,7628959
1784246400000,0.32289,0.3237,0.32124,0.32142,16377935
1784260800000,0.32143,0.32294,0.32095,0.32221,28953382
1784275200000,0.32222,0.32278,0.32182,0.32254,13603592
1784289600000,0.32255,0.32334,0.32244,0.32272,14139325
1784304000000,0.32272,0.32345,0.32238,0.32258,14275890
1784318400000,0.32258,0.32291,0.32235,0.32248,8137227
1784332800000,0.32247,0.32286,0.32191,0.32193,5789343
1784347200000,0.32193,0.32215,0.32136,0.32209,6783865
1784361600000,0.32208,0.32376,0.32183,0.32356,16678479
1784376000000,0.32357,0.32408,0.32205,0.32246,14006773
1784390400000,0.32246,0.32575,0.32234,0.3256,47767605
1784404800000,0.3256,0.32619,0.32525,0.32559,14056865
1784419200000,0.3256,0.32618,0.32556,0.32586,9663323
1784433600000,0.32586,0.326,0.32512,0.32571,6744552
1784448000000,0.32572,0.32755,0.32559,0.32724,16848290
1784462400000,0.32724,0.32752,0.32673,0.32725,8332852
1784476800000,0.32724,0.3273,0.32638,0.32682,9144993
1784491200000,0.32682,0.3272,0.3266,0.32679,6581926
1784505600000,0.32678,0.3274,0.32604,0.32639,12809156
1784520000000,0.32638,0.32666,0.32579,0.32601,11572589
1784534400000,0.326,0.32666,0.32526,0.32601,17107638
1784548800000,0.32601,0.3261,0.32503,0.32555,22238165
1784563200000,0.32555,0.32695,0.32555,0.32678,18183349
1784577600000,0.32678,0.32703,0.32634,0.32676,7389542
1784592000000,0.32676,0.32691,0.32556,0.32589,10923567
1784606400000,0.32588,0.3267,0.32566,0.32659,10927120
1784620800000,0.3266,0.32776,0.32623,0.32733,18480775
1784635200000,0.32733,0.32908,0.32733,0.32852,26243144
1784649600000,0.32853,0.33022,0.32811,0.32926,30140905
1784664000000,0.32926,0.32969,0.32898,0.32959,9274113
1784678400000,0.32959,0.32979,0.32836,0.32872,14238958
1784692800000,0.32873,0.32919,0.32847,0.32902,8691354
1784707200000,0.32903,0.33045,0.32867,0.32995,19091253
1784721600000,0.32996,0.33019,0.32775,0.32826,21778486
1784736000000,0.32827,0.32865,0.32801,0.32848,8073688
1784750400000,0.32848,0.32882,0.32823,0.32878,7548073
1784764800000,0.32878,0.32922,0.32809,0.32838,11759150
1784779200000,0.32837,0.32934,0.32829,0.32906,8641186
1784793600000,0.32906,0.32906,0.32655,0.32723,30624852
1784808000000,0.32724,0.32724,0.32606,0.32641,19121723
1784822400000,0.32641,0.32716,0.32588,0.32709,10346729
1784836800000,0.32709,0.3288,0.32699,0.32876,14654472
1784851200000,0.32876,0.32894,0.32795,0.32893,14635101
1784865600000,0.32894,0.33133,0.32893,0.33128,30400183
1784880000000,0.33128,0.33178,0.33073,0.33138,20270710
1784894400000,0.33139,0.33145,0.32996,0.33015,22915609
1784908800000,0.33015,0.3324,0.33015,0.33216,13797697
1784923200000,0.33217,0.33228,0.33019,0.3307,10712188
1784937600000,0.33071,0.33111,0.32953,0.32992,15812636
1784952000000,0.32992,0.33012,0.32926,0.32934,9620847
1784966400000,0.32934,0.32989,0.32917,0.32976,6929812
1784980800000,0.32976,0.32992,0.32943,0.32985,7785720
1784995200000,0.32986,0.33332,0.3296,0.33042,47169643
1785009600000,0.33042,0.33152,0.33033,0.33146,6979309
1785024000000,0.33146,0.3324,0.33081,0.33102,12102167
1785038400000,0.33102,0.33133,0.33078,0.33079,6753561
1785052800000,0.33079,0.33241,0.33019,0.33216,12797524
1785067200000,0.33215,0.33283,0.33213,0.33265,9253631
1785081600000,0.33265,0.33286,0.33184,0.3319,7257061
1785096000000,0.3319,0.33235,0.33159,0.3323,8140078
1785110400000,0.33229,0.33229,0.33115,0.33132,10052116
1785124800000,0.33132,0.33214,0.33128,0.33128,8124073
1785139200000,0.33129,0.33177,0.32998,0.33041,13956533
1785153600000,0.33041,0.33097,0.32858,0.32858,27639027
1785168000000,0.32858,0.32864,0.3276,0.32778,20098769
1785182400000,0.32778,0.32796,0.32467,0.32468,29369853
1785196800000,0.32469,0.32484,0.3229,0.32431,36504369
1785211200000,0.32431,0.32525,0.32398,0.32509,13803876
1785225600000,0.32509,0.32605,0.32469,0.32497,19212467
1785240000000,0.32498,0.32533,0.32406,0.3243,15187095
1785254400000,0.32431,0.32456,0.32403,0.32422,12333483
1785268800000,0.32422,0.3249,0.32398,0.32459,12107871
1785283200000,0.32458,0.325,0.32411,0.3247,12516087
1785297600000,0.3247,0.32595,0.32449,0.32586,11695952
1785312000000,0.32585,0.32745,0.32558,0.32672,18586192
1785326400000,0.32673,0.3271,0.32616,0.32616,11750536
1785340800000,0.32617,0.32659,0.32512,0.32551,20130275
1785355200000,0.32551,0.32621,0.3252,0.32555,12675537
1785369600000,0.32555,0.32623,0.32529,0.3255,10668277
1785384000000,0.32549,0.3281,0.32547,0.3276,18655531
1785398400000,0.3276,0.32861,0.32736,0.32857,13692244
1785412800000,0.32857,0.32927,0.32784,0.32912,22280062
1785427200000,0.32912,0.3296,0.32835,0.32888,12814778
1785441600000,0.32888,0.32905,0.32834,0.32844,9385823
1785456000000,0.32843,0.32914,0.32765,0.32826,20299241
1785470400000,0.32826,0.32877,0.3282,0.32842,8934279
1785484800000,0.32842,0.32885,0.32577,0.32664,18886230
1785499200000,0.32664,0.32702,0.32578,0.32603,20214833
1785513600000,0.32604,0.32677,0.32585,0.326,12756320
1785528000000,0.32601,0.32644,0.32564,0.32584,9546923
1785542400000,0.32584,0.32712,0.32565,0.3266,11955545
1785556800000,0.3266,0.3276,0.32472,0.32719,18657655
1785571200000,0.32718,0.32803,0.32714,0.32779,11604512
1785585600000,0.32778,0.32843,0.32741,0.32832,8489829
1785600000000,0.32832,0.32923,0.32702,0.32745,22274295
1785614400000,0.32745,0.32783,0.32714,0.32779,6324680
1785628800000,0.32778,0.32863,0.32776,0.32803,13026463
1785643200000,0.32802,0.32842,0.32756,0.32819,9281755
1785657600000,0.32819,0.32819,0.32611,0.32626,15960708
1785672000000,0.32626,0.32784,0.32613,0.32733,9102297
1785686400000,0.32732,0.32767,0.3271,0.32724,6226667
1785700800000,0.32725,0.32736,0.32647,0.32669,8971621
1785715200000,0.32669,0.3267,0.3255,0.32584,16407695
1785729600000,0.32584,0.32622,0.32526,0.32551,8868442
1785744000000,0.32551,0.32817,0.32543,0.32756,23826823
1785758400000,0.32755,0.32952,0.32689,0.32887,30957108
1785772800000,0.32887,0.32945,0.32847,0.32888,16749423
1785787200000,0.32888,0.32904,0.32839,0.32881,7268228
1785801600000,0.32881,0.3293,0.32849,0.32875,16056327
1785816000000,0.32874,0.32944,0.32841,0.32941,10816971
1785830400000,0.32941,0.33055,0.32875,0.32925,19400063
1785844800000,0.32925,0.3301,0.3269,0.32835,34264815
1785859200000,0.32835,0.3311,0.32803,0.3286,39129208
1785873600000,0.32859,0.3287,0.32695,0.32709,23537532
1785888000000,0.32708,0.32709,0.32613,0.32642,22417840
1785902400000,0.32642,0.32727,0.32626,0.32727,10755070
1785916800000,0.32726,0.329,0.327,0.32845,21099327
1785931200000,0.32845,0.32863,0.32702,0.32746,25822134
1785945600000,0.32747,0.32833,0.32746,0.32779,16741523
1785960000000,0.32778,0.32796,0.32703,0.32728,9340185
1785974400000,0.32728,0.32877,0.32682,0.32699,16277909
1785988800000,0.32699,0.32725,0.32544,0.32713,25160222
1786003200000,0.32714,0.32746,0.32642,0.32713,11814173
1786017600000,0.32714,0.3281,0.32692,0.32738,15393397
1786032000000,0.32739,0.32772,0.32651,0.32686,11008708
1786046400000,0.32686,0.32727,0.32664,0.32692,5941138
1786060800000,0.32693,0.32809,0.32671,0.32756,14624463
1786075200000,0.32756,0.32793,0.32624,0.32678,14002845
1786089600000,0.32678,0.3282,0.32616,0.32793,11790325
1786104000000,0.32793,0.32837,0.32709,0.32748,19613430
1786118400000,0.32748,0.32801,0.32676,0.32714,11991463
1786132800000,0.32714,0.32746,0.32701,0.32745,4814688
1786147200000,0.32746,0.3278,0.3273,0.32761,9296887
1786161600000,0.3276,0.32776,0.32697,0.32708,7326852
1786176000000,0.32708,0.32947,0.32698,0.32866,15018204
1786190400000,0.32866,0.3291,0.32824,0.32867,10452562
1786204800000,0.32867,0.32887,0.32844,0.3287,5308647
1786219200000,0.3287,0.32932,0.32852,0.32882,4488719
1786233600000,0.32883,0.32986,0.32876,0.32978,12578884
1786248000000,0.32977,0.33025,0.32935,0.32938,11178947
1786262400000,0.32938,0.3299,0.32912,0.32989,12432463
1786276800000,0.3299,0.33012,0.32958,0.32976,6635877
1786291200000,0.32976,0.33008,0.32949,0.32964,6501469
1786305600000,0.32964,0.33024,0.32933,0.32968,8473238
1786320000000,0.32969,0.33084,0.32912,0.32978,15308004
1786334400000,0.32978,0.33009,0.3294,0.32974,7823932
1786348800000,0.32975,0.3317,0.32956,0.33145,22345132
1786363200000,0.33146,0.33181,0.3304,0.33071,28703748
1786377600000,0.33071,0.33117,0.3302,0.33077,13886586
1786392000000,0.33077,0.33097,0.33031,0.3306,7733918
1786406400000,0.3306,0.33126,0.33056,0.33115,10712497
1786420800000,0.33115,0.33213,0.33115,0.33197,16291013
1786435200000,0.33197,0.33757,0.33123,0.33639,59442576
1786449600000,0.33638,0.33707,0.33401,0.33476,50086908
1786464000000,0.33476,0.33536,0.33421,0.33506,21439675
1786478400000,0.33507,0.33531,0.3348,0.33501,6502784
1786492800000,0.335,0.33559,0.3333,0.33412,23145335
1786507200000,0.33411,0.33662,0.33404,0.33602,23042841
1786521600000,0.33601,0.3374,0.33545,0.33689,21499954
1786536000000,0.33688,0.33689,0.33526,0.33593,17527620
1786550400000,0.33592,0.33608,0.33534,0.33554,9736802
1786564800000,0.33554,0.33619,0.33551,0.33618,7848725
1786579200000,0.33618,0.3365,0.33546,0.33589,16737466
1786593600000,0.33589,0.33842,0.33546,0.33683,25036416
1786608000000,0.33683,0.33734,0.33335,0.33377,33313203
1786622400000,0.33378,0.3347,0.33364,0.33432,14862838
1786636800000,0.33432,0.33468,0.33276,0.33386,17060758
1786651200000,0.33385,0.33453,0.33377,0.33445,9101525
1786665600000,0.33444,0.33451,0.33365,0.3337,8929777
1786680000000,0.33369,0.33463,0.33336,0.33405,11834981
1786694400000,0.33404,0.33413,0.33279,0.33318,17042486
1786708800000,0.33317,0.3334,0.33219,0.33223,15816049
1786723200000,0.33223,0.33286,0.33141,0.33275,14584511
1786737600000,0.33275,0.33289,0.33217,0.33255,7925137
1786752000000,0.33255,0.33321,0.33173,0.33297,14938389
1786766400000,0.33297,0.33322,0.33218,0.33238,8338466
1786780800000,0.33238,0.33248,0.33058,0.3309,18518562
1786795200000,0.3309,0.33134,0.33065,0.33121,9587317
1786809600000,0.33121,0.33232,0.33112,0.3315,15851953
1786824000000,0.33149,0.33153,0.33096,0.33107,6583974
1786838400000,0.33106,0.3313,0.33066,0.33073,11282666
1786852800000,0.33073,0.33126,0.33073,0.3309,5565515
1786867200000,0.3309,0.3316,0.33069,0.33153,7418264
1786881600000,0.33153,0.33191,0.33109,0.33183,11340250
1786896000000,0.33183,0.33243,0.33149,0.33158,12970044
1786910400000,0.33158,0.33183,0.33084,0.33101,11400007
1786924800000,0.33102,0.3326,0.33096,0.33229,15007261
1786939200000,0.33229,0.33291,0.33206,0.33263,11775876
1786953600000,0.33263,0.33353,0.33209,0.33216,17698916
1786968000000,0.33217,0.33231,0.32933,0.32946,36429632
1786982400000,0.32946,0.33138,0.32805,0.33121,53399214
1786996800000,0.33121,0.33154,0.33093,0.33109,8808225
1787011200000,0.3311,0.33225,0.33062,0.33168,20829368
1787025600000,0.33167,0.33369,0.33124,0.33324,27963783
1787040000000,0.33325,0.3334,0.33218,0.33265,19132519
1787054400000,0.33264,0.33274,0.33109,0.33189,28868958
1787068800000,0.33188,0.33518,0.33188,0.33293,40923670
1787083200000,0.33293,0.33316,0.33258,0.33258,9277105
1787097600000,0.33258,0.33307,0.33143,0.3328,22905392
1787112000000,0.3328,0.33328,0.33261,0.33327,6379305
1787126400000,0.33327,0.33328,0.33226,0.33228,9436450
1787140800000,0.33228,0.33399,0.33197,0.33338,30252091
1787155200000,0.33338,0.33374,0.33136,0.33196,32746569
1787169600000,0.33196,0.3346,0.3319,0.33459,33161808
1787184000000,0.33459,0.33482,0.33194,0.33195,32521029
1787198400000,0.33195,0.33398,0.33191,0.33396,15478833
1787212800000,0.33396,0.33775,0.33391,0.33714,68586264
1787227200000,0.33714,0.33916,0.33657,0.33855,53707615
1787241600000,0.33856,0.34037,0.33854,0.33937,36385236
1787256000000,0.33938,0.3403,0.3368,0.33733,45878389
1787270400000,0.33733,0.33866,0.33726,0.3382,21972563
1787284800000,0.33819,0.33921,0.33756,0.33905,18236602
1787299200000,0.33906,0.34182,0.33888,0.34004,55856228
1787313600000,0.34005,0.34101,0.33941,0.33999,21401413
1787328000000,0.33999,0.3406,0.33959,0.34005,15842972
1787342400000,0.34005,0.3437,0.33994,0.3436,30828980
1787356800000,0.3436,0.34759,0.34327,0.34728,48466936
1787371200000,0.34728,0.35355,0.3272,0.34526,168913447
1787385600000,0.34526,0.34565,0.34186,0.34291,44984861
1787400000000,0.34292,0.34438,0.34268,0.34388,18836988
1787414400000,0.34388,0.34586,0.34387,0.34551,17556944
1787428800000,0.34551,0.34569,0.34406,0.34425,13465329
1787443200000,0.34424,0.34582,0.34287,0.34298,23669162
1787457600000,0.34299,0.34307,0.34182,0.34244,22785145
1787472000000,0.34245,0.34418,0.34166,0.34389,20534904
1787486400000,0.34388,0.34449,0.34292,0.34341,18499989
1787500800000,0.34341,0.34405,0.34313,0.34378,11622684
1787515200000,0.34377,0.34468,0.34343,0.34385,12164572
1787529600000,0.34385,0.3445,0.34274,0.34318,20691759
1787544000000,0.34319,0.34497,0.34319,0.3438,15262110
1787558400000,0.3438,0.34427,0.34281,0.34417,16805808
1787572800000,0.34417,0.34493,0.34309,0.34324,22438104
1787587200000,0.34325,0.34383,0.34259,0.3437,18001176
1787601600000,0.3437,0.34509,0.34309,0.34496,13980730
1787616000000,0.34496,0.34673,0.34458,0.34471,28493869
1787630400000,0.34471,0.34486,0.34354,0.34373,30810745
1787644800000,0.34373,0.34373,0.34153,0.34236,26834489
1787659200000,0.34236,0.34283,0.34111,0.34183,26061387
1787673600000,0.34183,0.34184,0.33803,0.33825,39743318
1787688000000,0.33826,0.33826,0.33546,0.33598,41458155
1787702400000,0.33599,0.3377,0.33489,0.3372,35231518
1787716800000,0.33719,0.33912,0.33693,0.33696,26311892
1787731200000,0.33695,0.33812,0.33479,0.33525,31240355
1787745600000,0.33526,0.33597,0.3339,0.33425,31319604
1787760000000,0.33424,0.33582,0.33388,0.33561,21591705
1787774400000,0.33562,0.33631,0.33489,0.33586,20502068
1787788800000,0.33587,0.33593,0.33323,0.33412,29226635
1787803200000,0.33412,0.33496,0.33375,0.33495,17192358
1787817600000,0.33496,0.33676,0.33488,0.33668,32201224
1787832000000,0.33668,0.33838,0.33653,0.33715,34051841
1787846400000,0.33715,0.3385,0.33645,0.33742,34658344
1787860800000,0.33743,0.33778,0.33702,0.33749,6947661
1787875200000,0.33749,0.33952,0.33723,0.33833,25895336
1787889600000,0.33833,0.3402,0.33814,0.33949,18347535
1787904000000,0.33948,0.34111,0.33824,0.34086,31579246
1787918400000,0.34087,0.34171,0.33943,0.33965,41681947
1787932800000,0.33965,0.34133,0.3384,0.34112,44457862
1787947200000,0.34111,0.34221,0.34067,0.34117,14965373
1787961600000,0.34117,0.34212,0.3402,0.34025,22987968
1787976000000,0.34025,0.34045,0.33739,0.33878,31324136
1787990400000,0.33878,0.33895,0.33804,0.33827,13856706
1788004800000,0.33827,0.33868,0.33784,0.33809,12321823
1788019200000,0.33808,0.33927,0.33769,0.33918,15479294
1788033600000,0.33918,0.34103,0.33899,0.34073,14419326
1788048000000,0.34073,0.34096,0.33949,0.34002,16745828
1788062400000,0.34002,0.34114,0.33995,0.34055,12096786
1788076800000,0.34055,0.34067,0.3402,0.34049,7463295
1788091200000,0.34049,0.34079,0.33985,0.33997,11893506
1788105600000,0.33997,0.34143,0.33992,0.34018,17325669
1788120000000,0.34018,0.34019,0.33557,0.33593,37656272
1788134400000,0.33593,0.33639,0.33501,0.33612,29626380
1788148800000,0.33613,0.33716,0.33591,0.3367,18563416
1788163200000,0.3367,0.3367,0.33388,0.33406,34034503
1788177600000,0.33406,0.33477,0.33112,0.3327,42266144
1788192000000,0.3327,0.33395,0.33239,0.33327,19224400
1788206400000,0.33327,0.33336,0.33206,0.33223,14431473
1788220800000,0.33222,0.33223,0.3312,0.33187,26715918
1788235200000,0.33188,0.33205,0.33102,0.33154,16359605
1788249600000,0.33154,0.33154,0.32722,0.32839,54182741
1788264000000,0.3284,0.3284,0.32333,0.32391,108023496
1788278400000,0.32391,0.32391,0.32075,0.32324,74476702
1788292800000,0.32323,0.32325,0.32145,0.32181,23301099
1788307200000,0.32181,0.32193,0.32076,0.32142,24213521
1788321600000,0.32142,0.32344,0.32128,0.32263,26026519
1788336000000,0.32262,0.323,0.32156,0.32271,25225195
1788350400000,0.32272,0.32548,0.32255,0.32395,38704829
1788364800000,0.32396,0.32471,0.32306,0.32406,13911136
1788379200000,0.32405,0.32507,0.32389,0.32489,9944382
1788393600000,0.32488,0.32573,0.32416,0.32572,17850574
1788408000000,0.32572,0.32637,0.32519,0.32592,15577091
1788422400000,0.32591,0.32846,0.32586,0.32765,31017544
1788436800000,0.32764,0.33184,0.32746,0.33149,55376674
1788451200000,0.33149,0.33199,0.33053,0.33117,30278661
1788465600000,0.33117,0.3318,0.33009,0.33039,16452102
1788480000000,0.3304,0.3305,0.32885,0.3289,20591588
1788494400000,0.3289,0.32904,0.32742,0.32767,22651651
1788508800000,0.32767,0.32955,0.32719,0.32952,31980670
1788523200000,0.32952,0.33014,0.3273,0.33006,44963730
1788537600000,0.33006,0.33183,0.32996,0.33142,22299553
1788552000000,0.33141,0.33166,0.33063,0.33119,12292850
1788566400000,0.33119,0.33192,0.33108,0.33179,12059833
1788580800000,0.33179,0.3336,0.33138,0.33246,15733137
1788595200000,0.33245,0.33301,0.33151,0.33298,14470765
1788609600000,0.33298,0.33416,0.33252,0.33412,12622286
1788624000000,0.33412,0.33448,0.33356,0.33379,11543950
1788638400000,0.33379,0.33467,0.33356,0.33361,9747820
1788652800000,0.33361,0.33436,0.33267,0.33272,13010966
1788667200000,0.33272,0.33371,0.33258,0.33344,12080002
1788681600000,0.33345,0.33516,0.33314,0.3348,12879250
1788696000000,0.3348,0.33552,0.33457,0.3351,12738970
1788710400000,0.3351,0.33533,0.33466,0.33467,8418457
1788724800000,0.33467,0.33617,0.33458,0.33487,10525481
1788739200000,0.33488,0.33562,0.33475,0.33548,11907701
1788753600000,0.33548,0.33731,0.33548,0.33632,17722795
1788768000000,0.33633,0.33684,0.33606,0.33618,9142719
1788782400000,0.33617,0.33633,0.33317,0.33354,34685156
1788796800000,0.33353,0.33445,0.33333,0.33438,11310460
1788811200000,0.33438,0.33461,0.33375,0.33436,6521081
1788825600000,0.33437,0.33513,0.33365,0.33484,14776980
1788840000000,0.33484,0.33887,0.33465,0.33792,31794720
1788854400000,0.33792,0.33914,0.33705,0.33845,39544587
1788868800000,0.33845,0.33999,0.33799,0.33916,24664747
1788883200000,0.33915,0.3397,0.33801,0.33811,17507972
1788897600000,0.3381,0.33904,0.33758,0.33857,11694038
1788912000000,0.33857,0.33939,0.33828,0.33896,17247608
1788926400000,0.33897,0.33936,0.33764,0.33912,18092174
1788940800000,0.33912,0.33932,0.33852,0.33907,11557260
1788955200000,0.33908,0.33918,0.33751,0.33813,19165417
1788969600000,0.33812,0.34055,0.33811,0.33926,22305927
1788984000000,0.33927,0.33958,0.3378,0.33871,15268040
1788998400000,0.33873,0.33991,0.33795,0.33936,24288604
1789012800000,0.33935,0.34051,0.33908,0.33942,17147320
1789027200000,0.33941,0.34063,0.33876,0.34015,18862680
1789041600000,0.34014,0.34055,0.33758,0.33886,34686899
1789056000000,0.33886,0.33976,0.33772,0.33936,17608972
1789070400000,0.33936,0.34099,0.3389,0.33979,17395259
1789084800000,0.33979,0.34097,0.33928,0.33977,17580893
1789099200000,0.33977,0.33986,0.33785,0.33833,22527606
1789113600000,0.33834,0.33876,0.3358,0.33607,26687801
1789128000000,0.33608,0.33773,0.33448,0.3351,49046159
1789142400000,0.33509,0.33662,0.33475,0.33662,20390671
1789156800000,0.33661,0.33993,0.3363,0.3384,37686736
1789171200000,0.3384,0.3396,0.33823,0.33939,17079210
1789185600000,0.3394,0.34402,0.33849,0.33936,45319219
1789200000000,0.33936,0.34075,0.33913,0.34067,8890757
1789214400000,0.34066,0.34099,0.33912,0.33977,13139806
1789228800000,0.33978,0.34027,0.3393,0.33948,8053603
1789243200000,0.33948,0.33995,0.33938,0.33964,4302377
1789257600000,0.33963,0.34057,0.33899,0.33926,12334440
1789272000000,0.33926,0.3399,0.33909,0.33963,7114462
1789286400000,0.33962,0.34111,0.33931,0.34063,14051612
1789300800000,0.34063,0.34133,0.34033,0.34114,12358858
1789315200000,0.34113,0.3415,0.3408,0.34104,8392230
1789329600000,0.34104,0.34137,0.33802,0.33805,25697416
1789344000000,0.33805,0.33889,0.33724,0.33874,27784027
1789358400000,0.33873,0.3399,0.33836,0.33897,13702170
1789372800000,0.33897,0.34042,0.33874,0.33983,21404440
1789387200000,0.33982,0.34108,0.3394,0.33968,28355396
1789401600000,0.33967,0.34197,0.33941,0.3401,31165225
1789416000000,0.34011,0.34083,0.33772,0.33774,25046955
1789430400000,0.33774,0.33792,0.33689,0.33737,19657334
1789444800000,0.33736,0.33832,0.33714,0.33743,17758743
1789459200000,0.33743,0.33904,0.337,0.33842,16101801
1789473600000,0.33842,0.33875,0.33534,0.33555,25407006
1789488000000,0.33555,0.33638,0.3308,0.33276,45131930
1789502400000,0.33277,0.33346,0.33153,0.33276,17573794
1789516800000,0.33275,0.33326,0.33186,0.33309,17700577
1789531200000,0.33309,0.33526,0.33309,0.3349,23122726
1789545600000,0.3349,0.33531,0.33382,0.33526,23711043
1789560000000,0.33526,0.33577,0.33422,0.33558,17181348
1789574400000,0.33559,0.33606,0.33469,0.33561,21187193
1789588800000,0.3356,0.33614,0.33497,0.33547,11740732
1789603200000,0.33547,0.33605,0.33546,0.33595,9408812
1789617600000,0.33595,0.33595,0.33514,0.33515,6955480
1789632000000,0.33514,0.33523,0.33419,0.33425,13234150
1789646400000,0.33425,0.3349,0.33367,0.33398,19413895
1789660800000,0.33397,0.33496,0.33325,0.33488,20940289
1789675200000,0.33488,0.33531,0.33423,0.33467,12513607
1789689600000,0.33466,0.3363,0.3344,0.33611,16736654
1789704000000,0.33611,0.33647,0.33566,0.33642,12223505
1789718400000,0.33642,0.33765,0.33613,0.33762,17007404
1789732800000,0.33763,0.33949,0.33757,0.33941,28111831
1789747200000,0.33942,0.33986,0.33786,0.33863,27670396
1789761600000,0.33862,0.33894,0.33807,0.33823,14335902
1789776000000,0.33823,0.33897,0.33772,0.33862,23633419
1789790400000,0.33863,0.33879,0.33733,0.33772,22630513
1789804800000,0.33771,0.33829,0.33688,0.33785,13120754
1789819200000,0.33785,0.33824,0.33741,0.33792,14626796
1789833600000,0.33791,0.33966,0.33784,0.33932,26135536
1789848000000,0.33933,0.3407,0.33896,0.33973,20137042
1789862400000,0.33974,0.3408,0.33883,0.33992,26342380
1789876800000,0.33992,0.34177,0.33938,0.34168,23608817
1789891200000,0.34168,0.34304,0.3412,0.34238,31425266
1789905600000,0.34237,0.34704,0.342,0.34439,54958789
1789920000000,0.3444,0.34464,0.34286,0.34287,23566419
1789934400000,0.34286,0.343,0.34233,0.34239,15501879
1789948800000,0.34239,0.34353,0.34238,0.34302,25907076
1789963200000,0.34302,0.34389,0.34241,0.34311,15180628
1789977600000,0.3431,0.34478,0.3429,0.34413,27469357
1789992000000,0.34413,0.34587,0.34347,0.34507,41447903
1790006400000,0.34507,0.3453,0.34356,0.34419,20707685
1790020800000,0.3442,0.3446,0.34368,0.34458,9954727
1790035200000,0.34459,0.34873,0.34452,0.348,55906762
1790049600000,0.348,0.34922,0.34768,0.34834,32508350
1790064000000,0.34834,0.34919,0.3453,0.34567,34359754
1790078400000,0.34566,0.346,0.341,0.34124,69878544
1790092800000,0.34124,0.34176,0.34002,0.34139,40144919
1790107200000,0.34139,0.34202,0.34114,0.34184,25723560
1790121600000,0.34184,0.34505,0.34163,0.34406,35483885
1790136000000,0.34406,0.34454,0.34338,0.34379,17235859
1790150400000,0.3438,0.34392,0.3418,0.34267,25425792
1790164800000,0.34268,0.34271,0.33914,0.33929,46757025
1790179200000,0.33929,0.34076,0.33803,0.34039,32785621
1790193600000,0.34038,0.34207,0.3398,0.342,17386089
1790208000000,0.34199,0.34385,0.34199,0.34374,29973378
1790222400000,0.34375,0.34384,0.3428,0.34312,15350225
1790236800000,0.34313,0.34319,0.33831,0.33937,40957773
1790251200000,0.33938,0.34096,0.33856,0.33877,33580412
1790265600000,0.33877,0.34149,0.33861,0.34037,29778878
1790280000000,0.34037,0.34056,0.33965,0.34005,9463754
1790294400000,0.34005,0.34011,0.33769,0.33827,29393365
1790308800000,0.33826,0.33899,0.33783,0.33835,16029396
1790323200000,0.33835,0.33837,0.3366,0.33696,27326057
1790337600000,0.33697,0.33743,0.3359,0.33642,27985540
1790352000000,0.33641,0.33784,0.33514,0.33732,22379269
1790366400000,0.33732,0.33819,0.3371,0.33803,14128012
1790380800000,0.33802,0.33812,0.33712,0.33724,12593010
1790395200000,0.33724,0.33754,0.33681,0.33691,9951890
1790409600000,0.33691,0.33701,0.33644,0.33652,9916953
1790424000000,0.33653,0.33687,0.33572,0.33651,14096329
1790438400000,0.33651,0.33652,0.33573,0.33577,8841707
1790452800000,0.3358,0.33584,0.33363,0.33403,22680623
1790467200000,0.33402,0.33403,0.33165,0.33245,37007218
1790481600000,0.33245,0.3334,0.33205,0.33334,16964605
1790496000000,0.33334,0.33425,0.333,0.33393,19824041
1790510400000,0.33394,0.33416,0.33297,0.33358,13885009
1790524800000,0.33358,0.33448,0.33321,0.3337,12804233
1790539200000,0.33369,0.33374,0.33269,0.3331,12225134
1790553600000,0.33309,0.33448,0.33281,0.33386,21127375
1790568000000,0.33386,0.33402,0.3326,0.33342,18377569
1790582400000,0.33341,0.33433,0.33323,0.33381,19621423
1790596800000,0.33382,0.33572,0.33318,0.33437,33068131
1790611200000,0.33436,0.33651,0.33376,0.33594,24274733
1790625600000,0.33594,0.33618,0.33524,0.3353,10634183
1790640000000,0.3353,0.3355,0.33329,0.33426,20630632
1790654400000,0.33426,0.33614,0.33367,0.33548,18803709
1790668800000,0.33548,0.33599,0.33495,0.33527,16238872
1790683200000,0.33527,0.3356,0.33357,0.33367,18550368
1790697600000,0.33366,0.3354,0.33362,0.33476,14487482
1790712000000,0.33476,0.3351,0.33415,0.3342,8002648
1790726400000,0.3342,0.33634,0.33371,0.33586,17873646
1790740800000,0.33586,0.33834,0.33566,0.33826,27923252
1790755200000,0.33826,0.34086,0.33762,0.34038,40574980
1790769600000,0.34038,0.34083,0.33808,0.3384,42177052
1790784000000,0.3384,0.33862,0.33711,0.33786,16889418
1790798400000,0.33786,0.33806,0.33705,0.33723,9677658
1790812800000,0.33722,0.33847,0.33722,0.33846,14671686
1790827200000,0.33846,0.33847,0.33707,0.33744,12413548
1790841600000,0.33744,0.33756,0.33144,0.33195,72504193
1790856000000,0.33194,0.33387,0.33122,0.3337,42964141
1790870400000,0.33371,0.33625,0.33362,0.33597,27811718
1790884800000,0.33597,0.33615,0.33441,0.33445,9795600
